time,right_s0,right_s1,right_e0,right_e1,right_w0,right_w1,right_w2
0.429494,1.10454375881,-0.822156990738,-0.0397416062878,1.41437321256,-0.00791347361998,0.838806106804,0.267291191777
0.439480,1.10480002661,-0.822249528843,-0.0393289507989,1.41454859256,-0.00724177374258,0.839486429348,0.268977607083
0.449466,1.10537643587,-0.821712516975,-0.039538119219,1.41468558793,-0.00632198297438,0.839710251219,0.270000316443
0.459452,1.10627928236,-0.821384803406,-0.0400324936422,1.41535425661,-0.00531884559431,0.840159035678,0.271019629548
0.469438,1.10694654214,-0.821039287553,-0.0399775024443,1.41641800593,-0.00452062424348,0.840983454662,0.272542828573
0.479424,1.1075882349,-0.820532842969,-0.0401142939312,1.41689631225,-0.00422842160574,0.841964299515,0.273677311615
0.489409,1.10820158833,-0.820302648286,-0.0402560889231,1.41711654819,-0.00387506584318,0.842373725701,0.274785938875
0.499395,1.10854964488,-0.820508385883,-0.0401696783296,1.41744055503,-0.00342550286203,0.842598196313,0.275939788591
0.509381,1.108770034,-0.820551051806,-0.0400535639538,1.41791630111,-0.00282642397183,0.843178972326,0.276882932658
0.519367,1.10916659676,-0.820169687445,-0.0401410744163,1.41849022343,-0.00199137383633,0.843854542295,0.278013310666
0.529353,1.10976827296,-0.819681332974,-0.040442986095,1.41896963024,-0.00114255779373,0.844338027317,0.279435171938
0.539339,1.11036028527,-0.819368950643,-0.0405889095063,1.41926289609,-0.000456414233314,0.844775056574,0.280634027297
0.549325,1.11081492827,-0.819274791166,-0.0402082317012,1.41955708336,0.0002044192131,0.845198483576,0.28160784839
0.559311,1.11123610677,-0.819121748163,-0.0398284734727,1.41986182346,0.000817702475645,0.84560991231,0.282477309847
0.569297,1.11164383196,-0.818815078375,-0.0398691826948,1.42025811497,0.00122884478845,0.846009585669,0.283520521015
0.579283,1.11206014602,-0.818750521634,-0.0396045567051,1.42085339315,0.00213212488862,0.846397742241,0.284877372201
0.589268,1.11269272738,-0.818789707118,-0.0390630915231,1.42086497139,0.00281973723993,0.846774616385,0.285632563293
0.599254,1.11323055591,-0.818662401073,-0.0391497327581,1.42112649074,0.00283825620269,0.84713989315,0.285890253633
0.609240,1.11326549522,-0.81851136396,-0.0396966780122,1.42178883441,0.00303884403296,0.847494161433,0.28659164642
0.619226,1.11351369509,-0.818139976044,-0.039618499622,1.42234713811,0.00354983083495,0.847503854297,0.287371077814
0.629212,1.11383578739,-0.817815004416,-0.0394467169248,1.42235384078,0.00428488569266,0.847770053139,0.288138388692
0.639198,1.11425392578,-0.817898956082,-0.0397525643228,1.42262519774,0.00488597061876,0.84861415211,0.289068609931
0.649184,1.11474894275,-0.817916519131,-0.0399022603812,1.42295419096,0.00522375712674,0.848883942987,0.289976861977
0.659170,1.11491803202,-0.817889369736,-0.0397423259237,1.42322996901,0.00554615415803,0.848802344366,0.29044087349
0.669156,1.11471675182,-0.817865493037,-0.0396314946661,1.42334830949,0.00606203402758,0.848924622201,0.29089331085
0.679142,1.11470062682,-0.817577914184,-0.039544150592,1.42326795457,0.00670828165786,0.849396745085,0.291777097266
0.689128,1.11502290538,-0.817133824381,-0.0394722886495,1.42329336492,0.00707798221842,0.849812180262,0.292650460678
0.699113,1.11532075709,-0.816970465111,-0.0395929363386,1.42362905779,0.00712179623177,0.849864171529,0.293032880465
0.709099,1.11555696634,-0.817008083078,-0.0397376291697,1.42404046765,0.00739297561109,0.849962402067,0.293328402521
0.719085,1.11588612837,-0.816930916087,-0.0397564110434,1.42436687266,0.00788764918245,0.850265190814,0.294006226913
0.729071,1.11632434045,-0.816977850042,-0.0397286411129,1.42449727481,0.00822505828769,0.850258788791,0.294693367716
0.739057,1.11669453816,-0.816896078297,-0.0395897425324,1.42446908659,0.0086691515831,0.850116159455,0.295289068927
0.749043,1.11641590363,-0.816676093225,-0.0393965293218,1.42467309676,0.00875405325852,0.850283189758,0.295744967339
0.759029,1.11652264308,-0.81637860476,-0.0397214737925,1.42480803229,0.00875541617362,0.850742893431,0.296155673882
0.769015,1.11695573325,-0.816129739844,-0.0399649455381,1.4252673274,0.00915255014997,0.851238846145,0.296492773033
0.779001,1.11754447816,-0.816063175794,-0.0396317481665,1.42568144778,0.00946127263547,0.85134613137,0.297237138711
0.788987,1.11785750765,-0.816199594238,-0.0395466036282,1.42581281535,0.00972393755957,0.851490407893,0.297781029865
0.798972,1.11805474105,-0.815980898617,-0.0395919689465,1.42560446319,0.0100650058838,0.851668508999,0.298117982403
0.808958,1.11822679543,-0.815832995126,-0.0397852645239,1.42539274242,0.010396169012,0.851934129721,0.298248278723
0.818944,1.11831285736,-0.816000023553,-0.0398620374151,1.42558112966,0.0104671770369,0.852282166541,0.29835630976
0.828930,1.11837030389,-0.816128793082,-0.0398807584853,1.42596228689,0.0103546660047,0.852556080929,0.298735812125
0.838916,1.11856458261,-0.816036627053,-0.0398762372706,1.42629253424,0.0103248021529,0.852672256568,0.299329798137
0.848902,1.11881577571,-0.815869723013,-0.0398670819658,1.42654494005,0.0106391376913,0.852721787699,0.29981760545
0.858888,1.11897531016,-0.815912222094,-0.0397817404461,1.42665366982,0.0112523375807,0.85283451724,0.300149624907
0.868874,1.11910593575,-0.816196518977,-0.0395428049052,1.42660445215,0.0117266094668,0.852953610119,0.300432855734
0.878860,1.11925929784,-0.816241435332,-0.0394899870842,1.4265742192,0.0118796054981,0.852983551283,0.300586352257
0.888846,1.11944466172,-0.816042166198,-0.0396493178084,1.42663856303,0.012101765621,0.853172128806,0.300807195873
0.898832,1.1193763234,-0.816079515087,-0.0397674941978,1.42687161177,0.0123471180416,0.853230931105,0.300935604088
0.908817,1.1191750235,-0.815810539954,-0.0395886759517,1.42688951896,0.0123056676635,0.853113065587,0.300993973882
0.918803,1.11944723539,-0.815238753469,-0.0390136891581,1.42701492396,0.012578733013,0.85323301773,0.301308882576
0.928789,1.11941543183,-0.815025386574,-0.0390045828874,1.42734499963,0.0124025177227,0.853524570493,0.301846838132
0.938775,1.11934932443,-0.815229312408,-0.0394056120951,1.42721685089,0.011946326295,0.853617014378,0.302193148021
0.948761,1.11953991347,-0.815337629017,-0.0398514346846,1.42735369125,0.0120768976183,0.85335328535,0.302371447922
0.958747,1.12000529642,-0.815199620055,-0.0398211853995,1.42770771603,0.01262744281,0.853938628554,0.302582390869
0.968733,1.12014020706,-0.815006416566,-0.0394846437744,1.42756842497,0.0129126768753,0.854226762167,0.302906084985
0.978719,1.12015491857,-0.814863768066,-0.0392924246076,1.42738462717,0.0127912955049,0.854094779787,0.303193700812
0.988705,1.12013000064,-0.814824466072,-0.0393270025288,1.42746943447,0.0127627698971,0.854209556276,0.303110994926
0.998691,1.12008523848,-0.81485494583,-0.0393629600006,1.42761645933,0.0129126574467,0.854455483662,0.303105291909
1.008676,1.12005942835,-0.815037835184,-0.0392291234051,1.42768611791,0.0129105487274,0.854512188307,0.303296595217
1.018662,1.11996679673,-0.815266057941,-0.0391272151304,1.42773087193,0.0128180856394,0.854380684109,0.303426145249
1.028648,1.11992326646,-0.815378717033,-0.0392203043239,1.42777081611,0.0130421999283,0.854144944574,0.303471932415
1.038634,1.12019523639,-0.815578473021,-0.0393153863765,1.42777545588,0.0134378367018,0.854069086615,0.303270696415
1.048620,1.12040906096,-0.815630472901,-0.0395625959746,1.4276972447,0.0133823961177,0.854351707299,0.303067297445
1.058606,1.12034977099,-0.815342731149,-0.0397793502719,1.42769045059,0.0132093453515,0.854741825879,0.303167709699
1.068592,1.12017021419,-0.815371726928,-0.0395393764112,1.42798881892,0.0136342157366,0.854734900816,0.303445116254
1.078578,1.11991831798,-0.815553331981,-0.0391830026021,1.42825348929,0.0138464593787,0.854462132798,0.303277104681
1.088564,1.11988048054,-0.815353024962,-0.0390522394539,1.42820223948,0.0137322057016,0.854483874689,0.303318662395
1.098550,1.12048563596,-0.814952581618,-0.03919120893,1.42802504061,0.0137161861333,0.854741343396,0.303806141295
1.108535,1.12076534665,-0.814814808312,-0.0392494552218,1.42797316267,0.013839890957,0.854801001887,0.304254691667
1.118521,1.12069184318,-0.814974927004,-0.0393544600669,1.42806634095,0.0138619968326,0.854955849225,0.304373598019
1.128507,1.12053845355,-0.815241432701,-0.0396222665514,1.42833793699,0.013608707733,0.854965366708,0.304046727381
1.138493,1.12027143637,-0.815254031967,-0.0397368142707,1.42853250755,0.0136846661651,0.854903841359,0.303866380214
1.148479,1.12006462153,-0.815040396948,-0.0395273750916,1.42841916218,0.0140225152159,0.854981858068,0.304134419068
1.158465,1.12013855896,-0.814748531324,-0.0394305776211,1.4281610078,0.0140527940594,0.855088507783,0.304391673873
1.168451,1.12032258281,-0.814693419072,-0.0395145282043,1.42811298986,0.0139323046009,0.855068211039,0.304318799545
1.178437,1.12037873614,-0.814926517674,-0.0393526783566,1.42827591642,0.0139310372989,0.854831754766,0.304198256894
1.188423,1.12044790591,-0.815198195624,-0.0390419293031,1.42830915811,0.0139019829173,0.854518005444,0.304274641337
1.198409,1.12062593238,-0.815487480508,-0.0391047917221,1.4281666771,0.0139397288525,0.854583882481,0.304321526491
1.208395,1.12059594869,-0.815646140042,-0.0393998711814,1.42814240544,0.0139641367311,0.855031955965,0.304086262283
1.218380,1.12044406565,-0.815286999563,-0.0396198528448,1.42809520908,0.0135937759574,0.855220147696,0.303682273501
1.228366,1.12021103975,-0.814786122226,-0.0396618556684,1.42806363751,0.0137814511981,0.855061037633,0.303699379655
1.238352,1.11949969421,-0.814842615613,-0.0395541895461,1.4275490095,0.0141089358034,0.854742436599,0.303919306875
1.248338,1.11961293187,-0.81539891452,-0.0394686601867,1.42698932836,0.0137181640357,0.854986444141,0.304262124609
1.258324,1.12026031854,-0.815355023499,-0.0396124920853,1.42720523575,0.0133947150472,0.855071222029,0.304307203477
1.268310,1.12041283657,-0.815106654188,-0.0395743212417,1.42760427411,0.0132829027136,0.855068065814,0.304148933296
1.278296,1.1202058821,-0.815245257049,-0.0394023420361,1.42773704872,0.013237313887,0.854956354506,0.30398166741
1.288282,1.12027652058,-0.815322520069,-0.0393211092495,1.42756108781,0.0132857491882,0.854928181933,0.303736577963
1.298268,1.12039263831,-0.815098630253,-0.0393081903287,1.42733853962,0.0134194664229,0.85500032146,0.303286891768
1.308254,1.12023267064,-0.815136444554,-0.0393821687568,1.42742854876,0.0134818712007,0.854830395997,0.303209906297
1.318239,1.12006127124,-0.815336092243,-0.0396762153265,1.42764029687,0.0134593291688,0.854553820105,0.303229636925
1.328225,1.12012021894,-0.815266168825,-0.039893247139,1.42775264194,0.0133560542844,0.854373972215,0.302888408571
1.338211,1.12020665346,-0.815187074005,-0.0397396854511,1.42779599993,0.0131551851685,0.854259632203,0.302704618801
1.348197,1.12013398896,-0.815226081908,-0.0396210057236,1.42780510625,0.0130405702582,0.854134750002,0.302965139923
1.358183,1.11995862455,-0.815038370722,-0.0397733959529,1.42765445647,0.0131576405323,0.854035212209,0.302985690428
1.368169,1.11969336324,-0.815061647387,-0.039621846944,1.42732954357,0.013187528769,0.854009370827,0.302758656696
1.378155,1.11951099836,-0.815437790463,-0.0395409776896,1.42733070293,0.0129935778323,0.853892270312,0.302690892314
1.388141,1.11936963383,-0.815862898262,-0.0396558052907,1.42733545886,0.0130259734488,0.854297076474,0.302356925087
1.398127,1.11958626662,-0.815615492048,-0.0394862690072,1.42739699436,0.0130081499239,0.854762070627,0.301743343711
1.408113,1.11940460161,-0.815194206021,-0.0392067940944,1.42743416891,0.0129443410826,0.85457192236,0.301530216856
1.418099,1.11906205465,-0.814989001749,-0.0392921333464,1.42713514749,0.0130927731278,0.854391312981,0.301942387175
1.428084,1.11905746301,-0.814907284162,-0.0393484292018,1.42693272539,0.0131033799573,0.854364575377,0.302211554716
1.438070,1.11923319671,-0.815039835967,-0.0394551893011,1.42697872454,0.0127200273581,0.854197964404,0.301963755986
1.448056,1.11936496275,-0.815135992254,-0.0394675104408,1.42690921782,0.0126820252129,0.854163487547,0.30166963728
1.458042,1.11914088729,-0.815255653095,-0.0392205125723,1.42653839836,0.0126684443173,0.854192733483,0.301586091996
1.468028,1.1189743141,-0.815449189839,-0.0391792067972,1.42625665163,0.0124507643107,0.85407873432,0.30152070234
1.478014,1.11889223075,-0.815461875819,-0.0394603752566,1.42643161545,0.0122674094435,0.853937130539,0.301392231157
1.488000,1.11868781857,-0.815261590355,-0.0396536953524,1.42668717703,0.0122147357851,0.853858326195,0.301183271291
1.497986,1.11857492598,-0.815123082332,-0.0396670765844,1.4266687523,0.0123250290624,0.853851236901,0.30083039999
1.507972,1.11871480194,-0.815123155121,-0.0397711675605,1.42647126439,0.0124939323516,0.853937069304,0.300429722655
1.517958,1.11882843873,-0.81520581177,-0.0399044653093,1.42625694873,0.0123830773874,0.854033537592,0.300212714921
1.527943,1.11877233601,-0.815425621188,-0.0398381042853,1.42612020669,0.0119930050664,0.853994812868,0.300134793553
1.537929,1.11857235697,-0.815440454911,-0.0397993373763,1.42595019129,0.0117290068086,0.853834935135,0.299931610724
1.547915,1.11834265566,-0.815282802243,-0.0397879388107,1.42581202467,0.0117878969306,0.853730087431,0.299825944231
1.557901,1.11841764125,-0.815395143941,-0.0396787781793,1.42576119536,0.0114693017348,0.853912490312,0.29998012168
1.567887,1.11840878501,-0.815476590405,-0.039485871827,1.42544482992,0.0111652666152,0.853996758456,0.299920201749
1.577873,1.11817132872,-0.815509039387,-0.0395400679896,1.42502051386,0.0111912351589,0.853691724532,0.299645689675
1.587859,1.11827257266,-0.815439607886,-0.0396296949257,1.4246892416,0.0115033741657,0.85357718742,0.299380073833
1.597845,1.1180236463,-0.815285115415,-0.0395266011317,1.42453401366,0.0115400838113,0.853797275278,0.29931107958
1.607831,1.11789431056,-0.815315236583,-0.0395446004375,1.42445155802,0.0116651844481,0.853891498707,0.299034396818
1.617817,1.11802969117,-0.815345489991,-0.039705750954,1.42446037559,0.0117441747381,0.853782966752,0.298681997197
1.627803,1.1182156816,-0.815217537789,-0.0398143674131,1.42455794813,0.0115351284427,0.853552804184,0.298696947145
1.637788,1.11827004283,-0.815335299017,-0.0398442010943,1.42447347915,0.01119007447,0.8532449963,0.298852406092
1.647774,1.11810084327,-0.815686684112,-0.0397931352024,1.42417932222,0.0110557546432,0.853011590925,0.298847191781
1.657760,1.11786908017,-0.81581398741,-0.0396491828126,1.42394533109,0.0111703215184,0.853126598788,0.298548234687
1.667746,1.11788646908,-0.815594249861,-0.0395993492093,1.42379963408,0.0112084764265,0.853365889442,0.297978862377
1.677732,1.11803237938,-0.815303687343,-0.0397286573815,1.42361521884,0.0110033027638,0.853351223955,0.297514944415
1.687718,1.11785812934,-0.815189905125,-0.0396574298258,1.42352999594,0.0107607818817,0.853361725785,0.297482495432
1.697704,1.11752338985,-0.81544389569,-0.0393235004695,1.42355828718,0.0105926878351,0.85341024147,0.29752534782
1.707690,1.11730139198,-0.815976071166,-0.0394993625459,1.42357466864,0.0104665886841,0.853046305315,0.297492692741
1.717676,1.11735966847,-0.816504726625,-0.0398282238127,1.42359635038,0.0100260989957,0.852659145479,0.297369041293
1.727662,1.11719479677,-0.816675496668,-0.0396309329959,1.42385178716,0.00968752341338,0.852556204544,0.296943180084
1.737647,1.11704944408,-0.816147089431,-0.0396235861954,1.42390007208,0.00984721071209,0.852555611409,0.296704146834
1.747633,1.11685802916,-0.815693298343,-0.0396140381523,1.42364327006,0.00996994584287,0.852898640623,0.296525181968
1.757619,1.11676735576,-0.8155273633,-0.0392378713652,1.42338469738,0.00997766541536,0.853066872629,0.296200004201
1.767605,1.11677579358,-0.815720715748,-0.0390708004515,1.42348936813,0.00995490975838,0.852932678397,0.296215935349
1.777591,1.11651528918,-0.81600497448,-0.0393672140971,1.42349277384,0.00988298145865,0.852784148165,0.29600567281
1.787577,1.11640276751,-0.816093223201,-0.0397239927067,1.42336492218,0.00960828568085,0.852548130835,0.295531028098
1.797563,1.11664917248,-0.816057173078,-0.0398284557829,1.42333988516,0.00959903402835,0.852344487772,0.295294116269
1.807549,1.11683918674,-0.816124788741,-0.0397118067224,1.42324238287,0.00963235424158,0.852432389891,0.295388419179
1.817535,1.11665091264,-0.816155589792,-0.0397894450058,1.4229032438,0.00937713484772,0.85258801826,0.295236742324
1.827521,1.11632396067,-0.815899344022,-0.0403236746192,1.42263882261,0.00922294804409,0.852542868108,0.294819147122
1.837507,1.11607724479,-0.81554090099,-0.0408811852831,1.42275105444,0.00934968667516,0.852271848543,0.29467545968
1.847492,1.11575441789,-0.815455684206,-0.0410026171151,1.42298427313,0.00925791983723,0.8517710081,0.294727595306
1.857478,1.1154807329,-0.815623684273,-0.0410744529329,1.42300945103,0.00899959390925,0.851288188731,0.294598994156
1.867464,1.11553515814,-0.815811130773,-0.0412871104849,1.42295535816,0.00897394974639,0.850915152118,0.294170104045
1.877450,1.11545943147,-0.815919339769,-0.0414385078699,1.42300030143,0.00901199755284,0.85091948942,0.293724023895
1.887436,1.11505788221,-0.81582989626,-0.041664908376,1.42321225943,0.00888479198936,0.851245462105,0.29336017178
1.897422,1.11483690572,-0.815800999726,-0.041808550349,1.42319489351,0.00835514177323,0.851276422149,0.293167956338
1.907408,1.11493235637,-0.815928834375,-0.042134456275,1.42291070147,0.00811698976379,0.851533892417,0.293281624491
1.917394,1.11502841552,-0.816239542522,-0.0423802012516,1.4229620445,0.00819097260197,0.852174538633,0.293324704126
1.927380,1.1147561955,-0.816373652751,-0.0425060628632,1.42321023366,0.00815005397829,0.852908911445,0.293248577366
1.937366,1.11435495162,-0.816178364379,-0.0425131105232,1.42341875761,0.00815359678098,0.853562181303,0.293053760116
1.947351,1.11389131842,-0.816093682324,-0.0427369400613,1.4234712289,0.00813199412586,0.854226647833,0.292870067106
1.957337,1.11344563889,-0.816170445099,-0.0430811091635,1.4232966881,0.00792398669071,0.854743573528,0.292539562478
1.967323,1.11298836716,-0.816230818974,-0.0430935155646,1.42297450782,0.00757050129882,0.85521243053,0.292153745505
1.977309,1.11258458088,-0.816320469628,-0.0427483669171,1.4227862714,0.00745234838894,0.855854616266,0.291938588208
1.987295,1.11218520646,-0.816586513688,-0.0424842294963,1.42276781255,0.00759640005959,0.85669381008,0.291837644254
1.997281,1.11171440289,-0.816991410074,-0.0425338946013,1.4226947305,0.00762794496292,0.857770691425,0.291570331243
2.007267,1.11133454215,-0.817233686219,-0.0427194069783,1.42246208398,0.00750752288418,0.859184251952,0.29102204831
2.017253,1.11110324697,-0.817153186426,-0.0428256200604,1.42210232653,0.00737858388127,0.860678833786,0.290511711352
2.027239,1.11092368724,-0.817331294847,-0.0426891424129,1.42176345811,0.00705997278793,0.861925333222,0.290511224408
2.037225,1.11084018965,-0.817826945026,-0.0424281409965,1.42139291345,0.00693444812945,0.863173940094,0.2905187415
2.047210,1.11040238395,-0.818184502905,-0.0425120538427,1.42082963166,0.00691109290807,0.864803463314,0.290190041814
2.057196,1.10998819765,-0.818393653714,-0.0425537010759,1.42022560402,0.00678222473004,0.866516291104,0.290054448408
2.067182,1.11001461371,-0.818720294312,-0.0426843690741,1.41978585618,0.00670207716587,0.868390443644,0.289925976734
2.077168,1.11010802941,-0.819110069889,-0.0427608585562,1.41972772198,0.00657430411664,0.870209343389,0.289831643483
2.087154,1.10983997191,-0.819507108775,-0.0427775585918,1.41980007337,0.00640506939328,0.872048510699,0.289734743304
2.097140,1.10967084241,-0.820134419857,-0.0427824009667,1.41983873269,0.00618966998082,0.873964044764,0.289544332864
2.107126,1.10970763013,-0.820887248299,-0.0427158463018,1.41963557024,0.0062278605181,0.876096173153,0.289365084987
2.117112,1.1097970921,-0.82149951231,-0.0426888751396,1.41931644161,0.00623439725068,0.878511449122,0.289166936497
2.127098,1.10978111069,-0.822269150785,-0.0428216361994,1.41915059579,0.00598020197161,0.880860035913,0.289039942437
2.137084,1.10953157791,-0.823183466283,-0.0428491586442,1.41923936843,0.00565535155613,0.883143705211,0.288893859268
2.147070,1.10925787861,-0.823974735482,-0.0426548520358,1.41948786428,0.00551594663298,0.885492965525,0.288647754992
2.157055,1.1091803283,-0.824605421653,-0.0424730655667,1.41974044222,0.00547237450144,0.887789651798,0.288412934075
2.167041,1.10911551669,-0.825214327071,-0.0425206694238,1.41984180737,0.0052581174009,0.889983974792,0.288231514181
2.177027,1.10897669494,-0.825995822787,-0.0428364934438,1.41968093583,0.00485164341974,0.892215629297,0.288033320985
2.187013,1.10904541546,-0.827056433723,-0.0431149475201,1.41931148227,0.00440840161788,0.894466253313,0.287862627464
2.196999,1.10918816348,-0.828136604372,-0.0429882109428,1.41886748968,0.00407778134853,0.896510529968,0.287645560057
2.206985,1.10895456174,-0.828860712565,-0.0430583544669,1.41836277874,0.00399901847933,0.898341549841,0.28738437162
2.216971,1.10851773766,-0.829863655721,-0.043340125834,1.41821412721,0.00398925056924,0.900190319103,0.287083267352
2.226957,1.10845005909,-0.831260204609,-0.0432087082027,1.41856400234,0.00358434371903,0.90212097624,0.287134820473
2.236943,1.10865212683,-0.832650595434,-0.0432285207755,1.41835169734,0.0031300058423,0.903947569516,0.286924155891
2.246929,1.10855571558,-0.833963089142,-0.0434989664541,1.41797209054,0.00318197178215,0.905625197923,0.286659331673
2.256914,1.10842516802,-0.835356242524,-0.0432797016188,1.41769595903,0.00333620987225,0.907510148789,0.286646656493
2.266900,1.1082413971,-0.836611367525,-0.0428762587922,1.41750773253,0.00327729713006,0.909814826312,0.286476200061
2.276886,1.10794475015,-0.837679397147,-0.0427001762039,1.41735777937,0.00332791205872,0.911978818485,0.28624543965
2.286872,1.10747043907,-0.838955219105,-0.0427222370619,1.41707358058,0.00335383365418,0.913787130535,0.285975988094
2.296858,1.10698492838,-0.840514957507,-0.0429251658155,1.41657700623,0.00328366632542,0.915394130605,0.285703398503
2.306844,1.10659599938,-0.842179777433,-0.0431151712036,1.41590984344,0.00329184572786,0.917094779478,0.285396525209
2.316830,1.10616037513,-0.843806450828,-0.0430755452566,1.41536189004,0.00326304847336,0.918938470628,0.285028991937
2.326816,1.10568300614,-0.845303773083,-0.0429653989766,1.41511617712,0.00295647325381,0.920624289975,0.284710484658
2.336802,1.10547908075,-0.846665310018,-0.0429792400598,1.41488653421,0.0026109057657,0.922067416883,0.28435371768
2.346788,1.10557205148,-0.848001240951,-0.0428975311457,1.41453470166,0.00262757147316,0.923544859342,0.283648666784
2.356774,1.10551738385,-0.849528896313,-0.0425317495964,1.41409349417,0.002978727853,0.924902445266,0.282832072453
2.366759,1.1051492834,-0.85118987297,-0.042314331738,1.41366490801,0.00310027794352,0.926334678457,0.281790274418
2.376745,1.10482464448,-0.852746903722,-0.0424262771422,1.41303338296,0.00301556541784,0.928087285437,0.28042513385
2.386731,1.1044607207,-0.854138937901,-0.0427804592242,1.41252315963,0.0028311916289,0.930014024579,0.279087864924
2.396717,1.10411560459,-0.855347094296,-0.0430803260543,1.41210897369,0.00255424691653,0.931841404803,0.277732315668
2.406703,1.10401765,-0.856561800254,-0.0431560993767,1.41115435188,0.00245146615318,0.933767810574,0.276207418491
2.416689,1.10417317151,-0.857929195915,-0.0433739354772,1.41004224917,0.00236290190049,0.935860896028,0.274750474898
2.426675,1.10423402573,-0.859312680179,-0.0432419834416,1.40910654438,0.00204587024479,0.93794632746,0.273602341003
2.436661,1.10392253732,-0.860687222658,-0.0430726989232,1.40822880797,0.00181834603723,0.939859558052,0.272784140887
2.446647,1.10348563781,-0.862165671809,-0.0431372652413,1.40725203229,0.0018664623583,0.941504633467,0.272160359283
2.456633,1.10325299888,-0.863724795149,-0.0432645314283,1.40608954661,0.00199336305242,0.943235439402,0.271464212522
2.466618,1.10321933594,-0.865235656248,-0.043221319407,1.40472486473,0.00191273867732,0.945139217657,0.270744961787
2.476604,1.10307955034,-0.86656221641,-0.0430401907167,1.4033300064,0.00172526897662,0.947022634016,0.270301307019
2.486590,1.10273605339,-0.867760096768,-0.042997954247,1.40204033379,0.00177356198863,0.948929705863,0.270130091043
2.496576,1.10242834406,-0.868959377466,-0.0432504865492,1.40072459644,0.00194429650287,0.95098545836,0.26991208601
2.506562,1.10216215888,-0.870053258063,-0.0435393518239,1.39926336258,0.00179047649032,0.953072792083,0.269607269686
2.516548,1.10184555842,-0.871206138934,-0.0436163052342,1.39760630053,0.00158162080768,0.955052396162,0.269488762795
2.526534,1.10191506722,-0.872489526581,-0.0435096755211,1.3957433646,0.00158493689288,0.95687182194,0.269392394015
2.536520,1.10189011051,-0.873678928722,-0.0435452651622,1.39385203601,0.00148617244223,0.958631061865,0.269148593011
2.546506,1.1017489485,-0.874618237658,-0.0432247420547,1.39228019179,0.0013068770448,0.960471212546,0.268808282099
2.556492,1.10158779323,-0.875357387179,-0.0429013727987,1.39037974103,0.00140925781189,0.962399279051,0.268484269213
2.566478,1.10150069964,-0.876358011654,-0.0427741351214,1.38811151747,0.00142621526912,0.964471333535,0.26822428029
2.576463,1.10167530097,-0.877455020601,-0.0428465468469,1.38585948852,0.00126520038819,0.966816019519,0.268070707884
2.586449,1.10180341922,-0.87841412773,-0.0429366867301,1.38383717441,0.00124883406167,0.969058103302,0.267913143804
2.596435,1.10172746047,-0.879359042167,-0.043092847526,1.38179329288,0.00111998487933,0.971261632471,0.267773032577
2.606421,1.1015114122,-0.880279982524,-0.0434023540645,1.37967442823,0.000884882678229,0.973829338126,0.267563626123
2.616407,1.10136892979,-0.881212061671,-0.0436098129464,1.37743233047,0.000787129639834,0.976526831963,0.267274919637
2.626393,1.10135361132,-0.882185244465,-0.0435145958501,1.37500329536,0.000795767134571,0.979034235447,0.266995290661
2.636379,1.10137415059,-0.883243944835,-0.0433273423289,1.37253760171,0.000722451822197,0.981548683013,0.266801258799
2.646365,1.10140117948,-0.884189169105,-0.0433804343083,1.36999527104,0.00051913232439,0.984245046667,0.266692880735
2.656351,1.10143425821,-0.884714471275,-0.0435754137932,1.36721051546,0.000258081047782,0.987077119942,0.26663561046
2.666337,1.10146441225,-0.885120155084,-0.0434843537928,1.36452330851,2.53670495413e-05,0.990281207084,0.266599024274
2.676322,1.10153725699,-0.885861295567,-0.0431594140248,1.36198663935,-0.000117821808202,0.993838750839,0.2665489579
2.686308,1.10127977538,-0.886596013207,-0.0429927388337,1.35925892366,-9.01942348075e-05,0.997336750168,0.26658084571
2.696294,1.10107614503,-0.887144894368,-0.0429058241105,1.35648125129,-5.73162333428e-07,1.00092875859,0.266329589872
2.706280,1.10146157748,-0.888115894338,-0.0428949299887,1.35334352537,2.70389755024e-05,1.00448181722,0.266115591997
2.716266,1.10177211368,-0.888915585364,-0.0430066980849,1.34993053741,-5.85240733855e-05,1.00813448408,0.266069336953
2.726252,1.10148478844,-0.889527235014,-0.0428339185283,1.34659828649,-0.000202040721635,1.01224029864,0.265770218089
2.736238,1.10115501268,-0.890072914942,-0.0428132979543,1.3431124489,-0.00046113433873,1.01627575303,0.265377559551
2.746224,1.1011115294,-0.890783256606,-0.043242897365,1.33941225697,-0.000565269225195,1.02034548803,0.265116034639
2.756210,1.10119985992,-0.89171133954,-0.0435409087192,1.33558348709,-0.000701056605315,1.02472573405,0.264956010676
2.766196,1.1011526593,-0.892503009227,-0.0433584113373,1.33172339518,-0.00087796698721,1.02918814568,0.264880135537
2.776182,1.10088920955,-0.892828063182,-0.0431174672458,1.32775263317,-0.000820236539585,1.03362809379,0.264792965996
2.786167,1.10079422662,-0.893125553346,-0.0430295522124,1.32361288232,-0.00067102389269,1.0379208118,0.264565917689
2.796153,1.10096274706,-0.893723387126,-0.0431053117767,1.31943702667,-0.00060668519135,1.04227557987,0.264376972451
2.806139,1.10106500405,-0.894347923512,-0.0433297251953,1.31534983042,-0.00054509490187,1.04697701227,0.264411982061
2.816125,1.10098203513,-0.894792180281,-0.0435106222872,1.31127888373,-0.000553863564181,1.05180980547,0.264494503646
2.826111,1.10086403948,-0.895150662938,-0.0434778657624,1.30704179697,-0.000886785265002,1.05642441575,0.2644402551
2.836097,1.10081028692,-0.895440850581,-0.0433289327496,1.30247531257,-0.00142146538433,1.06086500925,0.264301344935
2.846083,1.10081991876,-0.89574404684,-0.0433610849227,1.29762710248,-0.00153263033143,1.06546609409,0.264079163403
2.856069,1.10049827284,-0.896213031567,-0.0435127506735,1.29277581881,-0.00134831637462,1.07040162447,0.263772202516
2.866055,1.10043492017,-0.896678316369,-0.0434477571769,1.28791159295,-0.00123463637432,1.07541675097,0.263475653028
2.876041,1.10075370986,-0.897142860505,-0.0429890131386,1.28279289532,-0.00102983180807,1.08045648888,0.263332430613
2.886026,1.10047621567,-0.897697187296,-0.0427091878026,1.27759090346,-0.000976372929944,1.08537146767,0.263472786736
2.896012,1.09998749454,-0.898247202213,-0.0426679821337,1.27255941739,-0.00119592231464,1.09035012706,0.263474261056
2.905998,1.09990446272,-0.898674150996,-0.0429363455558,1.26746338895,-0.00129793458114,1.09564533311,0.263231785045
2.915984,1.09994741944,-0.898976435586,-0.0433871427088,1.26219288778,-0.00117554058598,1.10086747367,0.263060692782
2.925970,1.09974426213,-0.899387973988,-0.0434816823798,1.25688313816,-0.00107512523403,1.10579469322,0.263118696644
2.935956,1.09947537321,-0.899698554277,-0.0433481203875,1.25152519701,-0.0012141439166,1.11106402042,0.263173140227
2.945942,1.09938146477,-0.899657997114,-0.0431299934046,1.24594363063,-0.0014070817859,1.11672934578,0.263006526324
2.955928,1.09937647997,-0.899403871176,-0.0428532873377,1.24009515089,-0.00148061963477,1.12231668299,0.262836888891
2.965914,1.09925547146,-0.899281171281,-0.0428292350416,1.23414907204,-0.00142358053377,1.12772263414,0.262849558224
2.975900,1.09908184723,-0.89940489389,-0.0431855649569,1.2281888663,-0.00132844760861,1.13316725817,0.262798743236
2.985885,1.09903239373,-0.899529847473,-0.0433877154031,1.22223634296,-0.00135726605336,1.13877878423,0.262513772258
2.995871,1.09892747569,-0.899430676618,-0.0431337946765,1.21646875299,-0.00148871437288,1.14467082613,0.262272923992
3.005857,1.09862782825,-0.899285725833,-0.0428835962613,1.21054500134,-0.00166064147998,1.15079431946,0.262208070032
3.015843,1.09840713273,-0.899191802787,-0.0428070060227,1.20417749,-0.00179016975743,1.15708279535,0.261910589864
3.025829,1.09843407145,-0.899214850362,-0.0427876697368,1.19780499234,-0.0020606634107,1.16308386951,0.261273455941
3.035815,1.09823734092,-0.899044380502,-0.0431494988323,1.19177244054,-0.00210549456324,1.1688460815,0.261117298461
3.045801,1.09766011278,-0.89879314867,-0.0432078939464,1.1857760409,-0.00209930776477,1.17434322624,0.261524980505
3.055787,1.09736609563,-0.898533734279,-0.0430211654009,1.17960817329,-0.00205805945425,1.17942571554,0.261808327838
3.065773,1.09729062521,-0.898265201914,-0.0432813788259,1.17340205025,-0.00202721314129,1.18491056762,0.261795874484
3.075759,1.09704148187,-0.898070443847,-0.0434569649564,1.16718409759,-0.0020544815733,1.19106775508,0.261435169347
3.085745,1.09672639396,-0.897951230012,-0.0433110207558,1.16094008327,-0.00222592639979,1.19686638593,0.261023094711
3.095730,1.09646079949,-0.898077435449,-0.0431525090655,1.15459517094,-0.00236776001799,1.2022751291,0.260810998278
3.105716,1.09618638344,-0.898409166385,-0.0431529536491,1.14830064559,-0.00223215579981,1.20785835722,0.260612032376
3.115702,1.0958276791,-0.898538121192,-0.0432445550944,1.1421109747,-0.0020535490019,1.21380453069,0.260289799069
3.125688,1.09545516695,-0.898272774935,-0.0433030596515,1.135968661,-0.00201669790078,1.21978825987,0.260059709705
3.135674,1.09516675296,-0.897952909773,-0.0433052379043,1.12992263977,-0.00198137725609,1.22565313295,0.26009931441
3.145660,1.09493602468,-0.897880505102,-0.0433094910196,1.12384041521,-0.00201052156177,1.23156676616,0.26005465861
3.155646,1.09469348001,-0.897800565006,-0.0433078457544,1.11736304525,-0.00222670972738,1.2373107464,0.259309883665
3.165632,1.09438402135,-0.897354171043,-0.0432747966688,1.11080750117,-0.00235019837018,1.24264109903,0.257958349612
3.175618,1.09407131477,-0.896774577785,-0.0430299625793,1.10463007412,-0.00240302591034,1.24824354064,0.256589284899
3.185604,1.09382974589,-0.896569718082,-0.0427505122602,1.09859890728,-0.00228708491697,1.2539370624,0.255033274493
3.195589,1.09329320318,-0.896831039694,-0.0429061767713,1.09258539697,-0.0021451972985,1.25930612848,0.253238913039
3.205575,1.09250795456,-0.897115704296,-0.0431003570475,1.08636128587,-0.0021843249765,1.26487138973,0.25124291435
3.215561,1.0920522823,-0.897394020994,-0.043268017619,1.07992086083,-0.00230553980859,1.27026484478,0.249240879646
3.225547,1.09178311913,-0.897685171645,-0.0434062587793,1.0737409804,-0.0025874265812,1.27596750717,0.247109236496
3.235533,1.09150337611,-0.897900873335,-0.0433527147584,1.06783856983,-0.00285545172992,1.28209069035,0.24460148391
3.245519,1.09095927056,-0.898041024996,-0.0434458023623,1.06195323162,-0.0029657535442,1.28793824759,0.241786989727
3.255505,1.09022743135,-0.897937123981,-0.043478539727,1.05589246569,-0.00297131650547,1.29348861121,0.238826104001
3.265491,1.08964938567,-0.897670273705,-0.0432872586178,1.04968373701,-0.00283683634304,1.29903658857,0.235923436372
3.275477,1.08920398334,-0.897611346686,-0.0432249633475,1.04352243846,-0.00265476856699,1.30473991155,0.233234548492
3.285463,1.08860994095,-0.897758443863,-0.0433989038471,1.03740161866,-0.00255483445061,1.31045976786,0.230791348833
3.295449,1.08787895743,-0.897865924501,-0.043555862352,1.03112102357,-0.00247997999392,1.31596072294,0.228593645227
3.305434,1.08719911489,-0.898032301264,-0.0436249477758,1.02467112221,-0.00242199969872,1.32131142294,0.226510887458
3.315420,1.0865449267,-0.898322063775,-0.0435813694337,1.0182437098,-0.00257723238195,1.326728394,0.224114255011
3.325406,1.08596432603,-0.898291255746,-0.0433228309184,1.01193277607,-0.00285458389585,1.33200221644,0.221130184103
3.335392,1.08546641076,-0.897894030224,-0.0430665126491,1.00584852056,-0.00290462296145,1.33709867805,0.217912887081
3.345378,1.08488178862,-0.897624388709,-0.0429709068543,1.00009430022,-0.00278481996137,1.34212848988,0.215066383746
3.355364,1.08422898955,-0.897927351409,-0.0431218425856,0.994164988707,-0.00272004168581,1.34695399902,0.212608086725
3.365350,1.0834667426,-0.898422250131,-0.0432551431709,0.987914027161,-0.00261699273647,1.3519308365,0.210241210509
3.375336,1.08277705408,-0.898641716016,-0.0431725258632,0.981806261261,-0.00238223497344,1.35682220653,0.208043662634
3.385322,1.08217672301,-0.898839847756,-0.0432285977875,0.975794427538,-0.00236399834064,1.36135682459,0.205881790832
3.395308,1.08153892465,-0.898790005743,-0.0432638191956,0.96999269714,-0.00241685966504,1.36606126409,0.203651188996
3.405293,1.08080830382,-0.898432025186,-0.0432002622882,0.964259420845,-0.00239410582602,1.37095531589,0.201618216313
3.415279,1.08014884769,-0.898243246113,-0.0431671271151,0.958096889352,-0.00245206936326,1.37560451443,0.1999925968
3.425265,1.07961696428,-0.898390030858,-0.0432115675025,0.951697596882,-0.00254112930073,1.38021303929,0.198371390737
3.435251,1.07904502908,-0.898623456092,-0.0433440997316,0.945461292246,-0.0023828251055,1.38520235409,0.196292283938
3.445237,1.07841580362,-0.898852512353,-0.0434214442637,0.939277803799,-0.00194698110661,1.39043435701,0.193842417561
3.455223,1.07786370356,-0.899041796708,-0.0432859189339,0.932962601188,-0.00156253256673,1.39561696003,0.191416189163
3.465209,1.07735583946,-0.898948737451,-0.0430911006729,0.926727558917,-0.00145311237935,1.40083884819,0.189205657405
3.475195,1.07682197424,-0.898565557982,-0.0431320140334,0.920750636287,-0.00152730596141,1.40614103586,0.187074577212
3.485181,1.07643740776,-0.898346894721,-0.0433545230162,0.914885797049,-0.00174174545007,1.41127562583,0.184772606435
3.495167,1.07620617311,-0.89849734379,-0.0434318473965,0.909078462378,-0.00200873677449,1.41642167106,0.182487016597
3.505153,1.07590598422,-0.898689647904,-0.0431427694016,0.903456078696,-0.0019270179519,1.42199435843,0.18081025622
3.515138,1.07537806452,-0.898564165285,-0.04311508382,0.897667247251,-0.00158740291475,1.4276327166,0.179566461451
3.525124,1.07484276489,-0.898359973987,-0.0435222783206,0.891564480421,-0.00143043154027,1.4327672221,0.178090083137
3.535110,1.07466863778,-0.898347881457,-0.0434283414355,0.885739460161,-0.00148975886921,1.43762611893,0.176538652224
3.545096,1.07449429505,-0.898227067685,-0.0432984503286,0.880144309521,-0.0018483094075,1.44285284818,0.175367834587
3.555082,1.07403358305,-0.898093379665,-0.0433532767852,0.874115807518,-0.00201323509444,1.44848516008,0.174338128774
3.565068,1.07350240696,-0.8982476691,-0.0433814790678,0.867829074391,-0.00191690700336,1.45422866821,0.172934274125
3.575054,1.07323289126,-0.898430869106,-0.0433838961128,0.861897189347,-0.00188504660351,1.45992979524,0.171174471482
3.585040,1.07293457089,-0.898389310132,-0.0433420538782,0.856236876457,-0.00191843445199,1.46539606267,0.169218710939
3.595026,1.07233323579,-0.898300451785,-0.0432909314983,0.850681128571,-0.00195552654146,1.47062874249,0.167010551999
3.605012,1.07172586367,-0.898372078159,-0.0433921264086,0.845076474358,-0.00202664792138,1.47598129539,0.16467541946
3.614997,1.07135026728,-0.898496514578,-0.0435970087705,0.839251238819,-0.00214873983491,1.48169300143,0.162604060905
3.624983,1.07105279776,-0.898444834743,-0.0436847691798,0.833404710765,-0.00220493057268,1.4876547003,0.160984238336
3.634969,1.07076893271,-0.898218524024,-0.043655793968,0.827865685554,-0.00210427349304,1.49374191407,0.159695087158
3.644955,1.07052658634,-0.898053516642,-0.043583060217,0.822346816383,-0.00208075652667,1.49989473021,0.158627263546
3.654941,1.07013416262,-0.898038578304,-0.0434335018798,0.816578987055,-0.00233454483655,1.50594151337,0.157635350612
3.664927,1.06950492767,-0.897974975798,-0.0435436032047,0.810907652952,-0.00249141183901,1.51188182768,0.156916593076
3.674913,1.06891301167,-0.897878319396,-0.0435391234307,0.805409423886,-0.00236207860976,1.51759685907,0.15687325694
3.684899,1.06878914516,-0.897880379727,-0.0431585497941,0.800306311697,-0.00228296719274,1.52297174264,0.156970978511
3.694885,1.06896348955,-0.897887770383,-0.0431607497276,0.795807826358,-0.00230825763674,1.52872117738,0.156835813886
3.704871,1.0686630535,-0.897833212494,-0.0434172130709,0.790840351333,-0.0022170914143,1.53484668765,0.156712538573
3.714857,1.06784422699,-0.897796045187,-0.0434500629876,0.785458837369,-0.00193178788677,1.5403418862,0.156396416908
3.724842,1.06707469178,-0.897926283921,-0.0432313193562,0.780224738363,-0.00155003106271,1.54543131832,0.155972920988
3.734828,1.0665780424,-0.898017584919,-0.0431130445739,0.775289863901,-0.00107458859698,1.55083942304,0.155630112383
3.744814,1.06605972215,-0.898017539308,-0.0431625253385,0.770580500988,-0.000605682533466,1.55637214867,0.155179314303
3.754800,1.06528336196,-0.898107013021,-0.043211063592,0.765768668609,-0.000144664400628,1.56168080363,0.154398520961
3.764786,1.06456281778,-0.898256992367,-0.0432150563108,0.760866137996,0.000334574592395,1.56674303226,0.153261272469
3.774772,1.06435328539,-0.898331404908,-0.0432162900358,0.756184423898,0.000739671395177,1.57161843358,0.151891711768
3.784758,1.06449997057,-0.898367460895,-0.0431919423538,0.751807066239,0.00119459212419,1.57633580419,0.150205790447
3.794744,1.06443715133,-0.898433095845,-0.0431344055566,0.747540144818,0.00198329241989,1.58098362392,0.147883914582
3.804730,1.06406937223,-0.898428891176,-0.0431801514499,0.743203599762,0.00290804007404,1.58558166629,0.144997265757
3.814716,1.06366096558,-0.898289730212,-0.0434763136683,0.738750638398,0.00360624733336,1.58998774503,0.142093186482
3.824701,1.06313750154,-0.898247030111,-0.0436988210664,0.734494827477,0.00408368253937,1.59423826348,0.139264651757
3.834687,1.06255351211,-0.89822202241,-0.0435528348725,0.730484065287,0.0046947526444,1.59864779941,0.136171936968
3.844673,1.062279497,-0.89801516764,-0.0435581076229,0.726368622887,0.00566259426039,1.60304043986,0.133037580694
3.854659,1.06199647639,-0.898187769067,-0.0437763430988,0.722270003463,0.00650066085974,1.60759372917,0.129840600119
3.864645,1.06136767173,-0.898521713051,-0.0437497977673,0.718404463974,0.0072725618861,1.61238480187,0.126579624681
3.874631,1.06094594111,-0.898539239727,-0.0435905965252,0.714875119496,0.00802331730039,1.61647213465,0.123430061404
3.884617,1.06073604714,-0.898548863432,-0.0434633403233,0.711478455972,0.00854849349312,1.61983151015,0.120493561139
3.894603,1.06018832391,-0.898714904742,-0.0435197888475,0.708047064868,0.00892389486808,1.62337562008,0.118128179767
3.904589,1.0592071557,-0.898634982909,-0.0436664009868,0.704858840796,0.00930384199479,1.62726497793,0.116354643578
3.914575,1.05830065356,-0.898276775142,-0.0436747125005,0.701982829548,0.00980707892817,1.6309347418,0.114861091274
3.924561,1.0577371397,-0.898123909641,-0.0435902423335,0.699211801978,0.0104433205083,1.63424549472,0.113173236009
3.934546,1.05734684408,-0.898288851807,-0.0434740957048,0.696442246911,0.0110793702314,1.63743536027,0.110933784426
3.944532,1.05688802366,-0.89841227198,-0.0433498061386,0.69362195164,0.0116151876457,1.64055069585,0.108168717508
3.954518,1.05622842587,-0.898346860665,-0.0433643162849,0.690767551192,0.0122053556983,1.64337846054,0.105235484193
3.964504,1.05540942276,-0.898303459256,-0.043525604444,0.688245085254,0.0130104408113,1.64577339201,0.102421978519
3.974490,1.05467199354,-0.898447106356,-0.043593605998,0.686344013813,0.013750371644,1.64796363824,0.0998173019217
3.984476,1.05401094309,-0.898660000202,-0.0434773581875,0.684749470657,0.014263425588,1.65018363669,0.0977753512293
3.994462,1.05342007677,-0.898758659796,-0.0433358397508,0.683162531996,0.0149367747851,1.65211848565,0.0961195664425
4.004448,1.05267845663,-0.898992204047,-0.0435606604667,0.681636441404,0.0155926792775,1.65360218632,0.0941501285497
4.014434,1.05177549206,-0.89917544506,-0.0437954041158,0.680342536467,0.0161709018487,1.65513348738,0.0918949934425
4.024420,1.05122785968,-0.899156661085,-0.0437680962503,0.679333843287,0.0169246862315,1.6565245691,0.0895128883066
4.034405,1.05066791279,-0.899353269958,-0.0436058079344,0.678449386581,0.0179989510335,1.65769715623,0.087288010101
4.044391,1.04992853072,-0.899646902757,-0.0434779490646,0.677640159943,0.0193459758967,1.65886595239,0.0856036488203
4.054377,1.04929636235,-0.899959789985,-0.043486034033,0.676922397336,0.020473894393,1.65970887333,0.0843480582822
4.064363,1.04861290221,-0.900465937696,-0.0435006702861,0.676244791229,0.021567033336,1.6603441422,0.0829566030992
4.074349,1.04774083771,-0.900993519519,-0.0433286010346,0.675642064001,0.0229651754656,1.66110347895,0.0814742492372
4.084335,1.04695626091,-0.901271048095,-0.0431924987406,0.675309731068,0.0243617094881,1.66191188204,0.0803253469423
4.094321,1.04643629452,-0.901460912185,-0.0433514452367,0.675359323745,0.0253205811117,1.6624358018,0.0797180472932
4.104307,1.0460514753,-0.901827438417,-0.0436823264193,0.675657356887,0.0260021722638,1.66260810262,0.0795539777777
4.114293,1.04565462033,-0.902274263111,-0.0438849795065,0.675925510048,0.0267704518653,1.66254830343,0.0796087259294
4.124279,1.04520458794,-0.902609760732,-0.0437810851374,0.676008503895,0.0275820554869,1.6622562508,0.0796555467197
4.134264,1.04471078823,-0.902815110633,-0.0433779103253,0.676114057776,0.0283513254237,1.66186993642,0.0795961495047
4.144250,1.04417519542,-0.902848732672,-0.0430057769867,0.676596772686,0.0291666231221,1.66160488041,0.0795366507255
4.154236,1.04356301979,-0.902998003998,-0.0429496100029,0.677311263081,0.0298615157557,1.66115747036,0.0796179158125
4.164222,1.04334997751,-0.903405219778,-0.0431114880797,0.677618564332,0.0305098748577,1.66096763138,0.0795427119378
4.174208,1.04366606445,-0.903836717924,-0.0431208533646,0.677614099166,0.0310921166933,1.66156088876,0.0792944542506
4.184194,1.0434757732,-0.903992004644,-0.0428548637049,0.677432279411,0.031841936337,1.66200506714,0.0789806679412
4.194180,1.04286739117,-0.904121688348,-0.0428050989321,0.67728773003,0.0324914281706,1.66211384225,0.0788131167267
4.204166,1.04247968143,-0.904431053538,-0.0430886189838,0.677422760712,0.0326221226184,1.66230268115,0.0787203745943
4.214152,1.04250325645,-0.904579302476,-0.0432718356034,0.677559601184,0.0325144837642,1.66240891597,0.0786022259677
4.224138,1.04259384684,-0.904381694439,-0.0431723019877,0.677500528578,0.0326816317423,1.66246086576,0.0786217323498
4.234124,1.04250274637,-0.904381461765,-0.0431080731574,0.677363054042,0.0329045434328,1.6625466097,0.078829158513
4.244109,1.04231663988,-0.904801801314,-0.0431295277555,0.677251866123,0.0328439500899,1.66247097849,0.0790172523184
4.254095,1.04215363739,-0.905118051402,-0.0430796313937,0.677251580748,0.0326182043423,1.66225902909,0.0790428616848
4.264081,1.04201763061,-0.904903691596,-0.0431274775187,0.677367052734,0.0325269123591,1.66214157567,0.0788984038238
4.274067,1.04186868701,-0.904516832538,-0.0432890188586,0.677438631632,0.0325679569231,1.66215394513,0.0786483346717
4.284053,1.04178480555,-0.904534881632,-0.0431504089159,0.677300502054,0.03254083149,1.66209845099,0.0784736066063
4.294039,1.04190353159,-0.904788065555,-0.042822687431,0.677023277998,0.032423152389,1.66174121069,0.078500362411
4.304025,1.04194940859,-0.904666992232,-0.0427734898725,0.676911869807,0.0322770329531,1.66116429677,0.0784935972523
4.314011,1.04182315006,-0.904408584304,-0.0429564984585,0.677021956191,0.0322894541717,1.66098465486,0.0781875008304
4.323997,1.04182400295,-0.904327992987,-0.0431907892114,0.677033168461,0.0324898148825,1.66118516056,0.0777693825284
4.333983,1.04185906118,-0.90456342025,-0.0434378947212,0.676985155767,0.0321590436848,1.66122001959,0.0776522838613
4.343968,1.04191915667,-0.904800789857,-0.0433578442865,0.677188658951,0.0319148161662,1.66104556322,0.0776969768025
4.353954,1.04176705362,-0.904755757214,-0.0430293317608,0.677397871889,0.0320281582457,1.66086777671,0.0775895988784
4.363940,1.04157306578,-0.904533272422,-0.042762546342,0.677521815212,0.0321330718783,1.6606472479,0.0777340754978
4.373926,1.04138528187,-0.904471637713,-0.0427766278264,0.677486186681,0.0321515598622,1.66065689596,0.0780871520851
4.383912,1.04131131846,-0.904471160548,-0.0429348036978,0.677514479346,0.0322061609901,1.66066918479,0.0779907348514
4.393898,1.04147613494,-0.904438502632,-0.0429416716183,0.677605367786,0.0323402393681,1.66053930977,0.0775819957844
4.403884,1.04164046516,-0.904319691039,-0.0429829436503,0.677635054531,0.0323119870658,1.66061862905,0.0774629215192
4.413870,1.04158762491,-0.904143032416,-0.0432395460242,0.677747023872,0.0321455077834,1.66083092784,0.0775872054488
4.423856,1.04142840372,-0.903937703207,-0.0434310836007,0.678007021957,0.0320218453019,1.66082187623,0.0776492178854
4.433842,1.04136047157,-0.903702807979,-0.0433895647085,0.678179488957,0.0319006340776,1.66060005811,0.077660358034
4.443828,1.0413830947,-0.903529682476,-0.043393377279,0.678143309818,0.0317354478257,1.660363589,0.0777031116759
4.453813,1.04131923478,-0.903503966172,-0.0435069206539,0.678094783784,0.0316883113352,1.66016077928,0.0776972686248
4.463799,1.04106893346,-0.903481996154,-0.0434100642153,0.678174239491,0.0317395882615,1.66006473019,0.0775674623405
4.473785,1.04099212522,-0.9035702076,-0.0430609366554,0.678330201831,0.0316944433651,1.66009693181,0.0776072578568
4.483771,1.04115360425,-0.903994873881,-0.0430087023986,0.678482879866,0.0315923127132,1.6599535971,0.0779223514155
4.493757,1.04121366505,-0.904075598847,-0.0432071631642,0.678793019896,0.0315878805682,1.65971418322,0.0779039900997
4.503743,1.04111265457,-0.903512108124,-0.0431605224372,0.678922915503,0.0313463477474,1.65975213814,0.0777472592378
4.513729,1.04111605031,-0.903197658498,-0.0434442084565,0.678791862129,0.0314719077501,1.65974228992,0.0777311084617
4.523715,1.04127957993,-0.903115955042,-0.0439627201884,0.678687342109,0.031947385738,1.65976644256,0.0777075387458
4.533701,1.04139844807,-0.902963426623,-0.0441687613327,0.678671677283,0.0321331464817,1.65990356576,0.0777030006741
4.543687,1.04141251141,-0.902867608145,-0.0440700265775,0.678704094413,0.0319773312272,1.6597998015,0.0777573978288
4.553672,1.0412997655,-0.903013615676,-0.0438597427361,0.678792311559,0.0316892723262,1.65971491791,0.077939964296
4.563658,1.04123766639,-0.903348203005,-0.0436163327269,0.678969468314,0.0314908505029,1.65991463436,0.0780118275931
4.573644,1.04119840131,-0.903548292103,-0.0434562188186,0.678981149679,0.0314900669874,1.66009407185,0.0779179740122
4.583630,1.04108508159,-0.903537443783,-0.0433187521655,0.678775867463,0.0314921701749,1.65996933827,0.0778086265281
4.593616,1.04088291989,-0.903438261167,-0.0431097379245,0.678632645587,0.0312809713188,1.65974648098,0.0777142120692
4.603602,1.04061109238,-0.903324429773,-0.0430358620787,0.67864639733,0.0309662651393,1.65962075729,0.0776355819819
4.613588,1.04038543715,-0.903370635674,-0.0432413074763,0.678654768442,0.030828311417,1.65951671754,0.077666251482
4.623574,1.04034144857,-0.903634932239,-0.043384775013,0.678612246983,0.0309514097199,1.65961155508,0.0776841243713
4.633560,1.04036899672,-0.903771127399,-0.0433058031217,0.67853891435,0.0309947907611,1.65989271999,0.0775224114835
4.643546,1.03999358082,-0.903832191542,-0.0432663351133,0.678591406361,0.0308722718736,1.65997566595,0.0774370144415
4.653532,1.03979675325,-0.903896842532,-0.0432490458836,0.678692493726,0.0307797271033,1.6596348921,0.0775320559296
4.663517,1.03956630439,-0.903756427587,-0.0430992764278,0.678603721853,0.0306138668429,1.65939775399,0.0774938817284
4.673503,1.03881967037,-0.903602603525,-0.0431486262754,0.678643678569,0.0304884861342,1.65952720624,0.077306726743
4.683489,1.03833798328,-0.903553009007,-0.0433311901202,0.678786045355,0.0306169502144,1.65939027524,0.0772074452163
4.693475,1.03815473994,-0.903519023216,-0.0435951660391,0.678795245044,0.0307344461034,1.65923596307,0.0772969804554
4.703461,1.03783109021,-0.903758462303,-0.0436369640633,0.678679007812,0.0307695628048,1.65923093008,0.0774052685245
4.713447,1.03736202715,-0.904023931664,-0.0435459486859,0.678548819806,0.0308184884159,1.65914293518,0.0772725466405
4.723433,1.03687530348,-0.904081016598,-0.0434868089502,0.678479538406,0.0310527538451,1.65907998963,0.07684156609
4.733419,1.0362459445,-0.90408296853,-0.0434589415368,0.678408535696,0.0313138085135,1.65912984314,0.0758163413224
4.743405,1.03543518418,-0.904047138043,-0.0433767634411,0.678428314304,0.031319204032,1.65914166497,0.07395186949
4.753391,1.03461925084,-0.9039042931,-0.043296398721,0.678695982154,0.0311022781126,1.65905248286,0.0715888260353
4.763376,1.03389946106,-0.90382048622,-0.0432923208339,0.679027252032,0.0309790449228,1.65900719249,0.0694591914014
4.773362,1.03327938758,-0.903942523638,-0.0432927743281,0.67910952583,0.0310313277954,1.65906591777,0.0679869415907
4.783348,1.03284603009,-0.904202021411,-0.0432821317107,0.679078688089,0.0309689963328,1.65914396493,0.0670683000529
4.793334,1.03248237231,-0.904498080107,-0.04321515744,0.679132738857,0.0308472676787,1.65929709836,0.0665013396224
4.803320,1.03179527386,-0.904415501441,-0.043057078005,0.679062677831,0.0308910298269,1.65948000605,0.0659436194072
4.813306,1.03077146292,-0.904443828289,-0.0429657277405,0.679036108173,0.0310915272328,1.65932486415,0.0654548887314
4.823292,1.0298379618,-0.904631584424,-0.0430296006924,0.679093956838,0.0313415544405,1.65919089571,0.0651957618236
4.833278,1.02893099768,-0.904714541671,-0.0428993572391,0.679116878874,0.0313247524541,1.65888187312,0.065417958976
4.843264,1.02804977048,-0.904599762108,-0.042863694084,0.679319342425,0.031270020705,1.65875132314,0.0658638466986
4.853250,1.02728938204,-0.904595967353,-0.0432463414321,0.679496033829,0.0313652378601,1.65891676384,0.06606684378
4.863236,1.02655749809,-0.905085641244,-0.0435829410777,0.679639470017,0.0312076360258,1.65893421219,0.0657960588234
4.873221,1.02582550319,-0.905522270355,-0.0436483554389,0.679530486096,0.0310707656398,1.65876883262,0.0656280184989
4.883207,1.0250613499,-0.905484307806,-0.0436217347739,0.679248852179,0.0312947945265,1.6585318591,0.0658777530063
4.893193,1.0242663182,-0.905301511454,-0.0437330267468,0.678951912962,0.0314965305251,1.65823009358,0.066148651541
4.903179,1.02357088169,-0.905353736216,-0.0437818660461,0.678838666597,0.0315090586315,1.65799324909,0.0661776374753
4.913165,1.02295409167,-0.905607957443,-0.0434623429341,0.678943152807,0.0313212709238,1.65793448576,0.0659979257832
4.923151,1.02216010829,-0.905840543104,-0.0430522765785,0.679132980712,0.0310060784714,1.65786267223,0.0657467108179
4.933137,1.02117371396,-0.905905868745,-0.0430163570652,0.6793200321,0.0308936760216,1.65752338869,0.0656212623627
4.943123,1.02033213535,-0.905890763004,-0.0431713250354,0.679413363501,0.0308705635874,1.65706053647,0.0656206777633
4.953109,1.01964720008,-0.906113944192,-0.0432937111964,0.67933771045,0.0305668228296,1.65687949785,0.0655921314192
4.963095,1.01896290346,-0.906408967809,-0.0433005804575,0.679176145259,0.030380608452,1.657097248,0.0655481140556
4.973080,1.01804293029,-0.906559346124,-0.0433033236673,0.679312425901,0.0302275675781,1.65751045541,0.0654037281149
4.983066,1.01693024445,-0.90656823932,-0.0433483414058,0.679408821003,0.0302091202166,1.6576488614,0.0653445777055
4.993052,1.01590289291,-0.906569747953,-0.0434676702669,0.679171827599,0.0301981752444,1.65771875828,0.0653048674015
5.003038,1.01495000636,-0.906571154298,-0.0435829393203,0.679170567715,0.0301480250284,1.65796204061,0.0655694705426
5.013024,1.01399073758,-0.906647100659,-0.0437455869552,0.679269550742,0.0301411027124,1.65813379013,0.0658470730741
5.023010,1.01291563933,-0.906924591795,-0.0436208496764,0.679214635269,0.0305284918137,1.6580973962,0.0658314220147
5.032996,1.01223049969,-0.907266130849,-0.0432063921811,0.679205195811,0.0310882264762,1.65804875293,0.0658826734019
5.042982,1.01178738285,-0.907502266604,-0.0432341602638,0.679315503688,0.0312718456367,1.65823000065,0.0659054769928
5.052968,1.01100046729,-0.907639932311,-0.0435341886084,0.679389469666,0.0311338645426,1.65863914467,0.0657824280997
5.062954,1.00979199226,-0.907655410267,-0.0436846951326,0.679358988315,0.0308831445769,1.65898726064,0.0655749777576
5.072939,1.00839939938,-0.907700091948,-0.0436541472976,0.679212089704,0.0307680406812,1.65930896612,0.0653857893716
5.082925,1.00696952664,-0.907955528481,-0.0434747387206,0.679070330391,0.0310131855618,1.65962810578,0.0654378089348
5.092911,1.00579049435,-0.908348125834,-0.043156571653,0.67912620163,0.0314584943826,1.65973286428,0.0657038508882
5.102897,1.0050093093,-0.9088287982,-0.0429281178373,0.679269654499,0.0316417166393,1.65976747312,0.0655955150528
5.112883,1.00399156484,-0.909402425978,-0.042933246825,0.6793271585,0.0314046957272,1.65978941002,0.0650582303636
5.122869,1.0028240581,-0.909687897966,-0.0430447921116,0.679463910244,0.0312196893542,1.65968344636,0.0647821320668
5.132855,1.00216396619,-0.909767029012,-0.0433214169347,0.679484396903,0.031250790592,1.65960952666,0.0644312267973
5.142841,1.00149560497,-0.910138302288,-0.0435065933425,0.679537161442,0.0312745919836,1.65959527149,0.0639103682605
5.152827,1.00063577957,-0.91118284718,-0.0434885370565,0.679830820811,0.0315186284342,1.65931955658,0.0628778825666
5.162813,0.999531530531,-0.912361027099,-0.0434741562244,0.680458735195,0.0314641379032,1.6589972706,0.0610546104391
5.172799,0.9980834031,-0.913097668622,-0.0433078641348,0.68099825755,0.0315583411763,1.65864338188,0.0588278835983
5.182784,0.996994790741,-0.913554500363,-0.0431681294523,0.681255140941,0.0318514211595,1.65850163281,0.0560744884643
5.192770,0.995864567879,-0.914029975237,-0.0431101850729,0.681367061588,0.0323968802817,1.65817355276,0.0528132764045
5.202756,0.994481651409,-0.91475659991,-0.0430903025892,0.681213792547,0.0330567526477,1.65769891201,0.0493675474409
5.212742,0.993241723982,-0.915223132944,-0.0430193894044,0.680974967953,0.0334401786907,1.65727099958,0.0459461640457
5.222728,0.992229994542,-0.915288536742,-0.0430766882733,0.680822193519,0.0336474871317,1.65701372633,0.0423602027853
5.232714,0.99085987479,-0.915502762307,-0.0433109861571,0.680785568707,0.0336074607096,1.65687105064,0.0387871068776
5.242700,0.988896875132,-0.916062527723,-0.0435084034266,0.680913122038,0.0332890125665,1.65666761933,0.0359189618028
5.252686,0.986946103562,-0.916742049252,-0.0436087184405,0.681067344837,0.0330565161139,1.656337893,0.0342111358964
5.262672,0.985394059908,-0.91749115233,-0.0437657632328,0.68109853141,0.0329843451141,1.65605181606,0.0332027300086
5.272658,0.983757807795,-0.918064140513,-0.0439544529514,0.681416973649,0.0329303984517,1.65592245691,0.0315723453627
5.282643,0.981645059416,-0.918530386646,-0.0439896383655,0.681891049136,0.0329887184032,1.65567527573,0.0285152606565
5.292629,0.979182342754,-0.919002194739,-0.0438414536662,0.681875003734,0.0328922773196,1.65565947978,0.0247621475068
5.302615,0.976321797081,-0.919507954674,-0.0435535847438,0.681503648049,0.032428492192,1.65570705933,0.0211379176206
5.312601,0.973531845916,-0.920013080175,-0.0437648831588,0.681174219467,0.0322469384796,1.65541579968,0.0177694528242
5.322587,0.970598901302,-0.919672967659,-0.0440172260437,0.680829798509,0.0322243936169,1.65520364092,0.0148713111613
5.332573,0.967419956529,-0.919526718966,-0.0440080271862,0.680609477306,0.032148760077,1.65508432052,0.0123502493338
5.342559,0.964283406569,-0.919945515559,-0.0437110507437,0.680284200891,0.0319263535814,1.65463051211,0.0101366870566
5.352545,0.96116139387,-0.920419550491,-0.0437731567091,0.679985694159,0.0318612062163,1.6541508819,0.0082508862748
5.362531,0.957888290693,-0.920751088203,-0.0439542288735,0.67990022352,0.032038740423,1.65393643045,0.00647194809301
5.372517,0.954396895882,-0.921018146642,-0.0441447914711,0.680046646154,0.0320613752941,1.65385117796,0.00431235287565
5.382503,0.950737681323,-0.921217416993,-0.0443298866431,0.680336110065,0.0320680370039,1.65390475601,0.00117179996584
5.392488,0.946861064805,-0.921198321669,-0.0441939832399,0.680667605338,0.0324478653851,1.65422524156,-0.00303419393171
5.402474,0.942647930955,-0.921307554781,-0.0439830470747,0.680895280731,0.0331018777868,1.65459111312,-0.00764533910292
5.412460,0.938310659468,-0.921870665183,-0.0439729765552,0.681128755172,0.0335755064279,1.654793962,-0.0114672773501
5.422446,0.934071930411,-0.922456194148,-0.0437676280006,0.681758855847,0.0337215587428,1.65484512957,-0.0136913380165
5.432432,0.929603016665,-0.922831415119,-0.0435968270529,0.682727551165,0.0338513200649,1.6545655259,-0.0150112602759
5.442418,0.925110588726,-0.923207676529,-0.0436645920603,0.683519114179,0.0341693359466,1.65443223941,-0.0166160742203
5.452404,0.920949447798,-0.923661176038,-0.0436783849912,0.683964303958,0.0344943577251,1.65491350374,-0.0182554336178
5.462390,0.916706710106,-0.924263404722,-0.043543084707,0.68453498063,0.0345862413383,1.65541352913,-0.0198317735627
5.472376,0.91236380025,-0.92470230042,-0.0436894521084,0.685293695839,0.0345289131337,1.65566744994,-0.0214518760509
5.482362,0.907646108087,-0.925005026598,-0.0436025614078,0.68611617729,0.0346721992955,1.65551890891,-0.0236195195617
5.492347,0.903014503836,-0.925486974267,-0.043291471991,0.686785055177,0.0351765460571,1.65526527822,-0.0264643170224
5.502333,0.898460135321,-0.926054045106,-0.0433566972256,0.687535779801,0.0355426419372,1.65549768808,-0.0293597359627
5.512319,0.893793232289,-0.926668174443,-0.0438775111533,0.688641400035,0.0358655558809,1.65588422451,-0.0322802206224
5.522305,0.888780501028,-0.927090840733,-0.0440554719597,0.689561465957,0.0360121381048,1.65596641465,-0.0352358820891
5.532291,0.883988506748,-0.927696188389,-0.0439976836142,0.690043124747,0.0362628397992,1.65604045335,-0.0384779666531
5.542277,0.879407135526,-0.928302056893,-0.0439899917395,0.69042318502,0.0366867588536,1.65634983947,-0.0418250408139
5.552263,0.874743073925,-0.928764132026,-0.043950844176,0.691164451548,0.0369906828314,1.65646408081,-0.045059025897
5.562249,0.869837753444,-0.928891681057,-0.0437393779646,0.692135325348,0.0370113682264,1.65621449555,-0.0480434941608
5.572235,0.864645561556,-0.928758160353,-0.0436112593793,0.692975575247,0.0369301748281,1.65591171133,-0.0504115983299
5.582221,0.859358717933,-0.928908625918,-0.0437618836038,0.693692380642,0.0369475670074,1.65563244864,-0.0518672229199
5.592207,0.854251848327,-0.929247701154,-0.0438146028482,0.694293848868,0.0369309479096,1.65529506568,-0.0526392399437
5.602192,0.849154933373,-0.929302955395,-0.0437490259485,0.694710498468,0.036619287984,1.65503047427,-0.0531608175758
5.612178,0.843844172572,-0.929407175911,-0.0438228046243,0.695184197374,0.0363592444539,1.65514137313,-0.0541878915329
5.622164,0.838419158314,-0.929792660291,-0.0442382388952,0.695944839796,0.0364121082574,1.65552452006,-0.0562057902667
5.632150,0.83297323403,-0.92981910022,-0.0441674713461,0.6964063212,0.036194036069,1.6557009813,-0.0588122234583
5.642136,0.827671379811,-0.929434043178,-0.0436031114181,0.696801770822,0.0355475236718,1.65541324348,-0.0610224961334
5.652122,0.822192314636,-0.929156797602,-0.0433223336704,0.69755052249,0.0351706097257,1.65548308388,-0.0629887411501
5.662108,0.816419635731,-0.929044853165,-0.0433112879516,0.697859930309,0.0350196589802,1.65541269919,-0.0648239004363
5.672094,0.810392042018,-0.92900360361,-0.0432387821251,0.697964052476,0.0346405474397,1.65495755931,-0.0664032341715
5.682080,0.804458420882,-0.928622050538,-0.0435999350246,0.698260827704,0.0342638119637,1.6547043092,-0.0676435070738
5.692066,0.79848715576,-0.928285817741,-0.0441315331728,0.698387558742,0.0342390030991,1.65467615478,-0.0686530850482
5.702051,0.792203680527,-0.928361435142,-0.0442165445834,0.69845336716,0.0342585076444,1.65450628239,-0.0699920976679
5.712037,0.785848980803,-0.928778633001,-0.0439167802965,0.698785709718,0.0340771286362,1.65447334166,-0.0721055953788
5.722023,0.779805106228,-0.929126706772,-0.043773888596,0.699087754324,0.0338365162844,1.65445169528,-0.0751157111043
5.732009,0.774105686676,-0.929207217293,-0.0437311398409,0.699235715839,0.0338224749517,1.65412259075,-0.0784684141949
5.741995,0.768423290586,-0.929116555982,-0.0435400703334,0.699433436984,0.0341317932952,1.6537766682,-0.0811652513683
5.751981,0.762437383071,-0.929020899703,-0.0435685512497,0.699389293612,0.0345730454008,1.65350637175,-0.0827078172969
5.761967,0.756326861732,-0.929302592446,-0.0437040536463,0.699154123051,0.0349864336176,1.65318047967,-0.083257586341
5.771953,0.750349052881,-0.92962112281,-0.0437553331504,0.698879908473,0.0353428856705,1.6532730222,-0.0835330989632
5.781939,0.744353742421,-0.929606772792,-0.0438724386315,0.698717876531,0.0359248580804,1.65336998192,-0.0837176448292
5.791925,0.738339773671,-0.929669847513,-0.0438855090366,0.698807717392,0.0364445081572,1.65299102499,-0.083767752561
5.801911,0.732167933014,-0.929729364153,-0.0437524089685,0.698477334974,0.0371361314722,1.65246321392,-0.0843389937471
5.811896,0.72641898217,-0.929660743551,-0.0438027881724,0.697988495881,0.0374740191837,1.65194723315,-0.0854650906062
5.821882,0.720828322687,-0.929483092926,-0.043576687816,0.697763818073,0.0376057971574,1.65168696527,-0.087370409425
5.831868,0.71494514104,-0.929730486297,-0.0432393391609,0.697792663795,0.037844301437,1.65148211251,-0.09000668741
5.841854,0.709221890231,-0.929944174644,-0.0432617920004,0.698099097578,0.0382356935024,1.65115960642,-0.0932974030997
5.851840,0.703410993189,-0.930133506772,-0.0432769010156,0.698276263681,0.0386219155898,1.65075421609,-0.0972940522996
5.861826,0.697595335639,-0.930274063456,-0.0431201244767,0.698079380763,0.0393012639479,1.65018817691,-0.102067895565
5.871812,0.691993897546,-0.930276483446,-0.0430675102547,0.697897754182,0.0400818612472,1.6495818847,-0.107676787943
5.881798,0.686561010762,-0.930179339338,-0.0432962896667,0.697738354131,0.0407224580912,1.64919933171,-0.113929515008
5.891784,0.681216535627,-0.93006763262,-0.0434931521466,0.697570943239,0.0413197219824,1.64903812016,-0.120771888352
5.901770,0.675933438522,-0.929891974175,-0.0434302826622,0.697676803248,0.0421398250901,1.64905373092,-0.12818111291
5.911755,0.670519406088,-0.929798978369,-0.0433590953057,0.697892697419,0.0432741881867,1.6493129814,-0.13578003933
5.921741,0.664894551294,-0.930117420943,-0.0434054801825,0.697877604784,0.0442353590701,1.64953338115,-0.143579357504
5.931727,0.659461171374,-0.930106393823,-0.0436296047863,0.697742726385,0.0447458144746,1.6497096574,-0.151976997291
5.941713,0.65425531989,-0.929840817152,-0.0434198129542,0.69777667126,0.0452173985488,1.65001337241,-0.160449752694
5.951699,0.648894431925,-0.929946323055,-0.0430279473882,0.697962782936,0.0458450497626,1.65005402201,-0.16900973998
5.961685,0.643900668396,-0.929945442051,-0.0430815158533,0.698337957348,0.0465222469131,1.65022319188,-0.176702020442
5.971671,0.63935884433,-0.929634289945,-0.0432882157525,0.698824360601,0.0464268024437,1.65054078042,-0.183047588299
5.981657,0.634463909665,-0.929680739845,-0.0430860901388,0.699209246129,0.0463710754411,1.65088761764,-0.188771853658
5.991643,0.628603573342,-0.930044295215,-0.0430171687248,0.699265288694,0.0465293841813,1.6512975817,-0.19462891932
6.001629,0.623243584997,-0.930135844986,-0.0430586102088,0.699186266635,0.046639153487,1.65177112209,-0.200901986803
6.011614,0.618411823505,-0.930006737257,-0.0432409861525,0.699194782969,0.0469305378897,1.65218501357,-0.208313873462
6.021600,0.613593664682,-0.929761523646,-0.0432143566721,0.699172333785,0.0471235588065,1.6524124179,-0.215905633386
6.031586,0.60863233589,-0.92968087925,-0.0432324932646,0.69902497055,0.0469696756217,1.65246818983,-0.223088486468
6.041572,0.603487362287,-0.929709865802,-0.0433031228793,0.699103074315,0.0469447578568,1.6523355689,-0.22988274911
6.051558,0.598207086198,-0.92944052267,-0.0432377669989,0.699376595847,0.0470989410405,1.65230035171,-0.236331477055
6.061544,0.593061398733,-0.929042703434,-0.0431392819797,0.699550760166,0.0469867134515,1.65259795104,-0.242522003539
6.071530,0.588381579547,-0.929092103043,-0.0431026951607,0.699676697093,0.0467727719678,1.65287361351,-0.248541129729
6.081516,0.584122117575,-0.929300450359,-0.0430291909681,0.699678121794,0.0468556263755,1.65296047532,-0.254371342789
6.091502,0.579627489728,-0.929198499984,-0.0428241368947,0.699636411937,0.0472871401432,1.65321041018,-0.260048221037
6.101488,0.575025478927,-0.929156428106,-0.0429644322799,0.699517570562,0.0479210028133,1.65325863605,-0.265194639525
6.111474,0.570601701507,-0.929195033578,-0.0432706603565,0.699470576795,0.0484976258756,1.65327529212,-0.270689549497
6.121459,0.566108712422,-0.929175889318,-0.0431368060013,0.699512219433,0.0487537796376,1.65363878512,-0.276528953175
6.131445,0.561124188316,-0.929320152319,-0.0429348814363,0.699494616216,0.0487478484578,1.6541246284,-0.283059028753
6.141431,0.556266768968,-0.929199489752,-0.0427705733577,0.699672036596,0.0488626695642,1.65451973281,-0.289309524766
6.151417,0.55171820897,-0.929062410413,-0.0426125291346,0.69985802003,0.0497501973612,1.65477579528,-0.294086658132
6.161403,0.547456293467,-0.929229248696,-0.0426560053598,0.700159677927,0.0504490933546,1.65528672415,-0.297595919279
6.171389,0.543188568248,-0.929385784981,-0.0426254783999,0.700389366292,0.0511195569149,1.65567054689,-0.300880981982
6.181375,0.538708256946,-0.929484583508,-0.0425651442438,0.700474738858,0.0519435032787,1.65589254016,-0.304318160118
6.191361,0.534397395275,-0.92974395939,-0.0427506008641,0.700576909027,0.052755606147,1.65657080746,-0.30720420733
6.201347,0.530684628051,-0.929852032004,-0.0429480190469,0.700733440307,0.0536097224861,1.65754949033,-0.30963861763
6.211333,0.527331867781,-0.92983449284,-0.0431112277516,0.700764711979,0.0547533379932,1.65848230132,-0.312525722361
6.221318,0.523830387891,-0.929918626304,-0.0433492644761,0.70067092394,0.0561450501787,1.65953657017,-0.316037582273
6.231304,0.520238181355,-0.929888331512,-0.0433317799065,0.700643000077,0.0573767635868,1.6608368486,-0.319479088497
6.241290,0.516803027769,-0.929812861433,-0.0430397246126,0.700607824627,0.0583279304443,1.66218400318,-0.322617363113
6.251276,0.513124537353,-0.929966071715,-0.0430691298801,0.700414702193,0.0596012830739,1.66341513931,-0.326009691139
6.261262,0.509367463031,-0.930157578322,-0.0431040510629,0.700215436673,0.0612354791858,1.66482183404,-0.329862881852
6.271248,0.506133318089,-0.930263844369,-0.0427692113601,0.699920687063,0.0627369068026,1.66647003854,-0.334243534957
6.281234,0.503294161425,-0.930206400219,-0.0429045176499,0.699879029236,0.0646191912894,1.66792489534,-0.338463099032
6.291220,0.500762299438,-0.93023505096,-0.042804443021,0.700075170123,0.066149752584,1.66974474992,-0.342543636365
6.301206,0.497103957592,-0.930314659192,-0.0429074840124,0.700200256224,0.0672393049214,1.67166502517,-0.346691500084
6.311192,0.493823219352,-0.929899667774,-0.0432194388521,0.700148483237,0.0683241887543,1.67337230359,-0.350392242258
6.321178,0.490973841711,-0.930008896024,-0.0431793522893,0.700084077174,0.0691600528321,1.67478895181,-0.354109128353
6.331163,0.487858040551,-0.930209102028,-0.043022113936,0.700330208961,0.0701027188579,1.6766227241,-0.357880909231
6.341149,0.484990429358,-0.929937652091,-0.043076442314,0.700496511813,0.0710933380589,1.67855713927,-0.361565383882
6.351135,0.482298511839,-0.929433957273,-0.0433323096083,0.700800913559,0.0719862250743,1.67998953639,-0.365241945991
6.361121,0.479608195322,-0.929169758178,-0.0435118930837,0.701320624917,0.072894785318,1.68135498119,-0.368791943278
6.371107,0.476789522638,-0.929216184041,-0.0434965432886,0.701706760009,0.0737908004916,1.6828707121,-0.371898655271
6.381093,0.473939564849,-0.929234869484,-0.0432777678626,0.701903835674,0.0746015480848,1.684187724,-0.374682363118
6.391079,0.471474123933,-0.928948680725,-0.0428807876671,0.702169956642,0.0752990299618,1.68529044555,-0.377515916646
6.401065,0.469379990132,-0.928494500676,-0.0427197772071,0.702615311177,0.0758571896089,1.68642470039,-0.380272181441
6.411051,0.467067635714,-0.928236450043,-0.0431782112951,0.703321417972,0.0764948467687,1.68765065637,-0.382669740925
6.421037,0.464517851562,-0.92840757294,-0.0434047702568,0.704046011307,0.0768282876648,1.68884756956,-0.384814139207
6.431022,0.462321705977,-0.928708237006,-0.0431629584044,0.704786060595,0.0770330826909,1.68974286718,-0.386865099601
6.441008,0.46037296539,-0.928775638003,-0.0427408601865,0.705561439112,0.0771633002146,1.69036518451,-0.389292118846
6.450994,0.458457590841,-0.928796859754,-0.0427682023494,0.706620237857,0.0771763528097,1.69110633937,-0.391720160657
6.460980,0.45692858453,-0.929363380063,-0.0427400756061,0.708041511232,0.0768705706901,1.69146700471,-0.394324806832
6.470966,0.455276885691,-0.929677506065,-0.0429122910638,0.709467133211,0.0767980110128,1.69128776014,-0.397564449012
6.480952,0.453308629132,-0.929450575649,-0.0430495591723,0.710688402335,0.077040925213,1.69153969166,-0.400275309705
6.490938,0.451293942801,-0.929467960475,-0.0430226646659,0.711889992851,0.0771457445648,1.69175770559,-0.402308971277
6.500924,0.449260260771,-0.929661420613,-0.0429493775259,0.713307756005,0.0770392146163,1.69206132935,-0.404473807816
6.510910,0.447568369,-0.929926025642,-0.0431296088945,0.714846618454,0.0770473464145,1.69253161245,-0.407258118
6.520896,0.446207223582,-0.930211278932,-0.0431080940757,0.716463054148,0.0770977170754,1.69322054792,-0.410105737507
6.530882,0.444873281177,-0.930496472915,-0.0427195028731,0.717863524319,0.076855795799,1.69385766622,-0.412571998465
6.540867,0.443104981184,-0.930966353518,-0.0425460018124,0.719054693073,0.0763942023577,1.69416841546,-0.415068820882
6.550853,0.44136195505,-0.931490092517,-0.0429022771478,0.720427704049,0.0760145551389,1.69431672183,-0.417663173155
6.560839,0.440524894148,-0.931600350423,-0.0433068149814,0.721926501428,0.075766901726,1.69441664595,-0.419833673732
6.570825,0.439623324903,-0.931537912499,-0.0433292146555,0.723237379868,0.0756436037706,1.69431707458,-0.42186781824
6.580811,0.438256753865,-0.931706242307,-0.0433292565522,0.724499214721,0.0754567443075,1.69450083321,-0.423821012683
6.590797,0.436846954276,-0.932204932995,-0.0433308529751,0.726248443093,0.0747670768962,1.69496111847,-0.425893424356
6.600783,0.435527449217,-0.932570998923,-0.0433485869093,0.728031058249,0.0743925135537,1.69537193186,-0.428516260586
6.610769,0.434760384667,-0.933584183286,-0.0434363816968,0.729679607085,0.0743443957542,1.69530926744,-0.4303170143
6.620755,0.433679567744,-0.934677996439,-0.0430786910433,0.731654160954,0.0746451249128,1.6945926309,-0.43136528511
6.630741,0.433089956484,-0.934902446732,-0.0426335616254,0.733935143332,0.0747052837702,1.69375089292,-0.432599428456
6.640726,0.432190948343,-0.935520149685,-0.0429630745449,0.736254975667,0.0744436300937,1.69347525233,-0.434314520857
6.650712,0.431015785149,-0.935860082879,-0.0430193954484,0.738115685338,0.0744350267204,1.69300306104,-0.435666715752
6.660698,0.429804109959,-0.936047736079,-0.0428486585195,0.739658023894,0.0747304068394,1.69245124369,-0.436917373011
6.670684,0.428693665801,-0.936345341243,-0.043060125593,0.741422368015,0.0748831713588,1.6917839631,-0.438042128089
6.680670,0.427994744613,-0.936808333846,-0.0432995473512,0.743234270405,0.0749832780349,1.69107201608,-0.438987836725
6.690656,0.427407171553,-0.93749691782,-0.0430842303153,0.744952945585,0.0752299204682,1.69059424227,-0.439696692243
6.700642,0.426441670257,-0.938253524408,-0.0427871084724,0.746809673624,0.0755158833131,1.69052716177,-0.44027787755
6.710628,0.42540421221,-0.938885770543,-0.0429391636572,0.748642756053,0.0757693018197,1.69069178352,-0.44086626679
6.720614,0.424805435574,-0.93945266208,-0.0433383527663,0.750223098401,0.0760842283022,1.69079454915,-0.441241359139
6.730600,0.424356600521,-0.939864886858,-0.0434841506887,0.75198477316,0.0762404009968,1.69073770086,-0.441264104209
6.740586,0.423718422899,-0.940074151184,-0.0433414922615,0.753750921771,0.0757860984974,1.69049401795,-0.441377803946
6.750571,0.422798329484,-0.940707561166,-0.0433581006267,0.755199403243,0.0752833010253,1.69057903782,-0.441536601323
6.760557,0.422041441892,-0.94081163639,-0.0434695969689,0.756555898275,0.0754172359477,1.69078625077,-0.441632745126
6.770543,0.421409383219,-0.940947105282,-0.0433978995772,0.758210860248,0.0757549649879,1.69060169391,-0.441642000185
6.780529,0.421293942435,-0.941793766975,-0.0432936672938,0.759803089489,0.0759471858167,1.69056189998,-0.441425261046
6.790515,0.420681546293,-0.942835890244,-0.043499701508,0.760732042319,0.0758303649091,1.6902916109,-0.441496706208
6.800501,0.420009998509,-0.94363430103,-0.0433682614886,0.762055065941,0.0756348725473,1.69001861355,-0.441636435308
6.810487,0.41943660157,-0.943881134908,-0.0432235167965,0.763279371375,0.0755897877664,1.68997724923,-0.441544564817
6.820473,0.418932427673,-0.944114283464,-0.0432408053079,0.764448660425,0.0757060090699,1.68973333981,-0.441527654321
6.830459,0.418346672906,-0.944889480736,-0.0433356048748,0.765639836521,0.0760744894497,1.68947674026,-0.441589952599
6.840445,0.418016312588,-0.945780172761,-0.0432375601721,0.766792677368,0.0764133918967,1.68938115016,-0.441526720671
6.850430,0.417872092019,-0.946511586543,-0.0432245123123,0.768031360642,0.0763638051085,1.6893808968,-0.441409367566
6.860416,0.417435992902,-0.947225424914,-0.0433247661869,0.768875411368,0.0762338581985,1.68951238232,-0.441152564947
6.870402,0.416926878857,-0.947835720167,-0.0433308664098,0.769218907696,0.0764275676991,1.68971565799,-0.44105222681
6.880388,0.416725402629,-0.94826114416,-0.0433308888388,0.769763878065,0.076578161152,1.68971313024,-0.441455992782
6.890374,0.416503680014,-0.948791746039,-0.0433335208661,0.770454283005,0.0762252655808,1.68966711828,-0.4416770891
6.900360,0.416562397801,-0.949467690773,-0.043365552705,0.771012841462,0.0757758218337,1.69001418818,-0.441463914097
6.910346,0.416892780935,-0.950421501236,-0.0434349636508,0.771583063467,0.0757564057581,1.68999214147,-0.441102970785
6.920332,0.416997377781,-0.951376577651,-0.0431921801493,0.771536417665,0.0760411023136,1.68985796501,-0.440909325697
6.930318,0.41701860289,-0.951586938792,-0.0427393512715,0.771120728724,0.0759666705365,1.69014106145,-0.441154240862
6.940304,0.417645139794,-0.952091388993,-0.0428027319958,0.771705376194,0.0757280321942,1.68992203304,-0.441526517396
6.950289,0.417759596349,-0.952788543335,-0.0431458935841,0.772149419526,0.0761471196549,1.69032480323,-0.441535028088
6.960275,0.417252308771,-0.953376539019,-0.0435087343065,0.771674465632,0.0764281851362,1.69036241423,-0.441504666224
6.970261,0.417396265585,-0.953788717875,-0.0431168165914,0.771293269894,0.0762075215646,1.68999583731,-0.441478084547
6.980247,0.417241592978,-0.954271572908,-0.0429521209579,0.771573917643,0.0759615096402,1.69001466158,-0.441555379263
6.990233,0.416812265173,-0.955013322838,-0.0429370243192,0.771579492636,0.075893325558,1.69017177095,-0.441697822587
7.000219,0.416882175987,-0.955723178153,-0.0428493131943,0.771127931599,0.0760648698949,1.69034700674,-0.441567041253
7.010205,0.417244091631,-0.956021526826,-0.0427551230787,0.77098939529,0.0763278025236,1.69035281788,-0.441187928001
7.020191,0.417414746786,-0.956108470918,-0.0428193334005,0.771166424298,0.0762954666735,1.69010954854,-0.440944954667
7.030177,0.417195955163,-0.956341805844,-0.0429417082936,0.771132518056,0.0760112084779,1.6898787652,-0.441021841103
7.040163,0.417048564464,-0.95675054641,-0.0430523769751,0.771144837488,0.0758646859306,1.68994986191,-0.441161922088
7.050149,0.417570564148,-0.95727433857,-0.0432390277747,0.771680072673,0.0758569381285,1.69020415216,-0.441041688692
7.060134,0.417885493037,-0.957832652132,-0.0431286980478,0.77224083865,0.0759234378594,1.69024752582,-0.440895741108
7.070120,0.417857584593,-0.958354260587,-0.0428017161967,0.772294416417,0.0761455439545,1.69020346722,-0.441313693873
7.080106,0.41823452646,-0.958899798593,-0.0430722411136,0.771984405988,0.0761233440235,1.69024659714,-0.441305648003
7.090092,0.417814775709,-0.959260210829,-0.0430036984724,0.772359235008,0.0759425415072,1.69020567306,-0.440798915729
7.100078,0.417559691012,-0.959471889915,-0.0427446777166,0.772544625253,0.0761018310915,1.69053078661,-0.440362128869
7.110064,0.417628886818,-0.959484911392,-0.0429089781236,0.772109878314,0.0756804488614,1.69048227668,-0.440701713788
7.120050,0.41773963402,-0.95948375427,-0.0428132767766,0.77208456348,0.0759154806456,1.69036308122,-0.441022111571
7.130036,0.418002086585,-0.959705954458,-0.0429628501733,0.771803946382,0.0759197690203,1.69066636165,-0.440851007509
7.140022,0.417956390983,-0.959872162801,-0.0432769386938,0.771651924918,0.0758040192805,1.69076610247,-0.440911508185
7.150008,0.418215629485,-0.959637681502,-0.0432086505541,0.77165891263,0.0760358882464,1.69066927209,-0.44084936662
7.159993,0.418510162733,-0.959661444817,-0.0431477644293,0.771636885768,0.0761028611518,1.69057785864,-0.440647179053
7.169979,0.418123113256,-0.960088210221,-0.0430558541881,0.771715997861,0.0760912509317,1.69082404492,-0.440612514162
7.179965,0.417704562181,-0.960403022763,-0.043023977644,0.771737676235,0.0762544530084,1.69127257905,-0.440828170535
7.189951,0.417857073321,-0.960360667223,-0.0431245565871,0.771564375566,0.0762523554001,1.69145610619,-0.440969180629
7.199937,0.418049226014,-0.960229012597,-0.0430922018318,0.771422768378,0.0759610249932,1.69140762354,-0.440808269134
7.209923,0.41808464499,-0.960262009937,-0.0429504742341,0.771452522995,0.0758038735917,1.69149120272,-0.440659949578
7.219909,0.418363422447,-0.960414702843,-0.0428718368479,0.771602015235,0.0758283396541,1.69148359966,-0.440781486414
7.229895,0.418578490271,-0.96055808685,-0.042648541935,0.771742240089,0.075951655951,1.69111851075,-0.440767038077
7.239881,0.418542539224,-0.960413837356,-0.0427195906488,0.771595613565,0.0760235170011,1.69098178453,-0.440727029152
7.249867,0.417660340749,-0.96020050426,-0.0432742595012,0.771405142894,0.0761274989369,1.69104884689,-0.440577865046
7.259853,0.417569384888,-0.96004657052,-0.0428894888493,0.771665059536,0.0766745638163,1.69117829307,-0.440622982152
7.269838,0.418334804913,-0.959833241516,-0.0424002927603,0.772075530942,0.0766349397685,1.69078520371,-0.441004928231
7.279824,0.418709821491,-0.959922832685,-0.0426422571799,0.772002478216,0.0762473005537,1.69084911042,-0.440667368942
7.289810,0.418207439848,-0.959876837785,-0.0426414759001,0.771913979089,0.0761609311833,1.69092161469,-0.440519193704
7.299796,0.418216995633,-0.959315167237,-0.0424172186474,0.771828064762,0.0759339473377,1.69055730534,-0.440896270525
7.309782,0.418292756016,-0.958896792259,-0.042478902525,0.771603109877,0.0757485912047,1.69030649469,-0.440648262166
7.319768,0.418224995024,-0.958820006549,-0.0425520591514,0.771719224413,0.0758677109241,1.69032981985,-0.440296414448
7.329754,0.417981388007,-0.958719358056,-0.0425566673842,0.771979685665,0.0758611339757,1.69022320713,-0.440339695662
7.339740,0.41786528208,-0.958761506652,-0.0425569293162,0.772011404926,0.0758353709678,1.69026816528,-0.440523707879
7.349726,0.41810782815,-0.959035909455,-0.0426206367006,0.771900571978,0.0758733120729,1.69041972307,-0.440397107875
7.359712,0.418389836898,-0.959132112093,-0.0427886902829,0.771927971301,0.0756687106305,1.69016621433,-0.440233049627
7.369697,0.418470978627,-0.958949573497,-0.0429365981629,0.77197027239,0.0754236631619,1.68971063852,-0.440436128434
7.379683,0.418759695338,-0.958740978376,-0.0429461829928,0.771691331074,0.0755249344134,1.68956379367,-0.440421411312
7.389669,0.419277902825,-0.95838247101,-0.0429463196839,0.77151755226,0.0755429644685,1.68965080374,-0.440099489422
7.399655,0.419124518921,-0.95806992639,-0.0429281007733,0.771810576451,0.0753442640767,1.68957398755,-0.440174850157
7.409641,0.418191845995,-0.958125144164,-0.0427836701117,0.771881580483,0.0752041676811,1.68946057431,-0.440078156449
7.419627,0.418431756938,-0.958259759713,-0.042569328823,0.771812676575,0.0752666931531,1.68972346392,-0.439783221212
