time,right_s0,right_s1,right_e0,right_e1,right_w0,right_w1,right_w2
0.652171,0.757745713561,-0.729270278726,-0.854958786514,0.610287654149,0.802774044263,1.17230329081,-0.793501842553
0.662141,0.758972663681,-0.72929101518,-0.853634072241,0.611594738812,0.803900681799,1.17289209165,-0.791951317299
0.672112,0.759933581027,-0.729623802304,-0.852331441305,0.613110545142,0.805033944837,1.17339001729,-0.790514850461
0.682082,0.760914181315,-0.729937285396,-0.851104984562,0.614789649053,0.806037272884,1.17402414696,-0.789278823236
0.692052,0.762024067154,-0.730124690182,-0.849998423819,0.616670693898,0.806798181217,1.17484790411,-0.788202652288
0.702023,0.763196728043,-0.73030382282,-0.849045111835,0.618876390473,0.807228260883,1.17574105636,-0.787118789749
0.711993,0.764226418585,-0.730915097204,-0.8482493517,0.621502419172,0.807534214972,1.17618002571,-0.786274242034
0.721963,0.765186625387,-0.731837658927,-0.847531274782,0.624316741879,0.807957777803,1.17680907575,-0.785546672868
0.731934,0.766164680468,-0.732747201058,-0.84693158487,0.627345375536,0.808378232982,1.17747226825,-0.784722484503
0.741904,0.767154696377,-0.733536807804,-0.84642147384,0.630605914847,0.808716288171,1.17804664448,-0.78382442496
0.751874,0.768057566188,-0.734316954508,-0.845902621651,0.634107532272,0.808934075091,1.17844222522,-0.783111588033
0.761844,0.768670806807,-0.735405915323,-0.845232421757,0.637912029443,0.809115367791,1.17870332383,-0.782630865111
0.771815,0.769442278452,-0.736888452866,-0.844590328618,0.641909203584,0.809382480997,1.17880602401,-0.78221697094
0.781785,0.770221608719,-0.738475010785,-0.844097732802,0.646035166776,0.809551739682,1.17899958856,-0.781953724087
0.791755,0.770932537619,-0.740009617728,-0.843770156135,0.65022529229,0.809595607997,1.17943549933,-0.781819440512
0.801726,0.771572917574,-0.741469887342,-0.843517251702,0.65441421459,0.809642689265,1.18016745716,-0.781686933567
0.811696,0.772350763488,-0.743449791781,-0.843084139209,0.658762920044,0.809574759802,1.18088925755,-0.78131554671
0.821666,0.773204094273,-0.745393415393,-0.842761399419,0.66358554625,0.809246367454,1.18145007806,-0.781122586009
0.831637,0.774102961342,-0.7471009296,-0.842627787777,0.66872995325,0.80899738365,1.18200037396,-0.781129583832
0.841607,0.774994016487,-0.748621826363,-0.842591451143,0.673913129422,0.808864659269,1.18259281001,-0.781292335588
0.851577,0.775800511876,-0.750254918179,-0.84238992779,0.678721191485,0.808582024642,1.1831822604,-0.78150089973
0.861548,0.776604688164,-0.752454683784,-0.842242258057,0.683604115671,0.807929820084,1.18357245076,-0.781803792757
0.871518,0.777227053917,-0.754554763342,-0.842194288128,0.688936779421,0.807336713621,1.18385819028,-0.782375989783
0.881488,0.77772253369,-0.756638196031,-0.842047651128,0.69434115784,0.806805456558,1.18398503191,-0.783267116829
0.891459,0.77820123896,-0.758775567454,-0.841783626227,0.699541808813,0.806256924435,1.18399968323,-0.784436557658
0.901429,0.778828468122,-0.761025009642,-0.841563138633,0.70436587301,0.80553011703,1.18405000644,-0.785753453778
0.911399,0.779439941343,-0.763445375674,-0.841517414864,0.709280173574,0.804481770514,1.18430944931,-0.786942270986
0.921370,0.780096905183,-0.765889788989,-0.841530218449,0.714285643606,0.803404053902,1.1848622705,-0.788175883324
0.931340,0.780846811218,-0.768371663237,-0.841520446364,0.719563099216,0.802331390908,1.18552074336,-0.789604833001
0.941310,0.781694509451,-0.770817032803,-0.84145083423,0.725189131655,0.801281006865,1.18605037845,-0.791290403643
0.951280,0.782602248309,-0.773064552812,-0.841327956316,0.731136107312,0.800252928718,1.18616992359,-0.793204620294
0.961251,0.783359712554,-0.775222812434,-0.841273632368,0.736956903653,0.799215369261,1.18608763794,-0.795144776269
0.971221,0.784008353266,-0.777612105507,-0.841268275937,0.7426616695,0.797963390421,1.18606705088,-0.797228669538
0.981191,0.784786018194,-0.780275639481,-0.841212461127,0.748333253937,0.796491262287,1.18606330122,-0.799384018838
0.991162,0.785766343021,-0.783130556925,-0.841130019937,0.75398447267,0.794834148937,1.18608543509,-0.801540651207
1.001132,0.786858751365,-0.785967935525,-0.841168042263,0.759558108034,0.793068108441,1.18619640591,-0.803630501976
1.011102,0.787737547835,-0.78858590718,-0.841543064997,0.765199291957,0.791301200746,1.18639529194,-0.805865405261
1.021073,0.78850115842,-0.791000628808,-0.842067929657,0.77097298707,0.789461019165,1.18643033821,-0.808297997092
1.031043,0.789130280347,-0.793476063621,-0.842644826725,0.776744587616,0.787517941793,1.18637356238,-0.81083664809
1.041013,0.789709880393,-0.796136029809,-0.843139026136,0.782464492772,0.785491285712,1.18628090563,-0.813335736567
1.050984,0.790429194882,-0.79896420053,-0.843378877281,0.788168106652,0.783449306987,1.18619223264,-0.815595648522
1.060954,0.791421039465,-0.801651615386,-0.843460725477,0.794035565712,0.781699907381,1.18620306356,-0.817809975865
1.070924,0.792149093823,-0.804477810404,-0.843731846707,0.799809039901,0.77979150808,1.18623234181,-0.820227426647
1.080895,0.792803509342,-0.807340717607,-0.844137860169,0.80547968825,0.777678922779,1.18622428374,-0.822703723532
1.090865,0.793509706805,-0.810154787198,-0.844585500072,0.81111399546,0.775432046315,1.18616260869,-0.825114157138
1.100835,0.794328376394,-0.812850987554,-0.844942615635,0.816853771899,0.773235854662,1.18607053903,-0.82735358604
1.110805,0.795093555373,-0.815660061976,-0.845077257867,0.822516648534,0.771198785437,1.18605684178,-0.829292568672
1.120776,0.795749319291,-0.81834470392,-0.845413063757,0.828079550916,0.769095652753,1.18601364229,-0.831022060848
1.130746,0.796370793762,-0.820899884942,-0.845868165043,0.833513845531,0.767058708842,1.18593047553,-0.832556697027
1.140716,0.796966642759,-0.823444409988,-0.846320007552,0.838902071732,0.765088040471,1.18582927407,-0.833959327776
1.150687,0.797479068616,-0.826220917399,-0.846605351205,0.844437941741,0.763051568942,1.18576436809,-0.835341019773
1.160657,0.797967510285,-0.82906169717,-0.84690248232,0.850150983555,0.760636421958,1.18587482973,-0.836592861202
1.170627,0.798618160978,-0.831591067591,-0.847230012981,0.855608001491,0.75846411457,1.18609118795,-0.83767225209
1.180598,0.79944938943,-0.833953223774,-0.847558104268,0.860769739363,0.756365340498,1.18622391294,-0.838765819327
1.190568,0.800421140004,-0.836334778197,-0.847931308203,0.865690030017,0.754221604841,1.18626203666,-0.839929932982
1.200538,0.801434932683,-0.838964760697,-0.848468567745,0.87051579533,0.751965224081,1.18637315294,-0.841090706304
1.210509,0.802109635086,-0.841669641861,-0.849253645438,0.875507804004,0.749980112991,1.1865552625,-0.842070807252
1.220479,0.802816605475,-0.844053326731,-0.849917578114,0.880588792574,0.747974074552,1.18630696781,-0.843156401472
1.230449,0.803548968504,-0.846246506191,-0.850457678664,0.885508005975,0.745985775614,1.1859114439,-0.844284347924
1.240420,0.804243450628,-0.848396776064,-0.850897833791,0.890189677093,0.744023437411,1.18559252651,-0.845403699083
1.250390,0.804780380101,-0.850668637105,-0.851288504004,0.894733026765,0.742064835565,1.18551471214,-0.846475700935
1.260360,0.805242215311,-0.853057871558,-0.851687246704,0.89907611453,0.740403824323,1.18543968007,-0.84743477276
1.270331,0.805675752993,-0.855413666724,-0.85203853393,0.903349988913,0.738897143838,1.18522894358,-0.848266711253
1.280301,0.805968382677,-0.85770711304,-0.852462837596,0.907690821736,0.737404853521,1.18489940034,-0.849148752833
1.290271,0.806203190197,-0.859899752558,-0.853062989862,0.91206736791,0.735917691535,1.18454687224,-0.850229742057
1.300241,0.806658957696,-0.861943578943,-0.853924183129,0.916280965439,0.734557074794,1.18434610531,-0.851630131612
1.310212,0.807087906814,-0.864106841538,-0.854848322066,0.92011308391,0.733558310701,1.1843237354,-0.85304797964
1.320182,0.807294920777,-0.866307795806,-0.855602708441,0.92382702998,0.732666941772,1.18396750967,-0.854226912362
1.330152,0.807502549027,-0.868419331844,-0.856310489385,0.927622281498,0.731719862083,1.18340287349,-0.855216367073
1.340123,0.807842033342,-0.870462301199,-0.857078217881,0.931575691948,0.730654057157,1.18273833443,-0.856147308288
1.350093,0.80835330784,-0.872605516878,-0.857995852762,0.935641490446,0.729506603963,1.18206546215,-0.857232227745
1.360063,0.80875066305,-0.874812104585,-0.85895848611,0.939279544008,0.728411932712,1.18144578846,-0.858485573044
1.370034,0.809108852572,-0.876619865104,-0.859872080779,0.942619825861,0.727511598249,1.18093690909,-0.859702751086
1.380004,0.809434536445,-0.878116125565,-0.860831309035,0.945836445476,0.7268119843,1.18031042721,-0.860820954429
1.389974,0.809709937707,-0.879542302294,-0.861895395771,0.949079652405,0.72625846585,1.1794375099,-0.861805285624
1.399945,0.809892842391,-0.881293900813,-0.863088118509,0.952475836285,0.725735409149,1.17828888822,-0.862648757217
1.409915,0.810181481856,-0.883324508696,-0.864564274445,0.955957485241,0.72519455822,1.17722383731,-0.863587716895
1.419885,0.810531615782,-0.885111546893,-0.866058831029,0.959450524144,0.72454915303,1.17605412554,-0.864534300798
1.429856,0.81080782085,-0.886779306996,-0.867532969549,0.962851568628,0.723900888311,1.17473553738,-0.865433032713
1.439826,0.810946413055,-0.888446335949,-0.868991475565,0.96606777043,0.723333234531,1.17323733737,-0.866324466426
1.449796,0.810955447706,-0.890225436043,-0.870482738904,0.969016817381,0.722911437903,1.17154227012,-0.867345185724
1.459767,0.81107643438,-0.891793433962,-0.871858121448,0.972032481447,0.722480197195,1.16952038686,-0.868552881158
1.469737,0.811338428282,-0.893236811462,-0.873397821665,0.975285124391,0.722066319861,1.16751532931,-0.869750160445
1.479707,0.811631677728,-0.894686822772,-0.875132679495,0.978493167755,0.72167598147,1.16548844814,-0.870955672446
1.489677,0.81189319389,-0.896149008339,-0.876959628082,0.981518571537,0.721267558979,1.16338619065,-0.872095436502
1.499648,0.812106750803,-0.897503194833,-0.878641693779,0.984366834189,0.720751630722,1.16114010073,-0.873002842433
1.509618,0.812332001813,-0.898638037971,-0.880134643814,0.98745099118,0.720191671474,1.15890382809,-0.87350954449
1.519588,0.812611925274,-0.90001927332,-0.881640700411,0.990491215785,0.719701290332,1.15663271232,-0.873941056292
1.529559,0.812917007772,-0.901622520274,-0.883191790178,0.99350157517,0.719252155569,1.15424950847,-0.87422039834
1.539529,0.813172837361,-0.903326623054,-0.884816189607,0.996495668202,0.718795622989,1.15176084873,-0.874234239706
1.549499,0.813260103555,-0.904913650697,-0.88653852507,0.999486625449,0.718262735929,1.14925724247,-0.873832898033
1.559470,0.813239089209,-0.906196253559,-0.888283604895,1.00228078834,0.717493110887,1.14698021597,-0.873368484664
1.569440,0.813295574994,-0.907319754655,-0.890137398927,1.00526662676,0.716874003016,1.1447621224,-0.873096238667
1.579410,0.81331201978,-0.908413012471,-0.892066451251,1.00832316469,0.716428022775,1.14240958562,-0.872767640992
1.589381,0.813273488126,-0.909502614418,-0.893964415061,1.0112909565,0.716078307116,1.13975240261,-0.872363852083
1.599351,0.813267650275,-0.910512876832,-0.895652052658,1.01397208694,0.715648519488,1.1366435435,-0.872095711883
1.609321,0.813511828944,-0.911502518475,-0.897280635963,1.01656287042,0.715008586814,1.13315142162,-0.872584293096
1.619292,0.813678365081,-0.912683805136,-0.898958736174,1.01919377875,0.714304566287,1.12973531878,-0.873156090989
1.629262,0.81374720336,-0.913977462213,-0.900651865504,1.02189202089,0.713698595965,1.12657164638,-0.873800881869
1.639232,0.813727455814,-0.915279526184,-0.902365713001,1.02466457184,0.71326703841,1.12372451899,-0.874512131825
1.649203,0.813657401841,-0.916461344617,-0.904146144552,1.02749817267,0.71300048069,1.12114575435,-0.875286996729
1.659173,0.813577193778,-0.9176435047,-0.905985597252,1.03022363838,0.712794715685,1.11833441478,-0.875912978906
1.669143,0.813467969997,-0.91884415149,-0.9078811991,1.03292679451,0.712580459153,1.11539191583,-0.876520656215
1.679113,0.813267165747,-0.920014970384,-0.9097930045,1.03565764665,0.712290766414,1.11246476209,-0.87724504731
1.689084,0.813020460836,-0.92115173348,-0.911714746348,1.0384610614,0.711914841476,1.1095776096,-0.878094654937
1.699054,0.812881779627,-0.922294299584,-0.913673836029,1.04137676636,0.711498037035,1.10663326583,-0.878951465938
1.709024,0.812902927496,-0.923599849238,-0.915552586993,1.04428576374,0.711080235834,1.10354934569,-0.879476124269
1.718995,0.81272840677,-0.924811845905,-0.917328589631,1.04698703714,0.710648857359,1.10049065438,-0.880050402889
1.728965,0.812482291049,-0.925850465163,-0.918926785409,1.04967353635,0.710147591942,1.0974960424,-0.880708079457
1.738935,0.812241052603,-0.926746963745,-0.920331592586,1.05246271254,0.709570067668,1.09455797411,-0.881433663931
1.748906,0.812033562373,-0.927643679544,-0.921586906214,1.05539651825,0.708959850379,1.0916225277,-0.882162398563
1.758876,0.811664769559,-0.928680028565,-0.923339149558,1.058361229,0.708513927203,1.08856903223,-0.883010099523
1.768846,0.811440424254,-0.929808269638,-0.925300337557,1.06138502006,0.708167450537,1.08559328921,-0.883855265959
1.778817,0.811296254622,-0.930986512938,-0.927142512931,1.06434052123,0.707856997756,1.08259296631,-0.884687251793
1.788787,0.811064071469,-0.932161191502,-0.928723614777,1.06718936417,0.70753606153,1.07954986034,-0.885500301502
1.798757,0.810471768238,-0.933267061228,-0.93008747857,1.06998218247,0.707175049827,1.07652989726,-0.886293550112
1.808728,0.809678795369,-0.934312117745,-0.931706551057,1.07294932177,0.706879439794,1.073928935,-0.886943884791
1.818698,0.80904799414,-0.935439739182,-0.933441256616,1.07594373135,0.706587146943,1.07139264573,-0.887575458393
1.828668,0.808483779861,-0.936615915635,-0.935009540102,1.07877034486,0.706256036966,1.06886471238,-0.888195047812
1.838639,0.807882697049,-0.937772235694,-0.936345644304,1.08138731208,0.705875786193,1.06631361142,-0.888791197962
1.848609,0.807133419433,-0.938805886442,-0.937600109941,1.08390599893,0.705467881594,1.06373261279,-0.889334221786
1.858579,0.806286421609,-0.939737226331,-0.939179146452,1.08683581427,0.705147053604,1.06117290135,-0.889936567313
1.868549,0.805663053788,-0.940623000843,-0.940794085388,1.08974722054,0.704972736866,1.05880695208,-0.890574402183
1.878520,0.80511355453,-0.941525101276,-0.942281380922,1.09250777335,0.704816650955,1.05652335785,-0.891190154056
1.888490,0.804471544741,-0.942501994133,-0.943608394703,1.09517057778,0.704584125911,1.05426572039,-0.891771466568
1.898460,0.803554027675,-0.943608721124,-0.944873395847,1.09797428835,0.704214102238,1.05203265023,-0.892351199328
1.908431,0.802546471362,-0.944593008533,-0.946235782781,1.10100853697,0.703695648647,1.05014156744,-0.893049148218
1.918401,0.801506821462,-0.945317845669,-0.947697856676,1.10394800636,0.70323215043,1.04836670153,-0.893742835918
1.928371,0.800473804234,-0.945925078625,-0.949245503103,1.10670240622,0.702952337392,1.04659988674,-0.894405347349
1.938342,0.799460888957,-0.946579239349,-0.95078604988,1.10927750827,0.702807586877,1.04480943205,-0.89506300019
1.948312,0.798456287925,-0.947467545649,-0.952148267074,1.11177514625,0.702571923757,1.04304012124,-0.895795344878
1.958282,0.797315833359,-0.948403766628,-0.953155310908,1.11438323631,0.702112313175,1.04115701031,-0.896516595955
1.968253,0.796221538158,-0.94915262069,-0.954116904241,1.11703461001,0.701688347016,1.0391822735,-0.897086772974
1.978223,0.795162336563,-0.949884000098,-0.955173914411,1.11971309576,0.701372280844,1.0372946486,-0.897615589958
1.988193,0.794064220022,-0.950698946618,-0.956392104446,1.12239439764,0.70118799774,1.03553866077,-0.898152644719
1.998164,0.792790237194,-0.951629651516,-0.957762133065,1.12504609543,0.701111008305,1.03382462253,-0.898687418854
2.008134,0.791209581679,-0.952163767946,-0.959085354576,1.12753903718,0.700827969153,1.03205706885,-0.898990803585
2.018104,0.789688386338,-0.952515207794,-0.960156307044,1.12998927341,0.700433344901,1.03052124949,-0.899257138635
2.028074,0.788263415468,-0.952954764178,-0.961021199231,1.13241053956,0.70001589103,1.02907488528,-0.899619558867
2.038045,0.786846486238,-0.953606137059,-0.961771085312,1.1347794778,0.699648022452,1.02756892131,-0.900165982911
2.048015,0.785224468686,-0.954445933237,-0.962541864873,1.13703563696,0.69938581351,1.02584752692,-0.900939113158
2.057985,0.783497848253,-0.955254393372,-0.963130936831,1.13931882963,0.699254906118,1.02412606649,-0.901609100447
2.067956,0.781768832238,-0.9558196831,-0.963605104561,1.14168542425,0.699052712945,1.02250161748,-0.902097692375
2.077926,0.779968859388,-0.956286725599,-0.964126560141,1.14403062822,0.698807273931,1.02090428949,-0.902576056632
2.087896,0.77808063241,-0.956815780402,-0.964722442718,1.14627565527,0.698563645683,1.01925539487,-0.903097983091
2.097867,0.776138117968,-0.957582443388,-0.965284838511,1.14836772548,0.698383901476,1.01746744868,-0.903599883808
2.107837,0.774274009148,-0.958277022695,-0.965654438653,1.15026861435,0.698105750159,1.01563681979,-0.904045471142
2.117807,0.772506033341,-0.958697462988,-0.966109105375,1.15216196915,0.697904820695,1.01386308614,-0.904545817797
2.127778,0.770769205278,-0.958975137792,-0.966554598131,1.15411423766,0.697800581525,1.01206118727,-0.904996035279
2.137748,0.76897259751,-0.95923804504,-0.966861732561,1.15607741658,0.697705127986,1.01023431725,-0.905367321197
2.147718,0.766999340407,-0.959610807071,-0.966866380491,1.15788905154,0.697423182307,1.0084739246,-0.905706959259
2.157689,0.764772680176,-0.960114300988,-0.966868496396,1.15964784212,0.696985631409,1.00689509515,-0.906092072674
2.167659,0.762572446619,-0.960662193134,-0.966917813771,1.16156778708,0.696698137571,1.00526415219,-0.906547194966
2.177629,0.760521081852,-0.961175089683,-0.96697621098,1.16359695033,0.696529916124,1.00364030875,-0.90709975197
2.187600,0.758599060692,-0.961583610589,-0.967007755086,1.16567045125,0.69645804396,1.0020437007,-0.907695855273
2.197570,0.756644890664,-0.961828389589,-0.966978701854,1.16771046469,0.696467459538,1.00045538683,-0.908200302218
2.207540,0.75444756287,-0.961944034961,-0.967097904139,1.16945024552,0.696590062832,0.998747127887,-0.908599584043
2.217510,0.75215860072,-0.962227937092,-0.967435325349,1.17095603475,0.696437499316,0.997034004125,-0.908856748027
2.227481,0.749864003922,-0.962671330804,-0.967724310524,1.17239294461,0.695990219762,0.995296117125,-0.908965214646
2.237451,0.747644501162,-0.963142437338,-0.967835031808,1.17387102773,0.69538221538,0.993533906634,-0.90907222431
2.247421,0.745575550095,-0.96338646435,-0.967774488452,1.17544527712,0.694901017813,0.991768150567,-0.909478837362
2.257392,0.743463493843,-0.963398595165,-0.967922494598,1.17696959695,0.694744229916,0.990546292276,-0.91009754043
2.267362,0.741188138432,-0.963524895293,-0.968141730871,1.17849300118,0.694701227166,0.989448023814,-0.910653720514
2.277332,0.738855576695,-0.963695565013,-0.968291945947,1.18004283083,0.694664314225,0.988202577214,-0.911105325983
2.287303,0.736568282539,-0.963879435066,-0.968380193262,1.18154393736,0.694648879004,0.986788728791,-0.911392717409
2.297273,0.734425110944,-0.964083966661,-0.968560831009,1.18281868267,0.694793392662,0.985434799136,-0.911438667561
2.307243,0.732360145231,-0.964312379103,-0.968772391676,1.1837143055,0.694938321948,0.984088560166,-0.911512811898
2.317214,0.730104380516,-0.964451479405,-0.968915675983,1.18457544539,0.694756427048,0.982706861297,-0.911687223622
2.327184,0.727665897412,-0.964484919941,-0.969029640195,1.18554475485,0.694407890524,0.98121164126,-0.911972723281
2.337154,0.725131925312,-0.964370784003,-0.969123987571,1.186640241,0.694041684681,0.979579561148,-0.912396071838
2.347125,0.722668842385,-0.964041585807,-0.969179168361,1.1877552656,0.69379557156,0.977842004412,-0.912999970674
2.357095,0.720323560977,-0.963582085533,-0.969199548688,1.18856948336,0.693627331881,0.976381658282,-0.913486864928
2.367065,0.717973520651,-0.963180536706,-0.969237261234,1.1892857182,0.693497192586,0.97482927395,-0.91387363266
2.377036,0.715658311903,-0.962803783548,-0.969291128148,1.18999351028,0.693442899698,0.97305919953,-0.914182406802
2.387006,0.713384487324,-0.962445894429,-0.969404432885,1.19071791058,0.693451394047,0.971171346931,-0.914377133323
2.396976,0.711125561602,-0.96212816186,-0.969664920202,1.19141948089,0.693458811265,0.969491191857,-0.914363571237
2.406946,0.708789104736,-0.961942152894,-0.969957679765,1.19217310677,0.693006567802,0.967804869725,-0.914360786144
2.416917,0.706264664485,-0.961730382958,-0.969977327443,1.19304966302,0.69252272768,0.965865510922,-0.914701671897
2.426887,0.703519095009,-0.961326103687,-0.969963126717,1.19386675252,0.692235834474,0.963935076259,-0.91512533162
2.436857,0.700665171626,-0.960656248955,-0.970074403944,1.19453850171,0.692180009141,0.962108026863,-0.915462952694
2.446828,0.697961590807,-0.959741434869,-0.970390548357,1.19507556062,0.69219495002,0.960311324178,-0.915637806757
2.456798,0.695330049397,-0.959208720699,-0.970510944158,1.19576200376,0.692165238173,0.958063312922,-0.915882465813
2.466768,0.692631579498,-0.958976894347,-0.970439372099,1.19651187013,0.692160469646,0.955771779511,-0.916143523566
2.476739,0.689860688474,-0.958712612217,-0.97027952749,1.19713640948,0.692212426535,0.953574467359,-0.916417516815
2.486709,0.687004976269,-0.958273908704,-0.970128666294,1.1975763393,0.692308685424,0.951494963164,-0.916697179575
2.496679,0.684045135409,-0.957710196196,-0.970077605133,1.19790184479,0.692392617386,0.949442696906,-0.916971443079
2.506650,0.681524224904,-0.957187116373,-0.970195271833,1.19848912073,0.69258426433,0.947248336905,-0.917136278309
2.516620,0.679217521922,-0.95659419691,-0.97022581071,1.19903053658,0.692914534661,0.945031620783,-0.91743265313
2.526590,0.676889762455,-0.956012302753,-0.970225803608,1.19954020397,0.693158353583,0.942854032171,-0.917828410807
2.536561,0.674481221929,-0.955512964627,-0.970219792662,1.20005856352,0.693224924046,0.940761233594,-0.918228510914
2.546531,0.672107715214,-0.95515837904,-0.970200280301,1.20065238482,0.69315772674,0.938783066464,-0.918475029339
2.556501,0.669747169839,-0.954971529031,-0.970249626696,1.20123686164,0.69301373418,0.937052513637,-0.918542936717
2.566472,0.667252327206,-0.954724697141,-0.97033425469,1.20170960651,0.692951296137,0.935405736077,-0.9186348302
2.576442,0.664647862879,-0.954312762867,-0.970267837792,1.20214434492,0.692903741479,0.933708180543,-0.918753021481
2.586412,0.662014575727,-0.953665809479,-0.970101524609,1.20255188551,0.692868731374,0.931923621211,-0.918871203719
2.596382,0.659489387925,-0.95274912402,-0.970123938845,1.20288012008,0.692908259293,0.93011415967,-0.918934451546
2.606353,0.657081116789,-0.951731606878,-0.970355731736,1.20323451846,0.693106274352,0.928122523978,-0.919093451368
2.616323,0.654756298972,-0.950863304657,-0.970491827273,1.203745553,0.693196954067,0.92619343096,-0.919381872738
2.626293,0.652541459084,-0.950097896469,-0.970583906379,1.20423745091,0.693366742894,0.924402734319,-0.919693798472
2.636264,0.650398322952,-0.949407091379,-0.970695545527,1.20463181995,0.693646174217,0.922656671862,-0.91997166026
2.646234,0.648223817625,-0.94878062841,-0.970902216743,1.20494764851,0.693909870354,0.920691865505,-0.920206238667
2.656204,0.645901020161,-0.948013789752,-0.971022943847,1.205382542,0.693644261773,0.918606049904,-0.920470080857
2.666175,0.643609545513,-0.94719093401,-0.970864576763,1.20595443978,0.693223844776,0.916844429971,-0.92068636443
2.676145,0.641436584275,-0.946460926912,-0.970810822809,1.20654399602,0.69287227204,0.915304843363,-0.920935059066
2.686115,0.639419353039,-0.945812758262,-0.971020309078,1.20701888272,0.69271448085,0.913846457226,-0.921312587331
2.696086,0.637545094404,-0.945075541936,-0.971426582434,1.20723378969,0.692776693098,0.912289768195,-0.921931824678
2.706056,0.635711756937,-0.944317124957,-0.971476065873,1.20739062211,0.692853497072,0.910617274753,-0.922807245343
2.716026,0.633883020418,-0.943652908527,-0.971188216124,1.20761350286,0.692940353568,0.908954441909,-0.923694526232
2.725997,0.632007519344,-0.942957334419,-0.970961662453,1.20788668446,0.69310900232,0.907292717213,-0.924369808189
2.735967,0.630100513987,-0.942177866129,-0.970983248214,1.20820503469,0.693396338567,0.905647103904,-0.924748892365
2.745937,0.62824389039,-0.941334988874,-0.971228030848,1.20857403649,0.693804413051,0.904056160905,-0.924887240221
2.755907,0.62623164905,-0.940485636802,-0.971239069816,1.2089690288,0.694164890055,0.902600497711,-0.924969739979
2.765878,0.624247023891,-0.939510044767,-0.971160868315,1.20935820274,0.694626090068,0.90127871375,-0.924987999015
2.775848,0.622373957675,-0.938536359734,-0.971055362271,1.20972218829,0.695205524524,0.900057709553,-0.925002351232
2.785818,0.620645531035,-0.937674201514,-0.970939462136,1.20999312834,0.695776173688,0.898896433725,-0.925059618228
2.795789,0.619043962476,-0.937014662766,-0.970785052898,1.21005467876,0.69606648665,0.89774588294,-0.925193109292
2.805759,0.617522076523,-0.936281684558,-0.970671545093,1.21016744812,0.696397628647,0.896382761294,-0.925331120931
2.815729,0.616089793048,-0.935293577309,-0.970743502049,1.21036135794,0.696694660825,0.894932611726,-0.925499647842
2.825700,0.61454165734,-0.934323389749,-0.970967523844,1.21051629562,0.697057101435,0.893392308423,-0.925693289406
2.835670,0.612893960742,-0.933535525981,-0.971234974689,1.21062981203,0.697557578054,0.891852145932,-0.925871011594
2.845640,0.611384740643,-0.932985745476,-0.971361982921,1.2108171215,0.698241827575,0.890495839154,-0.92595614696
2.855611,0.610216845231,-0.931934938608,-0.971331902761,1.21108305392,0.698709911164,0.889619852087,-0.925981566991
2.865581,0.608992967589,-0.930901486806,-0.971246961638,1.21125153537,0.699240120103,0.88856875702,-0.92615510451
2.875551,0.60774682451,-0.929968854967,-0.971253587299,1.21139519341,0.699866339376,0.887348440583,-0.926440757618
2.885522,0.606518559493,-0.929183194816,-0.971347829606,1.21155144048,0.700428605249,0.886043133063,-0.926758999513
2.895492,0.605354742752,-0.928553344902,-0.97137536054,1.21172247393,0.700573105271,0.884815408403,-0.926986778496
2.905462,0.604311661301,-0.928124690558,-0.97129403665,1.21194612141,0.700744391431,0.883568164359,-0.927014100692
2.915433,0.60322623331,-0.927524407029,-0.971302875519,1.2120847563,0.701153486303,0.882505238346,-0.926967486394
2.925403,0.602190649401,-0.926767155988,-0.971255311983,1.21213503861,0.701657870113,0.881530864772,-0.926873267231
2.935373,0.601187372776,-0.925888582391,-0.971077705002,1.21208596809,0.702172050832,0.880547904933,-0.926810412924
2.945343,0.600089139222,-0.924945314483,-0.970769337665,1.2119188843,0.70266756418,0.879457847009,-0.926910531291
2.955314,0.599152893495,-0.924054437618,-0.970638563021,1.21183440295,0.702945996294,0.878268825977,-0.927001697099
2.965284,0.598425693937,-0.923504734296,-0.97072648868,1.21196901238,0.703283669408,0.877141246461,-0.927050247334
2.975254,0.597785352497,-0.923131301983,-0.970704566913,1.21216449984,0.70369325621,0.876086795063,-0.927021976016
2.985225,0.597163500392,-0.922811882999,-0.970517726282,1.21235020924,0.704254240154,0.875076324246,-0.926933571913
2.995195,0.596545588109,-0.922466864519,-0.970384371644,1.21254304115,0.705112915465,0.874039852335,-0.926852618536
3.005165,0.596092649122,-0.922035859268,-0.970404547592,1.21242299769,0.705337514533,0.873294270548,-0.926911657041
3.015136,0.595803809681,-0.921421312198,-0.970553418276,1.21217483319,0.704950311936,0.87280622443,-0.926813140098
3.025106,0.595446538519,-0.920734287045,-0.970789563241,1.21201547214,0.704662343229,0.872251804995,-0.92669286568
3.035076,0.595002390243,-0.920082987439,-0.971004108657,1.21194121649,0.704699668313,0.871578391875,-0.926687349545
3.045047,0.594667005334,-0.919572756905,-0.971020727322,1.21172774563,0.704803371433,0.871004653322,-0.926933825239
3.055017,0.594523771407,-0.919095922402,-0.971084749111,1.2114418006,0.704626599143,0.870816701571,-0.92676129761
3.064987,0.594263113311,-0.918588733032,-0.971172260649,1.21094713742,0.70445257064,0.870733993963,-0.926434159764
3.074958,0.593940683299,-0.918086491797,-0.97129594348,1.21036712436,0.704399157588,0.870621162485,-0.926074544815
3.084928,0.593624805076,-0.917576725194,-0.971375312144,1.20983991021,0.704489164745,0.870490436286,-0.925783715913
3.094898,0.593396473796,-0.916999183212,-0.971236714177,1.20951842422,0.704650329969,0.87050164168,-0.925642066239
3.104869,0.593244039256,-0.916330144494,-0.971238379849,1.2088268997,0.704661055061,0.870818459066,-0.92565220592
3.114839,0.592947979213,-0.915635910281,-0.971272381973,1.20819270135,0.704424057241,0.871099393492,-0.925655343205
3.124809,0.592581832959,-0.915050145047,-0.9711212067,1.20771692953,0.704218276622,0.8714287586,-0.925694344605
3.134779,0.592285866397,-0.914531039074,-0.970840095289,1.20727357133,0.704167694292,0.87185089979,-0.925803881974
3.144750,0.59226707205,-0.913861308449,-0.970757044106,1.20650950061,0.70424133231,0.87237019422,-0.9260104325
3.154720,0.592505267535,-0.913215169302,-0.970840575454,1.20564826308,0.704286517396,0.872807643353,-0.926052804189
3.164690,0.59249991853,-0.912908409478,-0.971030016991,1.20494315951,0.704144553738,0.873089897194,-0.92609475557
3.174661,0.592446528034,-0.912697757117,-0.971305508762,1.20422985195,0.703972844395,0.873177044513,-0.926088606881
3.184631,0.592478908134,-0.912376928427,-0.971600008918,1.20345667771,0.70385362398,0.873149800361,-0.92606250464
3.194601,0.592669180004,-0.911776627685,-0.97179929372,1.20268464942,0.703793958666,0.873209506059,-0.926120421645
3.204572,0.592820450224,-0.911200672348,-0.971745987499,1.20195681506,0.703781260678,0.873374140234,-0.926138441622
3.214542,0.592787541259,-0.910628433379,-0.97171989072,1.20133013427,0.703759735846,0.873519862143,-0.926113546378
3.224512,0.592572493584,-0.909960737038,-0.971741857153,1.20076707081,0.703749242114,0.873797958687,-0.926110397498
3.234483,0.59227507575,-0.909267912293,-0.971771079384,1.20017520535,0.703702490613,0.874262906534,-0.926142835465
3.244453,0.592092784376,-0.908789790822,-0.971705088814,1.19940723543,0.703505045663,0.874872372117,-0.926173879662
3.254423,0.592213933142,-0.908450552433,-0.971629256831,1.19828120409,0.703470715922,0.875343976164,-0.926060912693
3.264394,0.592206271982,-0.908197618915,-0.97149931224,1.19712243239,0.703316341467,0.875751363572,-0.925960015629
3.274364,0.592236085002,-0.907951444863,-0.971441790988,1.19614211836,0.703008431682,0.876165750523,-0.92583062261
3.284334,0.592405998972,-0.907654455137,-0.971457569011,1.19543110378,0.702692221414,0.876590844494,-0.925648929331
3.294305,0.59275498333,-0.907271044864,-0.971421862236,1.19495987409,0.702691670973,0.876962844257,-0.925407893036
3.304275,0.593052526086,-0.906739677111,-0.9717079065,1.19420269785,0.702730381412,0.877367803969,-0.925104936597
3.314245,0.593212228726,-0.90601314543,-0.971884096029,1.19317825806,0.702950725987,0.87792531863,-0.92470605652
3.324215,0.593213070024,-0.905271903829,-0.971941306485,1.19225304412,0.703209412806,0.878484331162,-0.92401172778
3.334186,0.593097018421,-0.904697155062,-0.97189068587,1.19148740908,0.703407693721,0.879000449954,-0.92299936279
3.344156,0.592969032024,-0.904470850628,-0.971763654522,1.19063556967,0.703491364339,0.879535948857,-0.921823311399
3.354126,0.592940285744,-0.903889094285,-0.971620731602,1.18952190421,0.703337840606,0.880275440145,-0.92065664633
3.364097,0.593007717866,-0.903139199832,-0.971555003442,1.18848981894,0.703027443045,0.881162482334,-0.919269974181
3.374067,0.593032800423,-0.902420097727,-0.971603534952,1.18741921912,0.702806251302,0.882103232848,-0.917643763802
3.384037,0.592894599616,-0.901745820702,-0.971748330149,1.18627187037,0.702826137401,0.883022967288,-0.915885088297
3.394008,0.592489775809,-0.900945503763,-0.971916332155,1.18509139868,0.703144765738,0.883866079435,-0.914227625022
3.403978,0.592300263091,-0.900197951156,-0.971905431942,1.18381013039,0.70302178926,0.88491659759,-0.912657630945
3.413948,0.59234426679,-0.899504780264,-0.971909025086,1.18253797275,0.702693506024,0.886145103696,-0.911015738462
3.423919,0.592584365591,-0.898791447286,-0.971896349488,1.18131047297,0.702409356382,0.887488167699,-0.909359230211
3.433889,0.59286159317,-0.898047901908,-0.971925000238,1.18008748595,0.702294117715,0.888855397194,-0.907754848232
3.443859,0.592895438201,-0.89732858731,-0.972140929616,1.17875317431,0.702347904431,0.89012943743,-0.906278793968
3.453830,0.592722998723,-0.896427162793,-0.97212903875,1.17724404022,0.702554601694,0.891443744913,-0.904995706938
3.463800,0.592584686435,-0.895529732984,-0.971946485718,1.17560246114,0.702905059852,0.892862230175,-0.904003900485
3.473770,0.592423291027,-0.894521159518,-0.97184995899,1.17382465634,0.703025222055,0.894373284741,-0.903342213479
3.483741,0.592307870444,-0.893366344811,-0.971895873075,1.17200173736,0.702811078483,0.895913709836,-0.902919271807
3.493711,0.592433750885,-0.892110232059,-0.971940368511,1.17031970801,0.702428666342,0.897368716386,-0.902513488379
3.503681,0.592445573688,-0.891016456175,-0.971773591273,1.16894804978,0.702196120653,0.898517610856,-0.901545978638
3.513651,0.592365220785,-0.890200881742,-0.971707536955,1.16740578016,0.702065051839,0.899660666633,-0.900214930811
3.523622,0.592303676061,-0.889252096594,-0.971748739786,1.16557596175,0.702153749992,0.900926420127,-0.898436619532
3.533592,0.592283396938,-0.88804371861,-0.97174835166,1.16353726339,0.702309449438,0.902284330919,-0.89631378248
3.543562,0.592238314372,-0.886734395715,-0.971402142134,1.16156396014,0.70210832874,0.903544781763,-0.894135620374
3.553533,0.592369875329,-0.885750836099,-0.971289092481,1.15999562211,0.702042877836,0.904839449204,-0.892692429045
3.563503,0.592485303071,-0.884825016033,-0.971711669967,1.1583347766,0.70209887485,0.906211842647,-0.891435038812
3.573473,0.592448540029,-0.883941225991,-0.972304363972,1.15665499865,0.702001968261,0.907604964264,-0.890335906531
3.583444,0.592334885673,-0.883041795432,-0.972683061316,1.1550118026,0.701751694176,0.908959724649,-0.889344063062
3.593414,0.592430996516,-0.882027092808,-0.972445046258,1.15344264212,0.701621476329,0.910214942811,-0.888385113262
3.603384,0.592474649908,-0.880859873406,-0.972720873988,1.15134422524,0.701177819213,0.91150276926,-0.88737887136
3.613355,0.592458565215,-0.879901147128,-0.972771447041,1.14927247047,0.700727962609,0.912868566168,-0.886358926809
3.623325,0.592640067949,-0.87919513945,-0.972709725144,1.14727786676,0.700445494844,0.914257896405,-0.885427494776
3.633295,0.592974483035,-0.878514385368,-0.972622992557,1.14537705858,0.700384917243,0.91561933313,-0.884485675993
3.643266,0.593115134808,-0.877359729398,-0.97257285807,1.14355284598,0.70048164413,0.916904459787,-0.883233456757
3.653236,0.592925150286,-0.876440719208,-0.972535644685,1.14165464881,0.700922195814,0.918297820357,-0.881779484346
3.663206,0.592702341068,-0.875760399188,-0.972544148219,1.13981665744,0.701035383772,0.919734654706,-0.880487561719
3.673176,0.592512829824,-0.874956048924,-0.972516774809,1.13802703514,0.700896507922,0.921207991414,-0.879275530481
3.683147,0.592430969806,-0.873877829766,-0.972394456156,1.13625117351,0.700707800581,0.922690730836,-0.878050129236
3.693117,0.592539344851,-0.872588784835,-0.972140649523,1.13443169244,0.700798426476,0.924135645101,-0.876706993584
3.703087,0.592701944028,-0.871874841358,-0.972426437572,1.1326638563,0.700680716298,0.925527772575,-0.875101954698
3.713058,0.592637926794,-0.871161567178,-0.972528103623,1.13083102761,0.700667715416,0.927040997401,-0.873508436092
3.723028,0.592299410342,-0.870486795575,-0.972589325617,1.12898565817,0.700762845163,0.928527040676,-0.872197800791
3.732998,0.591899793128,-0.869819135164,-0.972617140728,1.12719624479,0.700831172385,0.929987633555,-0.87104986344
3.742969,0.591913754866,-0.869057969899,-0.972481945375,1.12554732932,0.700599409446,0.93157451725,-0.869552890306
3.752939,0.591926017417,-0.86849694305,-0.972245636667,1.12413484392,0.700422692836,0.933205020526,-0.867924700024
3.762909,0.591913943052,-0.867814055193,-0.97229898861,1.12232701165,0.700498194046,0.93469427311,-0.866583999012
3.772880,0.591839436848,-0.866899714204,-0.972446843736,1.12038833801,0.700573073754,0.93610520794,-0.865268837525
3.782850,0.591710771826,-0.865946326642,-0.972542226589,1.11848591505,0.700590064464,0.937510270926,-0.863849804275
3.792820,0.591582588949,-0.865448297755,-0.972486343729,1.11668942136,0.700687470511,0.938991420959,-0.862330026436
3.802791,0.59156417426,-0.864727120931,-0.972244218852,1.11480099778,0.700535761741,0.940083698405,-0.860870675582
3.812761,0.591485731176,-0.86385182445,-0.972130048556,1.11272946728,0.700383251225,0.941179103391,-0.859573486424
3.822731,0.591425652006,-0.862941558972,-0.972280164432,1.11072939857,0.70026992794,0.942361308381,-0.858346093756
3.832702,0.591397182071,-0.862027975709,-0.972583831683,1.1089143929,0.700126241118,0.943648460416,-0.857099431564
3.842672,0.591348419707,-0.861055226421,-0.972683249125,1.10725708402,0.699773100246,0.944993181115,-0.855747733016
3.852642,0.591024289291,-0.860473560038,-0.97276888355,1.10517167859,0.699259540378,0.946257090775,-0.854507625622
3.862612,0.590964526967,-0.859952543082,-0.972926024487,1.10329849234,0.699146767843,0.947451106492,-0.853206041294
3.872583,0.590945632769,-0.859239754121,-0.972917097609,1.10149585179,0.699367259258,0.94856731076,-0.851924285163
3.882553,0.590811284476,-0.85825886838,-0.972741965044,1.09967180539,0.699715937462,0.94954918039,-0.850699210942
3.892523,0.590472337614,-0.857109657734,-0.972637925373,1.09778412359,0.69985017152,0.950291586506,-0.849523220927
3.902494,0.590458050913,-0.856298833451,-0.972497877248,1.09561621046,0.699753619156,0.951038020448,-0.848370353047
3.912464,0.590139099869,-0.855784646002,-0.972597341317,1.09358762896,0.699448998991,0.951741075935,-0.847538532207
3.922434,0.589833193331,-0.855118933208,-0.972731822409,1.09177042858,0.699168793813,0.952583662621,-0.846843318795
3.932405,0.589628716635,-0.854062595913,-0.972758998768,1.09005081391,0.699043442992,0.953555404447,-0.846092652609
3.942375,0.589384731607,-0.852585597986,-0.972598722062,1.08812914466,0.699101342482,0.954452639641,-0.845086852863
