time,right_s0,right_s1,right_e0,right_e1,right_w0,right_w1,right_w2
0.652752,0.838968521852,-0.928384341194,-0.836135568669,0.999219457342,0.592669587794,1.36946886656,-0.84515256597
0.662728,0.839984743664,-0.927320711805,-0.835301010477,0.999244373679,0.594058236214,1.36946341354,-0.844309170508
0.672705,0.841032035231,-0.926407640159,-0.834587059925,0.999149790934,0.595300368784,1.36948820957,-0.843308288527
0.682681,0.841980003943,-0.9252165502,-0.833885924506,0.998919184183,0.59651031462,1.36946432205,-0.842528874564
0.692658,0.842778497883,-0.923715032114,-0.833198611428,0.998519593121,0.597707112918,1.36927595789,-0.841830716985
0.702634,0.843399993861,-0.922086631555,-0.832504562959,0.997902810515,0.598943076901,1.36888716642,-0.841005565332
0.712611,0.843812145625,-0.920552954373,-0.83169320028,0.997027896886,0.600360917531,1.36840806159,-0.840119830529
0.722587,0.844129473297,-0.919031939927,-0.830807095483,0.996070101166,0.60185404548,1.36796433132,-0.839718097813
0.732564,0.84465687145,-0.917283972021,-0.830219142039,0.994856687767,0.603276799799,1.36781906231,-0.83927812816
0.742540,0.845087564986,-0.915465074103,-0.829744011836,0.993340780534,0.604715801289,1.36779020456,-0.838586162901
0.752516,0.845252572299,-0.913815311046,-0.829273501219,0.991574035759,0.606248229031,1.36779002504,-0.837729907219
0.762493,0.845184078343,-0.912389940853,-0.828796878985,0.989586711059,0.607917715381,1.3677835061,-0.836837611026
0.772469,0.845101369532,-0.911003758787,-0.828358146221,0.987378758112,0.609717015338,1.36776151097,-0.835980157469
0.782446,0.845285319424,-0.909358636165,-0.827819125194,0.985057067736,0.611568456266,1.36764311222,-0.835141627149
0.792422,0.845304778675,-0.907461808859,-0.827002413777,0.982573120419,0.613474876586,1.36753308916,-0.834123616378
0.802399,0.845026082217,-0.905401176548,-0.826268141921,0.979877021479,0.615501419559,1.3675013303,-0.832897226349
0.812375,0.844615184535,-0.903260623396,-0.825835308145,0.977067411015,0.617631297455,1.36750975679,-0.831680784098
0.822352,0.844180948059,-0.901140473397,-0.825640377494,0.974204030362,0.61976132519,1.36749997156,-0.830525715006
0.832328,0.843753807459,-0.899094623489,-0.825423319956,0.971278049576,0.621794318898,1.36745233539,-0.829378028231
0.842304,0.843345209441,-0.897029550188,-0.824922522717,0.968210984581,0.623795949931,1.36746674541,-0.828298108352
0.852281,0.842862651157,-0.89509744459,-0.824573934747,0.96516997313,0.625891743049,1.36750363331,-0.827319572349
0.862257,0.84243166414,-0.893289703825,-0.82446344169,0.962088702544,0.627861384473,1.36743202358,-0.826268369806
0.872234,0.841958702022,-0.891230510092,-0.824195442628,0.958695442042,0.629833330467,1.36725876891,-0.825311111325
0.882210,0.841503554754,-0.888844142353,-0.823766689133,0.955047602726,0.631994674251,1.36702018186,-0.824405293991
0.892187,0.841117211687,-0.886276221912,-0.823379359761,0.951348651982,0.634424779911,1.36676837774,-0.823394025055
0.902163,0.840695811286,-0.883770573702,-0.823217983574,0.947748593963,0.636978626952,1.36655923019,-0.822150721138
0.912140,0.839977184588,-0.881290186817,-0.823026467441,0.944057488527,0.639560055962,1.36646098393,-0.82136080549
0.922116,0.839016318306,-0.878790867463,-0.822883747283,0.940253318674,0.641942237422,1.36645406755,-0.820679655778
0.932093,0.838092511988,-0.876591267509,-0.822662670098,0.936424696304,0.64392502825,1.3663675835,-0.819684403431
0.942069,0.837408370229,-0.874625484224,-0.822453866393,0.932545080817,0.645797979692,1.36626958548,-0.818563439628
0.952045,0.836887246787,-0.872616331265,-0.822372240815,0.928533078759,0.647788218059,1.36627877081,-0.817557660227
0.962022,0.836179666597,-0.870256829562,-0.822420766504,0.924327910861,0.649895906135,1.36644512068,-0.816712158954
0.971998,0.835084689702,-0.867701325349,-0.822177982277,0.920152031676,0.65231744289,1.36653625184,-0.815805465302
0.981975,0.834120329347,-0.865262071342,-0.821905173743,0.915934394594,0.654738487925,1.36641321276,-0.814987238554
0.991951,0.833120484179,-0.862823365425,-0.821954353745,0.911782324282,0.656913134519,1.36621256791,-0.814251047125
1.001928,0.83216458275,-0.860257869983,-0.821973273137,0.907556835291,0.65897488486,1.36601496263,-0.813476973864
1.011904,0.831343673047,-0.857675775422,-0.821721827504,0.903221041432,0.661118220164,1.36586797911,-0.812681621988
1.021881,0.830647641228,-0.855303840835,-0.821245408314,0.898838419973,0.663441765659,1.36578639668,-0.811963039804
1.031857,0.82980013537,-0.853123939551,-0.820925143201,0.894426540991,0.665737634966,1.36576155878,-0.811274447656
1.041833,0.828859633193,-0.850744329644,-0.821036862071,0.88988507297,0.668154682201,1.36571157361,-0.810735048249
1.051810,0.827916797934,-0.848339889664,-0.821062467039,0.885484119631,0.670630067543,1.36568568137,-0.810228071444
1.061786,0.827014819389,-0.845852319292,-0.821040452041,0.881288932093,0.673069422033,1.36563573533,-0.809585238482
1.071763,0.826129948484,-0.843355583729,-0.820998480858,0.877181182875,0.675462013654,1.36554957103,-0.808745527839
1.081739,0.825198191173,-0.840950485782,-0.820948260352,0.872977076578,0.677862054993,1.36544000908,-0.807791746754
1.091716,0.824157892367,-0.838627908585,-0.820905141475,0.868567580058,0.680351638602,1.36532249949,-0.806954953878
1.101692,0.823260671644,-0.836077557825,-0.820805580205,0.864210035751,0.682911605843,1.36515295665,-0.806234201553
1.111669,0.822383750144,-0.833658787558,-0.820873378733,0.859762675094,0.685811961117,1.36480886652,-0.805603078083
1.121645,0.821369676305,-0.831573160846,-0.821044674498,0.855140968701,0.688567670916,1.36457361768,-0.80475577367
1.131621,0.820277020544,-0.829676014316,-0.821122742501,0.85047836957,0.691007561014,1.36441467636,-0.803626892031
1.141598,0.819186224605,-0.827682481263,-0.820990976653,0.845913144398,0.693208251506,1.36422194216,-0.802333812567
1.151574,0.818121013329,-0.82533759385,-0.820746467923,0.841471941703,0.695412513365,1.36394750865,-0.801099929735
1.161551,0.817250200249,-0.82271595001,-0.820876343769,0.837080109639,0.697734870642,1.36370139749,-0.799991732316
1.171527,0.81621812502,-0.820346311376,-0.821163433857,0.832859197076,0.700298823424,1.36339831503,-0.798566146191
1.181504,0.815255494114,-0.818275634381,-0.821245946828,0.828656845206,0.702729293656,1.36303564601,-0.797060349925
1.191480,0.814368765876,-0.816285154622,-0.821207031324,0.824216324476,0.705101152878,1.36275224542,-0.795553209868
1.201457,0.813405607961,-0.814121790563,-0.821199022578,0.81954047154,0.707645127239,1.36254555782,-0.7940444555
1.211433,0.812235288812,-0.811648024564,-0.821314478586,0.814888414764,0.710507565515,1.36227543691,-0.792516313635
1.221409,0.811227473068,-0.809064493017,-0.821473943859,0.810533202827,0.71325811522,1.36185593631,-0.791086789794
1.231386,0.810275689284,-0.806714371006,-0.821374913483,0.805991978039,0.715320332868,1.36159623299,-0.789686751158
1.241362,0.809226488982,-0.804420547528,-0.821255092807,0.801518714541,0.717132388984,1.36134843726,-0.788332084555
1.251339,0.808023688725,-0.802120631752,-0.821234506838,0.797186583008,0.719027286745,1.36093693267,-0.787083034959
1.261315,0.80674944273,-0.799849978197,-0.821332526701,0.792991034623,0.720996944983,1.36032246936,-0.785892029685
1.271292,0.805493641985,-0.797651017563,-0.821497670489,0.788787551374,0.72287469481,1.35960481062,-0.784716661211
1.281268,0.804181131006,-0.79545365502,-0.821656749194,0.78422074385,0.724623852069,1.35898909712,-0.783679128677
1.291245,0.802910573684,-0.793176071735,-0.821846185385,0.779410451991,0.726372945952,1.35821157626,-0.782778413283
1.301221,0.801930443726,-0.790910509856,-0.822101407847,0.774902523328,0.727973335572,1.35725223177,-0.782051348288
1.311198,0.801098422891,-0.788769977618,-0.822334851005,0.77082001482,0.729383487161,1.35627522886,-0.781393074397
1.321174,0.800312254306,-0.786603414834,-0.822490116679,0.766783432015,0.730726549347,1.3552513438,-0.780550894691
1.331150,0.799459622704,-0.784267719037,-0.822515899146,0.762394829619,0.732061958141,1.3540662464,-0.779458136711
1.341127,0.798425935826,-0.781816034408,-0.822390145392,0.757591000859,0.733260844271,1.3526390995,-0.778427848329
1.351103,0.797458718226,-0.779587966536,-0.822554597624,0.752873601939,0.734213703131,1.3513418084,-0.778062828712
1.361080,0.796679570309,-0.777430275848,-0.822849719096,0.748592464714,0.735535668809,1.35002249709,-0.777897479976
1.371056,0.795777741557,-0.775299061193,-0.823036928327,0.744598293802,0.737222695721,1.34850625094,-0.777656371598
1.381033,0.794889209461,-0.773035689371,-0.823141333816,0.74081899505,0.738783882064,1.34693335962,-0.777227590251
1.391009,0.794115480417,-0.770626396648,-0.823160620257,0.737163900846,0.739920968983,1.34545068807,-0.776685049357
1.400986,0.793405140868,-0.768220005904,-0.823051112983,0.733510553296,0.740757116172,1.34408346817,-0.776237829629
1.410962,0.792634791688,-0.765911499764,-0.822984727831,0.729692240799,0.74188692228,1.34261501393,-0.776035483025
1.420938,0.791916330483,-0.763532519536,-0.823058797488,0.726051767436,0.742916037738,1.34090368719,-0.775826720008
1.430915,0.791277926581,-0.761293895102,-0.823259710639,0.722516866527,0.743670971877,1.33897296428,-0.775567877453
1.440891,0.790599187427,-0.759202706604,-0.823521117461,0.71894863347,0.744500174555,1.33697853788,-0.775271933603
1.450868,0.789869816935,-0.757215713062,-0.823794073999,0.715446525635,0.745584646026,1.33499674652,-0.775005229444
1.460844,0.789164001653,-0.755262804431,-0.824041779121,0.712194898711,0.746872885602,1.3330085355,-0.774822011977
1.470821,0.788543242274,-0.753257545545,-0.824209778229,0.709150734901,0.748130473325,1.33092791801,-0.774661924015
1.480797,0.787855932981,-0.751055197412,-0.824259981744,0.706022147595,0.749076040621,1.32870508961,-0.774152201034
1.490774,0.787352284626,-0.748628352987,-0.824157353308,0.70269473583,0.75004902949,1.32646324203,-0.77361030865
1.500750,0.787091383733,-0.746216375197,-0.824103056142,0.699389542578,0.751079001584,1.32425741133,-0.773279692858
1.510726,0.78682744658,-0.744047237401,-0.824221801853,0.696074297388,0.752235039297,1.32204552996,-0.773170626352
1.520703,0.786322962822,-0.742239413065,-0.824445742374,0.692722519012,0.753485108396,1.31973360309,-0.773134584787
1.530679,0.785608164403,-0.74071404771,-0.824488267373,0.689526615748,0.754608134367,1.31723153004,-0.772959091013
1.540656,0.784994946378,-0.738879738768,-0.824579201663,0.686899145579,0.755489746227,1.31463391424,-0.772601636807
1.550632,0.784637183015,-0.736763913893,-0.82497326787,0.684296245789,0.756333871359,1.31203918771,-0.77243936798
1.560609,0.784540468157,-0.734658839326,-0.82540173964,0.681532539326,0.757164308192,1.30946213107,-0.772393581015
1.570585,0.784369604148,-0.732670660798,-0.825635446827,0.678693971711,0.75800517345,1.30695925068,-0.772327661169
1.580562,0.783947241431,-0.730836798452,-0.825628494935,0.675918269344,0.758855560748,1.3045887392,-0.772206893703
1.590538,0.783414657668,-0.729134047272,-0.825538579313,0.673284372053,0.759660731541,1.30236687469,-0.772082482444
1.600514,0.783062538132,-0.727331097854,-0.825537670379,0.6707123263,0.760193904657,1.30014278246,-0.771670792347
1.610491,0.782703983243,-0.725356444505,-0.825636563903,0.667998950783,0.760544397874,1.29777982553,-0.771171444997
1.620467,0.782469177886,-0.723513287674,-0.82589592384,0.665255209849,0.761207737071,1.29535727027,-0.770942037292
1.630444,0.782377788036,-0.721766121946,-0.826154419318,0.662641296325,0.762084778389,1.29289256662,-0.770812732162
1.640420,0.782252334517,-0.720036503999,-0.826288908268,0.660070981171,0.763014837055,1.29047300532,-0.770578932908
1.650397,0.78186729438,-0.718323658392,-0.826269142164,0.657372940145,0.763888682531,1.28823776352,-0.770156465105
1.660373,0.781268795161,-0.716866636184,-0.826166054543,0.654728900914,0.764699587339,1.28631978188,-0.769726220877
1.670350,0.780830557944,-0.715344884111,-0.826199267933,0.652470836318,0.765260638549,1.28454312272,-0.769673098799
1.680326,0.780590025755,-0.713866166261,-0.826379675917,0.65014818214,0.765965619121,1.28269665169,-0.769884309305
1.690303,0.780367047872,-0.71254307477,-0.826576833544,0.647726314309,0.766819738114,1.28080761998,-0.770035358205
1.700279,0.780061673555,-0.711273388907,-0.826736107238,0.645285448069,0.767671478488,1.27895742354,-0.770030205392
1.710255,0.779651666372,-0.709938642579,-0.826857814756,0.642896943305,0.768402982151,1.2772319679,-0.769920075402
1.720232,0.779167314626,-0.708606335668,-0.826959574686,0.640518864477,0.769107743967,1.27567257647,-0.769782206955
1.730208,0.778596488376,-0.707372491693,-0.827000954618,0.63824512966,0.770076907287,1.27414385273,-0.769507584134
1.740185,0.778168423064,-0.706275001931,-0.827098561068,0.636217368261,0.771266373894,1.27257926216,-0.769240179008
1.750161,0.77778649636,-0.705202675176,-0.827330438564,0.634193268213,0.772504873877,1.27103237437,-0.768937555823
1.760138,0.777412922848,-0.704075828661,-0.827582002056,0.631968646717,0.773725950404,1.26940348552,-0.768670023809
1.770114,0.77709950988,-0.702953051757,-0.827712071445,0.629570458664,0.774926146357,1.26762282511,-0.768500748119
1.780091,0.776952825389,-0.702011380334,-0.827667618636,0.627308091498,0.77614407035,1.26574837062,-0.768424314962
1.790067,0.776828264816,-0.70111521333,-0.827669763841,0.625582412354,0.77744582479,1.26404113195,-0.768355777715
1.800043,0.776599899567,-0.700035603664,-0.827745584113,0.624167341134,0.778735277482,1.26236378549,-0.768307676776
1.810020,0.776197310932,-0.699148815647,-0.827765789811,0.622681658019,0.779908415548,1.26045237323,-0.768098042902
1.819996,0.775688255379,-0.69839986925,-0.827871209754,0.620993629863,0.780965619345,1.25833474634,-0.767846979768
1.829973,0.775202551655,-0.697636620292,-0.828141182131,0.619208147355,0.782053080587,1.25616392072,-0.767706563384
1.839949,0.774860020397,-0.696751439317,-0.828499993442,0.617565775111,0.783314946255,1.25408590408,-0.767741290634
1.849926,0.774650281519,-0.695865121637,-0.828646604154,0.616189021539,0.784489750515,1.25199601959,-0.767777834952
1.859902,0.77453011786,-0.695163127724,-0.828709882478,0.614757816542,0.785537630935,1.24997697972,-0.767588636166
1.869879,0.774247379245,-0.694397272623,-0.828796357521,0.613194127537,0.786721047467,1.24798983451,-0.767272865789
1.879855,0.773788842337,-0.693582851784,-0.82883096042,0.611796596878,0.788049182009,1.24565158677,-0.766887521074
1.889831,0.773280780704,-0.692730316926,-0.828772852901,0.610580095976,0.789411538186,1.24285456529,-0.766580816749
1.899808,0.772864864144,-0.691818763718,-0.828642553492,0.609340833934,0.790646443993,1.23980134486,-0.766473655108
1.909784,0.772554401031,-0.690791279622,-0.828530411337,0.607819857669,0.791624225595,1.23695209453,-0.766509082553
1.919761,0.772279550829,-0.689906034116,-0.828501964643,0.606234454561,0.792646977045,1.2341482494,-0.76627649973
1.929737,0.772131122524,-0.689027419868,-0.828587830969,0.605004448107,0.793703337417,1.2312147571,-0.766096428627
1.939714,0.77199677667,-0.688159890663,-0.828828868116,0.603994108639,0.794617368987,1.22830196429,-0.765989289625
1.949690,0.771719305301,-0.68729434074,-0.829047506862,0.602906399787,0.795525502058,1.22539462059,-0.765882317109
1.959667,0.771246451312,-0.686329622001,-0.829075688632,0.601585111407,0.796603545834,1.222319581,-0.765711189051
1.969643,0.770717577321,-0.685087668254,-0.828921326027,0.60016991358,0.797849957817,1.21879918096,-0.765476025327
1.979619,0.770479815127,-0.683796255908,-0.828994485249,0.598841391605,0.798636327444,1.21470801682,-0.765162692146
1.989596,0.770379617748,-0.682659630236,-0.829129730442,0.597392584202,0.798936777578,1.21025494425,-0.764802397809
1.999572,0.770208503546,-0.681659985825,-0.82917976022,0.596090188268,0.79925755587,1.20569361527,-0.764487224836
2.009549,0.769991075093,-0.680592387417,-0.829171087489,0.594970811018,0.799739913743,1.2012055603,-0.764353378583
2.019525,0.769736901309,-0.679285692376,-0.829192622598,0.593836497161,0.800417856553,1.19686477844,-0.764422757295
2.029502,0.769400274008,-0.677717626917,-0.829324329102,0.592437944877,0.80127452595,1.1926267896,-0.764571783366
2.039478,0.768953364556,-0.676164664414,-0.829510435924,0.591083868376,0.802250619796,1.18836256981,-0.764566234431
2.049455,0.768550400637,-0.674832003529,-0.829691189338,0.590257826657,0.802992271013,1.18420213016,-0.764344341264
2.059431,0.768284500066,-0.673444595402,-0.829846216872,0.589344441391,0.803587169656,1.1801765094,-0.764034912743
2.069407,0.768163884357,-0.671931247408,-0.829919868661,0.588153768535,0.804180588803,1.17596878798,-0.763807608176
2.079384,0.768093697064,-0.670341155731,-0.829942431831,0.586815298409,0.804808988177,1.17162216298,-0.76384090308
2.089360,0.767966949724,-0.668705711449,-0.82998699938,0.585551640614,0.805399517948,1.16746760112,-0.764171849281
2.099337,0.767801697391,-0.66683839498,-0.830083351328,0.584337386583,0.805808990699,1.16388456832,-0.764495859157
2.109313,0.767667353839,-0.664941783209,-0.830178559146,0.583057128123,0.806114745373,1.16080200071,-0.764247140859
2.119290,0.767375812112,-0.663346328615,-0.830288731478,0.581724043618,0.806459915665,1.15792889605,-0.763826875123
2.129266,0.766893939983,-0.661930031995,-0.830437842587,0.580408118952,0.80665807157,1.1552744908,-0.763519206304
2.139243,0.766370233064,-0.660563620532,-0.830604184974,0.57927575675,0.806739076056,1.15287057761,-0.763397112357
2.149219,0.766034792158,-0.659248713492,-0.830742383074,0.578411792393,0.806836758829,1.15067819812,-0.763403201382
2.159196,0.766078538866,-0.658172694802,-0.8308074018,0.577680550941,0.807065165306,1.14854091319,-0.763424870073
2.169172,0.766224018688,-0.657234323356,-0.830801602766,0.576576073953,0.807175945466,1.14641295401,-0.76329903217
2.179148,0.766016680686,-0.65579193029,-0.83076586351,0.575189919574,0.807354576517,1.14439375568,-0.76305768341
2.189125,0.765665354293,-0.654095275763,-0.830845210981,0.57377238444,0.807575139815,1.14253471312,-0.762826281436
2.199101,0.765293690917,-0.652481952594,-0.831074671738,0.572520637531,0.807761559452,1.14077204312,-0.762701837892
2.209078,0.764913358829,-0.651155629292,-0.831394058269,0.57151724574,0.807853341957,1.13894740226,-0.762752575136
2.219054,0.764471091806,-0.650102090792,-0.831678826178,0.57069537001,0.80783599287,1.13691124867,-0.762976092893
2.229031,0.764143704377,-0.649157888598,-0.831829304684,0.569816702412,0.807749057312,1.13490460825,-0.763134300054
2.239007,0.764085974872,-0.648184563564,-0.831900580079,0.568836392403,0.807668780483,1.13309917077,-0.762955952235
2.248984,0.764115709628,-0.647261539789,-0.831934240794,0.567743793079,0.807632587086,1.13114715013,-0.762650211779
2.258960,0.764036713391,-0.646381302324,-0.831990620395,0.56669785899,0.807791299532,1.12901860336,-0.762463955421
2.268936,0.763765603488,-0.645453651082,-0.832092673194,0.56588584776,0.808196080158,1.12674130999,-0.762463900204
2.278913,0.763376209837,-0.644411009313,-0.832210567129,0.565364806024,0.808730087756,1.12432943337,-0.762515749053
2.288889,0.763132319146,-0.643405212546,-0.832251855875,0.56481632192,0.809039420913,1.12170638474,-0.762322029868
2.298866,0.763119389435,-0.642627187814,-0.832404584006,0.564142785746,0.808869516756,1.11924733847,-0.761952431595
2.308842,0.762978114001,-0.641706967042,-0.832580597807,0.563545434794,0.808646906358,1.11728291625,-0.761715027653
2.318819,0.762641028247,-0.64053365522,-0.832596604627,0.562852487294,0.80853189599,1.11569795183,-0.761645429772
2.328795,0.762229958233,-0.639286003926,-0.83248184047,0.562037125457,0.808602340545,1.1144150061,-0.761685510765
2.338772,0.761940776487,-0.63820454782,-0.832378263689,0.561193581329,0.808830907795,1.1134121362,-0.761736980407
2.348748,0.761915507106,-0.637367307642,-0.83242054112,0.560476899754,0.809071684969,1.11270921772,-0.761712597667
2.358724,0.761939255209,-0.636642245256,-0.832605263181,0.559842827705,0.80906229425,1.11216343844,-0.761548594653
2.368701,0.761589846114,-0.636079917285,-0.832674561597,0.559158124242,0.809069919275,1.11155081172,-0.761369530549
2.378677,0.761131604094,-0.635536685935,-0.832628051066,0.558277327568,0.809211270649,1.1110015593,-0.761323467163
2.388654,0.760788796816,-0.634888879844,-0.832679009677,0.557210153165,0.809419310503,1.11066297723,-0.761390793421
2.398630,0.760616707777,-0.63411481577,-0.832921248856,0.556148097959,0.80960942471,1.11049220481,-0.761439690414
2.408607,0.760500460489,-0.633315198097,-0.833211612207,0.555391671769,0.809759351191,1.11024799651,-0.761313770092
2.418583,0.760538427412,-0.632617402577,-0.833349831539,0.554965529924,0.809925599886,1.10994875557,-0.761155116562
2.428560,0.760584220656,-0.632102693976,-0.833470464111,0.554487706734,0.8099890079,1.10984869588,-0.76106529412
2.438536,0.760486307736,-0.631671213635,-0.833501786289,0.553907508921,0.81001409877,1.10961826918,-0.760905690407
2.448512,0.760350577333,-0.631218476897,-0.833475841369,0.553133097139,0.810170170132,1.10920563198,-0.760772360885
2.458489,0.76021052254,-0.630706827484,-0.833412160676,0.552132002197,0.810469792235,1.10876808496,-0.760698698349
2.468465,0.760009662262,-0.630162344889,-0.833306980425,0.5510180424,0.810766061099,1.108519898,-0.760632154326
2.478442,0.75971238312,-0.629619105926,-0.833162476314,0.550230835822,0.810867916885,1.10840259099,-0.760515042997
2.488418,0.759555289044,-0.629184963198,-0.833195442724,0.549891343607,0.810847325707,1.10817779134,-0.760538290709
2.498395,0.759509022569,-0.628872913415,-0.833239281353,0.549405962293,0.810828297135,1.10802646724,-0.760602647352
2.508371,0.759434453931,-0.628674344958,-0.833207784261,0.54867821249,0.810782410436,1.10792470463,-0.760582529804
2.518348,0.759244626434,-0.628514250251,-0.833160886622,0.54785616356,0.810766267792,1.10784462512,-0.760421583273
2.528324,0.758952771951,-0.628322483779,-0.833216945066,0.547161239258,0.810894121792,1.10780717693,-0.760158406576
2.538301,0.758703815647,-0.628114034127,-0.833438933594,0.54669473984,0.811275846777,1.10791722317,-0.759934893516
2.548277,0.758762811252,-0.627901212854,-0.833732050532,0.546237567641,0.81146905499,1.10797922897,-0.759826382023
2.558253,0.758798657098,-0.627582315647,-0.833955797593,0.545470744731,0.811525678031,1.10795938607,-0.759802730445
2.568230,0.758568941183,-0.627231455639,-0.834079449021,0.544583587243,0.811581543454,1.10791214664,-0.759962475428
2.578206,0.758175802569,-0.626885101159,-0.834044387941,0.543873622132,0.811602479918,1.10780199101,-0.76020819605
2.588183,0.757849630319,-0.626552404889,-0.833852793648,0.543448276992,0.811567881912,1.10761905257,-0.760371632653
2.598159,0.757776642377,-0.626227640212,-0.833618199303,0.54309021944,0.811567003175,1.10743232585,-0.760323077585
2.608136,0.757807659481,-0.625955001732,-0.833626250129,0.54249308336,0.811786799794,1.10731997636,-0.760197929672
2.618112,0.757767848551,-0.625675845852,-0.833795136185,0.541793913273,0.812005016278,1.10716202196,-0.760124640128
2.628089,0.757759048448,-0.625439557718,-0.83398617786,0.541085840386,0.812181771277,1.10687488918,-0.760047132405
2.638065,0.757738307694,-0.625211808258,-0.834063592012,0.540574409449,0.812367669979,1.10649383153,-0.760005761593
2.648041,0.757651286367,-0.624909725431,-0.834008352343,0.540308169482,0.812505519382,1.10613235819,-0.760006558694
2.658018,0.757466619669,-0.624496219639,-0.833921706508,0.540127513359,0.812485738109,1.10589321114,-0.759982839049
2.667994,0.75716872616,-0.624248451189,-0.833940221667,0.539712441619,0.812466306097,1.10563972214,-0.75975960739
2.677971,0.756765415836,-0.62411558959,-0.834180601382,0.539237525005,0.812559947889,1.10533224506,-0.759696639854
2.687947,0.75651538606,-0.623955034542,-0.834456122196,0.538688885698,0.812604410571,1.10507035914,-0.759835502102
2.697924,0.756458694334,-0.623763488287,-0.834617677933,0.538050224947,0.812702023639,1.1048740967,-0.759975943423
2.707900,0.756535810609,-0.623518530529,-0.834694799989,0.5374593245,0.81285991313,1.10484572339,-0.760010326433
2.717877,0.756643039715,-0.623209115985,-0.834780284659,0.537044222009,0.813011101236,1.10505510704,-0.759911128069
2.727853,0.756699933381,-0.622894431402,-0.834841490529,0.536679633312,0.813094638692,1.10536563008,-0.759658020179
2.737829,0.75646753621,-0.622475164077,-0.834786751059,0.535983982587,0.813146342201,1.10560356096,-0.759437532623
2.747806,0.756156047579,-0.622108320203,-0.834742980484,0.535170117787,0.813097792247,1.10573558192,-0.759333282877
2.757782,0.756062570922,-0.621920968583,-0.834671067556,0.534480373961,0.812988512261,1.10564710128,-0.759335519931
2.767759,0.75617262769,-0.621904028028,-0.83463109267,0.533977545627,0.81293898455,1.1054228797,-0.759454356587
2.777735,0.756324634178,-0.621950968543,-0.834680056648,0.533598322575,0.813022160618,1.10523005224,-0.75959448669
2.787712,0.756351907667,-0.621900026993,-0.834796560316,0.533208546467,0.813178248472,1.10521783351,-0.759515737417
2.797688,0.756181250558,-0.621557881782,-0.834856034594,0.532660227615,0.813253659867,1.10546531513,-0.759265096269
2.807665,0.755980443475,-0.621184832462,-0.834926867572,0.532168734186,0.813340664747,1.10567662077,-0.759310351702
2.817641,0.755788181648,-0.620820639596,-0.83493259416,0.531872926447,0.813464500024,1.10574638189,-0.759441829277
2.827617,0.755578003803,-0.620536594615,-0.834847752133,0.531655764316,0.81360315239,1.10569253007,-0.759520756404
2.837594,0.755378165561,-0.620409160953,-0.834790799335,0.531375361281,0.81370988068,1.10556191927,-0.759479611378
2.847570,0.755271017959,-0.620448315154,-0.834954393216,0.530977126592,0.813756274893,1.10542737302,-0.759298184332
2.857547,0.755253126969,-0.620346751608,-0.835238193482,0.530620433551,0.813873405345,1.10553172057,-0.758841328916
2.867523,0.755167316842,-0.620119767602,-0.835315932172,0.530357287655,0.81405490877,1.1058478462,-0.75846313427
2.877500,0.755089745518,-0.619874551246,-0.835387960938,0.530104634291,0.814003734508,1.10609275946,-0.75833810413
2.887476,0.755082136703,-0.619669122624,-0.835448277651,0.529681726257,0.813785800005,1.10625354568,-0.758308107484
2.897453,0.755119448479,-0.61950444683,-0.835430388255,0.529115112501,0.813546903703,1.10638019562,-0.758284586295
2.907429,0.755096072739,-0.619350437954,-0.835294903131,0.528612372018,0.813397997237,1.10648515986,-0.758278346468
2.917405,0.754853577485,-0.619199746426,-0.835152919311,0.528441760226,0.813284705532,1.10640617579,-0.758349550471
2.927382,0.754659741156,-0.61912907933,-0.834980278579,0.528333998156,0.813212674859,1.10592785605,-0.758526463706
2.937358,0.754818332941,-0.61909504606,-0.834914404551,0.527991310339,0.812939146846,1.10550005438,-0.758670224813
2.947335,0.755091763324,-0.619004324249,-0.835048287083,0.527565176748,0.812476957876,1.10541557957,-0.758658395175
2.957311,0.755299818788,-0.618800507471,-0.83530936927,0.527125650668,0.812063026198,1.10564132324,-0.758522811185
2.967288,0.755281352784,-0.618515644022,-0.835548477885,0.526649726905,0.811962728857,1.1059350979,-0.75835489116
2.977264,0.754872991718,-0.618291675009,-0.835637452468,0.526047826429,0.812281008214,1.10599559568,-0.758208446841
2.987241,0.75430429562,-0.618142834253,-0.835630093752,0.525499168363,0.812743111017,1.10585993011,-0.75798537683
2.997217,0.75414661461,-0.618031167476,-0.83562622656,0.525237151752,0.812858840846,1.10579868436,-0.757478894468
3.007194,0.754220505892,-0.617977314025,-0.835687045143,0.525047452261,0.812764414096,1.10606210188,-0.756834493282
3.017170,0.754375302036,-0.617944936411,-0.835682241279,0.524801258493,0.812587270603,1.10643096346,-0.756214670083
3.027146,0.754488457083,-0.617844106178,-0.835539242397,0.524501107078,0.812441101547,1.10660934004,-0.755667805011
3.037123,0.7544834142,-0.617591672595,-0.835331999666,0.524241254513,0.812394372237,1.10645284786,-0.755112727583
3.047099,0.7543370945,-0.61740149355,-0.835209212086,0.523862562303,0.812382983258,1.10624291948,-0.75457795173
3.057076,0.754199385282,-0.617224807214,-0.835234577672,0.523540094303,0.812352462752,1.10606798195,-0.754222002316
3.067052,0.754125226595,-0.616946258046,-0.83541508471,0.523453223443,0.812355808843,1.10612864641,-0.753911799126
3.077029,0.754064277343,-0.616786201585,-0.835682868558,0.52338630582,0.812327419609,1.1064647497,-0.753589965863
3.087005,0.753976713481,-0.616839194648,-0.835938795868,0.523228080034,0.812242582026,1.10693634924,-0.753206435955
3.096982,0.753882145435,-0.61699236303,-0.836118616948,0.523033345439,0.812164319268,1.10732073305,-0.752767934773
3.106958,0.753925349662,-0.616925813113,-0.836309133616,0.522954273988,0.812292232999,1.1075189623,-0.752468597215
3.116934,0.753631397311,-0.616782537445,-0.836354086444,0.522623225324,0.812554917689,1.1075763928,-0.752440596246
3.126911,0.753196671399,-0.616728191131,-0.836151297701,0.522163569954,0.812783405441,1.10766587537,-0.752413253712
3.136887,0.752974630299,-0.61664831926,-0.835810570943,0.521909289907,0.812915675305,1.10770161089,-0.752339983131
3.146864,0.752964655111,-0.61649630625,-0.835650355145,0.521830634995,0.812999342447,1.10756879386,-0.752191484888
3.156840,0.752982322724,-0.616276634866,-0.835857666358,0.521689528731,0.813120770147,1.10731083182,-0.751994930695
3.166817,0.752897170427,-0.616009860864,-0.836150669208,0.521270537423,0.813318519441,1.10728117832,-0.751875047296
3.176793,0.752995344326,-0.615925043962,-0.836110499255,0.520860859044,0.813351374077,1.10741513211,-0.751951296636
3.186770,0.753183239065,-0.616118083289,-0.836058942096,0.520523649286,0.813249060578,1.10715130343,-0.751813903699
3.196746,0.753128508075,-0.616147797579,-0.836087818669,0.520108795452,0.813184725254,1.10680993138,-0.751442397417
3.206722,0.752874871726,-0.615915146833,-0.836182856352,0.519822666417,0.813295276785,1.10657530583,-0.751141947552
3.216699,0.752623160231,-0.615613001253,-0.836276048415,0.519795051587,0.813509406008,1.10651488357,-0.75113538872
3.226675,0.752582595967,-0.615599135644,-0.836296034663,0.519871724605,0.813532835292,1.10660865531,-0.751341524285
3.236652,0.752827021765,-0.615778281849,-0.836305105667,0.519716863543,0.813300703574,1.10695986025,-0.751343284809
3.246628,0.752792462878,-0.615732713009,-0.836269735561,0.519548035091,0.813086890605,1.10714553401,-0.7511440009
3.256605,0.752554477477,-0.615607784306,-0.83622608412,0.519162927774,0.813121873824,1.10707066809,-0.75094552141
3.266581,0.752332195816,-0.615412692032,-0.836259833805,0.518570646597,0.813315280768,1.10701925144,-0.750861530826
3.276558,0.752214212654,-0.615155974599,-0.836356365777,0.518018587161,0.813511710838,1.10713085684,-0.750851850921
3.286534,0.752137646445,-0.614919417942,-0.836395378965,0.517835611043,0.813612108827,1.10727530972,-0.750757083816
3.296510,0.752037582013,-0.615019644415,-0.836221822163,0.518018321762,0.813735470479,1.10704164178,-0.75043592295
3.306487,0.751881509126,-0.615063602953,-0.836288026182,0.517829053128,0.813795427656,1.10681849305,-0.750162547508
3.316463,0.751760989995,-0.614905104362,-0.836538569219,0.51756290669,0.813864118493,1.10679713431,-0.750012807973
3.326440,0.751643029031,-0.614746772551,-0.836691477389,0.517549527802,0.813930711235,1.10684328478,-0.749905549238
3.336416,0.751566649979,-0.614708161924,-0.836740838359,0.517650871331,0.813920836279,1.10699134553,-0.749757497141
3.346393,0.751579154059,-0.614790487468,-0.836822949183,0.517554553151,0.813790778094,1.10731336675,-0.749522478932
3.356369,0.751633392413,-0.614890686408,-0.836972551485,0.517229315385,0.813643589061,1.10769219281,-0.749220853017
3.366346,0.751578056391,-0.615010390977,-0.8371671296,0.517013546537,0.813477788068,1.10750497059,-0.748921302738
3.376322,0.751483688839,-0.615061817037,-0.837426387031,0.516804041415,0.81336383402,1.10718174212,-0.748513456357
3.386299,0.751355533376,-0.614904855862,-0.837522675944,0.516400126714,0.813361598555,1.10699103305,-0.748132221404
3.396275,0.751217003149,-0.61462697091,-0.837460768471,0.515867140416,0.813287526046,1.10698829495,-0.747800524494
3.406251,0.75105800387,-0.614382347552,-0.837346437322,0.515487722918,0.813002644541,1.10700767897,-0.747519757584
3.416228,0.750821372415,-0.614264882977,-0.837274788094,0.515618867441,0.812622602412,1.10673683961,-0.747333875985
3.426204,0.75058615382,-0.614181833477,-0.837152847134,0.515790305314,0.812780702583,1.10633645695,-0.747403187939
3.436181,0.750572978783,-0.61428919829,-0.837280445465,0.515574552209,0.813055379283,1.10611753993,-0.747576400952
3.446157,0.750614521452,-0.614487199763,-0.83741265587,0.515377382784,0.813150540937,1.10600930392,-0.747695620811
3.456134,0.750632826575,-0.614704581684,-0.837483816489,0.515273829469,0.813229677217,1.10592191856,-0.747571394093
3.466110,0.750621255827,-0.614933896565,-0.837528440897,0.515126968003,0.813356466054,1.10585200568,-0.747172900606
3.476087,0.750620493873,-0.615184619793,-0.837634941909,0.51475531023,0.813390258006,1.1058853591,-0.746663109847
3.486063,0.750630077001,-0.615236488805,-0.837854751989,0.5144370859,0.813187916789,1.10609106112,-0.746322727841
3.496039,0.75051183891,-0.615186957404,-0.83805547074,0.514486948133,0.812974343949,1.10612651205,-0.746059607999
3.506016,0.750436158165,-0.61524872163,-0.838083275338,0.514444015593,0.812865183666,1.1061373619,-0.745801830382
3.515992,0.750361762636,-0.615476283432,-0.838007398883,0.5141866094,0.81292245186,1.1061846485,-0.745345012202
3.525969,0.750230924738,-0.615783853734,-0.837896219042,0.513751378306,0.813110527315,1.10626423463,-0.744489127599
3.535945,0.750029627877,-0.615963486601,-0.837767913195,0.513225416844,0.813308771188,1.10632553202,-0.743237726226
3.545922,0.749847551091,-0.615712022246,-0.837557399804,0.512590055793,0.813342592926,1.10630476782,-0.742075459249
3.555898,0.749708640513,-0.61544229195,-0.837569584215,0.512034441897,0.813100948263,1.10620452581,-0.741184425719
3.565875,0.74964093796,-0.615357533912,-0.837778961542,0.511432991564,0.813003835311,1.10626215824,-0.740204654105
3.575851,0.749517220065,-0.615377269322,-0.837922557269,0.510742264094,0.813020354544,1.10642778998,-0.739157427679
3.585827,0.749252503106,-0.615461828726,-0.837956279402,0.509957401058,0.813112637714,1.10666967665,-0.737996131477
3.595804,0.748855190692,-0.615534440701,-0.837977544199,0.509094345985,0.81320628807,1.10692599803,-0.736671130304
3.605780,0.748450424878,-0.615436655834,-0.838123170698,0.508161723973,0.813171185237,1.10708186101,-0.735193580795
3.615757,0.748167819879,-0.615189253529,-0.838255602009,0.506937302656,0.812870967799,1.10721466769,-0.733711049499
3.625733,0.747752915646,-0.614946907533,-0.838263723233,0.50583179875,0.812222438996,1.10734984807,-0.732281165293
3.635710,0.747314026465,-0.614677126683,-0.838239092709,0.504717699936,0.811691838025,1.10759318739,-0.730860144838
3.645686,0.747020237606,-0.614449120709,-0.838175930392,0.503556434904,0.811432037686,1.10782856166,-0.72932600219
3.655663,0.7468447982,-0.614247764458,-0.838106624582,0.502305518339,0.811187807348,1.10792990195,-0.727559020583
3.665639,0.746551947382,-0.613981413714,-0.838104245399,0.500919219948,0.8104775894,1.10789123927,-0.725515658334
3.675615,0.74608077969,-0.61386480302,-0.838067709751,0.499493332121,0.809589943814,1.1080635947,-0.723399541567
3.685592,0.745802740122,-0.613905869912,-0.838036880828,0.497981156262,0.808950126015,1.10847246306,-0.721368362201
3.695568,0.745639352361,-0.613843117804,-0.838075796866,0.496637061094,0.808227538251,1.10884481447,-0.71948016007
3.705545,0.745480674355,-0.613698051961,-0.838039797861,0.495327342811,0.807343001451,1.10917873083,-0.717568857561
3.715521,0.745084378389,-0.613563614477,-0.837863570492,0.493817617571,0.806256300333,1.10951192855,-0.715513399641
3.725498,0.744296337964,-0.613529456405,-0.83766681038,0.492020055652,0.805054758115,1.10987483065,-0.713334359125
3.735474,0.743514334937,-0.613600539976,-0.837883570666,0.49040141711,0.804203348553,1.1102633196,-0.711294154901
3.745451,0.743474054367,-0.613358545865,-0.838314836447,0.488941537802,0.803627014268,1.11083373824,-0.709426061806
3.755427,0.743602033612,-0.613099761092,-0.838396855534,0.487575148643,0.803181459634,1.11151954684,-0.707429065135
3.765404,0.743463276351,-0.613116112558,-0.838173186051,0.486435898871,0.802867646159,1.11233386221,-0.705306790221
3.775380,0.743132980091,-0.6132774567,-0.837920185267,0.485528095811,0.802659456864,1.11320423726,-0.703079905531
3.785356,0.742910597401,-0.613354238522,-0.837880128754,0.484706183681,0.802518105297,1.11402531522,-0.700791334713
3.795333,0.742976680765,-0.613363463905,-0.838022959177,0.483696545191,0.802417725272,1.11472532301,-0.698518100534
3.805309,0.742906809198,-0.613491377851,-0.838397049301,0.482509969927,0.802505280256,1.11540647491,-0.696346453636
3.815286,0.742678292056,-0.613562074892,-0.838805032199,0.481170354213,0.802894457594,1.11619198752,-0.694361977667
3.825262,0.742343001797,-0.613565339591,-0.838970423241,0.480066550459,0.803159359436,1.11696953407,-0.692590471217
3.835239,0.741958329504,-0.613495943356,-0.838773524853,0.479183504194,0.802999195261,1.11783357523,-0.691175320525
3.845215,0.741636163681,-0.613349621959,-0.83834481893,0.478353738346,0.802450394393,1.11880077487,-0.690190143485
3.855192,0.741515636371,-0.613125668976,-0.838055112654,0.477417822012,0.801920365169,1.11972058291,-0.689516871502
3.865168,0.741506130002,-0.612855633086,-0.838289162625,0.476432649448,0.801821896562,1.12054433742,-0.688599533268
3.875144,0.741536810256,-0.612745816089,-0.838299732387,0.475582373705,0.801935896289,1.1212824006,-0.687207546803
3.885121,0.74159115355,-0.612580623289,-0.838084139879,0.474834686148,0.802111174487,1.1218080234,-0.685606065743
3.895097,0.741538793478,-0.612360255092,-0.837956560465,0.474153672019,0.802215945425,1.12203502829,-0.684297317851
3.905074,0.741309558725,-0.612147486595,-0.838044123539,0.473553411059,0.802199355837,1.12208768033,-0.683454283362
3.915050,0.740975148301,-0.612051671725,-0.838247029386,0.473083516826,0.80211097844,1.122229888,-0.682916271872
3.925027,0.740870780493,-0.612288019026,-0.838442848657,0.47276299809,0.802103371879,1.12261445861,-0.682554788478
3.935003,0.740915410479,-0.612674451686,-0.83872899807,0.472579941168,0.801782686955,1.12306876722,-0.682440452566
3.944980,0.740850546404,-0.612598233772,-0.838867850369,0.472450258122,0.801690765615,1.12338547848,-0.68239810287
3.954956,0.74084783247,-0.61222347174,-0.838858961183,0.472263727023,0.801810649876,1.1234162386,-0.682378285998
3.964932,0.740966706051,-0.611871506752,-0.838704133056,0.472062489624,0.80192202021,1.12323114873,-0.682446143032
3.974909,0.741114382699,-0.611774356193,-0.838457617484,0.472012623777,0.801844634664,1.12299099469,-0.68265668628
3.984885,0.741061674958,-0.611837407373,-0.838296378647,0.472332211923,0.801702030944,1.1227712331,-0.682901987347
3.994862,0.74088058852,-0.611747918063,-0.838208117865,0.472615460608,0.801854782516,1.12271360026,-0.682870371654
4.004838,0.74075064135,-0.611838479852,-0.838227710563,0.472318440103,0.802047448037,1.1229015304,-0.682801618203
4.014815,0.740656039119,-0.611968913144,-0.838361106796,0.471883008421,0.802174731381,1.12301944698,-0.68280032352
4.024791,0.740572000601,-0.612026202805,-0.838552529413,0.471689785894,0.802200890124,1.12308683251,-0.68286255298
4.034768,0.740504773363,-0.611926302924,-0.838741187489,0.47178799713,0.802108341004,1.12314731494,-0.682907003295
4.044744,0.740504008591,-0.611648166753,-0.838874753172,0.471800379072,0.801900078473,1.12310908035,-0.682837092696
4.054720,0.740577115265,-0.611516611844,-0.838651360454,0.471410115604,0.801924805387,1.12299229896,-0.682888376196
4.064697,0.740422332175,-0.611792539136,-0.838337594772,0.471238482472,0.802025074238,1.12302874003,-0.683052121961
4.074673,0.740257311229,-0.61187126948,-0.838297857548,0.471337016447,0.802208479748,1.12318582176,-0.683147056341
4.084650,0.740140439959,-0.611660645972,-0.838477815299,0.471554291393,0.802344478569,1.12342122746,-0.683093133179
4.094626,0.740133668708,-0.611375387376,-0.838684860883,0.471748932872,0.802387139438,1.12364298799,-0.682908976731
4.104603,0.740291178674,-0.611341945828,-0.83872056253,0.471816386974,0.802403693793,1.12374488647,-0.682711879665
4.114579,0.740503376026,-0.611543797999,-0.838532252408,0.471514887786,0.802456190889,1.12372741651,-0.682731198797
4.124556,0.74073388911,-0.611564553275,-0.838363534316,0.471433980032,0.802224743731,1.12357618699,-0.682790104656
4.134532,0.740808434709,-0.611603560088,-0.838418636671,0.471534671508,0.802150219413,1.12320496583,-0.682884987367
4.144508,0.740603657975,-0.61171049485,-0.838534478215,0.471546600311,0.802256579963,1.12286455084,-0.682894472599
4.154485,0.740223408735,-0.611748679457,-0.83857386563,0.471340645033,0.802350088348,1.12282922994,-0.682757881391
4.164461,0.739905429364,-0.611584478692,-0.838535140665,0.470978093903,0.802216242679,1.12317536066,-0.682539322597
4.174438,0.73984673366,-0.611378748702,-0.838642372997,0.470703176731,0.801887222327,1.12352302663,-0.682485242975
4.184414,0.740062636704,-0.611327229903,-0.838662844803,0.470668083856,0.801978329066,1.12354343005,-0.682693147444
4.194391,0.740117602667,-0.611379250594,-0.838615939272,0.470923476729,0.802259811904,1.1235254591,-0.682923088163
4.204367,0.740134053158,-0.611413204773,-0.838543063886,0.470998902636,0.802505890881,1.12349815364,-0.683001485843
4.214344,0.740191505023,-0.611265585639,-0.83848174662,0.470734272642,0.80260640643,1.1234318751,-0.68292236775
4.224320,0.740263124331,-0.61103234284,-0.838465067924,0.470311829715,0.802600222126,1.12336512385,-0.682779725305
4.234297,0.740205491675,-0.611198065555,-0.838512753788,0.470192304461,0.802653351844,1.12346750116,-0.682697903115
4.244273,0.740096945226,-0.611651961386,-0.838516032987,0.470457648222,0.802596732978,1.12370771383,-0.682741955295
4.254249,0.740096082464,-0.611722117445,-0.838610409101,0.470833960138,0.802350964452,1.12374373837,-0.682941095493
4.264226,0.740180742728,-0.611447963501,-0.838594199976,0.471179666682,0.802402982853,1.12349252112,-0.683128346348
4.274202,0.740235469794,-0.611215290919,-0.838607370813,0.47126935333,0.802490332631,1.1232681,-0.683168285063
4.284179,0.74021128403,-0.611270099474,-0.838693092553,0.471150330673,0.802375321345,1.12326458425,-0.683052414553
4.294155,0.740152073082,-0.611556472298,-0.838730217871,0.47112053715,0.80211563258,1.1233780938,-0.682915808679
4.304132,0.740042819028,-0.61182818098,-0.83880576789,0.471091263708,0.802068061878,1.12324411029,-0.682968635485
4.314108,0.740044912286,-0.611805408197,-0.839060195655,0.471059182153,0.802197071179,1.12338924294,-0.682937835922
4.324085,0.740100704119,-0.611540528871,-0.839124935776,0.470999810896,0.802416832937,1.12369456645,-0.682936334895
4.334061,0.740048024792,-0.611338084726,-0.838906616489,0.47092182887,0.802631478898,1.12375871161,-0.682891045675
4.344037,0.739898299171,-0.611380789546,-0.838602167653,0.470899103222,0.802732679232,1.12357240074,-0.68289373979
4.354014,0.739784275793,-0.611548963945,-0.838539177565,0.470973982494,0.802632319852,1.12337078588,-0.683053402293
4.363990,0.739777431856,-0.611196081034,-0.838877246527,0.470966163446,0.802304709674,1.12314103567,-0.68312092825
4.373967,0.739776952857,-0.610912694896,-0.838852340206,0.470615317812,0.802491355956,1.12320147179,-0.683008450221
4.383943,0.739848130081,-0.611093740037,-0.838714766577,0.470589440293,0.802686009516,1.12343808249,-0.682899515579
4.393920,0.740083432471,-0.611415362852,-0.838799218176,0.470842410615,0.802665153337,1.12365609403,-0.682885276571
4.403896,0.740388819135,-0.611559228094,-0.838954939917,0.471070836143,0.802464768904,1.12381827678,-0.682812861686
4.413873,0.740533818153,-0.611432032025,-0.838874423877,0.471008113568,0.802269970568,1.12393791271,-0.682610701243
4.423849,0.740252959438,-0.611294530012,-0.838451785615,0.470684480219,0.802277192228,1.12396325428,-0.682566156421
4.433825,0.739999995728,-0.610968957799,-0.838196176036,0.470402525841,0.802286862855,1.12366358522,-0.682854730096
4.443802,0.739992107192,-0.610688818364,-0.838195438225,0.470373699371,0.802332503493,1.12343311723,-0.683013918602
4.453778,0.73983423568,-0.610853352761,-0.838285746015,0.470408031718,0.802455406549,1.12345674274,-0.683031911159
4.463755,0.739660659339,-0.611149891158,-0.838378509021,0.470382387553,0.802623906926,1.12359754436,-0.682901544686
4.473731,0.739671608164,-0.611203464538,-0.838452022902,0.470300118367,0.802773879809,1.12369209152,-0.682642167363
4.483708,0.739886783493,-0.61092915478,-0.838529857162,0.470287803402,0.802844272827,1.12369723049,-0.682339617054
4.493684,0.739904937296,-0.610832316085,-0.838540053535,0.470422669423,0.802849719138,1.12374058225,-0.682383138376
4.503661,0.739878039913,-0.610986802484,-0.838439614016,0.470395319571,0.80300038622,1.12387780952,-0.682632975013
4.513637,0.739852555525,-0.611202068145,-0.838505884336,0.47038837559,0.803004687936,1.12398579145,-0.682715155879
4.523613,0.73976986175,-0.611294692458,-0.838594397294,0.470413881684,0.802741339998,1.12399682976,-0.682721313478
4.533590,0.739690588637,-0.611212020358,-0.838662262103,0.470529235755,0.80250737276,1.12402530665,-0.682727346483
4.543566,0.739722412249,-0.611035854356,-0.838775837497,0.470755920044,0.802661334904,1.12425056265,-0.682733257276
4.553543,0.739745373819,-0.610915175795,-0.83888386915,0.470784189345,0.802645376094,1.12458157419,-0.682739042447
4.563519,0.739514997143,-0.610878810291,-0.839113467736,0.470436439725,0.802718997176,1.12439352682,-0.682743048337
4.573496,0.739313065427,-0.61091632581,-0.839249043117,0.470010642397,0.802812295185,1.12405143291,-0.682715513088
4.583472,0.739284808805,-0.611004631757,-0.839115054346,0.469691632282,0.802645429095,1.12390189623,-0.682616333934
4.593449,0.739374510353,-0.611066767206,-0.838919111635,0.469509347388,0.802506466502,1.12398033619,-0.6824944899
4.603425,0.73946920378,-0.610960807001,-0.838937814263,0.469509830885,0.802704306111,1.12413209971,-0.682456013667
4.613402,0.739565953027,-0.61049686426,-0.839129650218,0.469939632187,0.802906245911,1.12419472748,-0.682607721924
4.623378,0.739332404238,-0.61053282895,-0.839125506169,0.470531883528,0.802745171636,1.12402918937,-0.682668410676
4.633354,0.739446956305,-0.610870248893,-0.838845807658,0.470689274479,0.802495203927,1.12380875653,-0.682501785687
4.643331,0.739670210316,-0.610981822068,-0.83867369129,0.470710828247,0.802401661,1.1238460518,-0.682471461608
4.653307,0.739813727345,-0.610864292344,-0.838678415196,0.470644378871,0.802406880555,1.12404363352,-0.682688265513
4.663284,0.739820901605,-0.610650486614,-0.838877753799,0.470550718954,0.802422672331,1.12417456889,-0.682995195461
4.673260,0.73978314037,-0.610417288109,-0.839288726001,0.470568991744,0.802471959247,1.12409047328,-0.683062593373
4.683237,0.739687736502,-0.6104624802,-0.839113966018,0.470291459705,0.802587368653,1.12403486527,-0.683110832174
4.693213,0.739352721233,-0.610716106548,-0.83876439892,0.470136124379,0.802592952726,1.1239711117,-0.682962017294
4.703190,0.739202084238,-0.61086461988,-0.838785299355,0.470208182885,0.802496719296,1.12370724967,-0.682568677478
4.713166,0.739179958017,-0.610829002408,-0.839007420017,0.470377792275,0.802432856538,1.12359795821,-0.682237287702
4.723142,0.739158398139,-0.610687212491,-0.839162826034,0.470572253185,0.802437205603,1.12372286068,-0.682185029203
4.733119,0.739110939418,-0.610618151399,-0.839087279501,0.470763494478,0.802446804972,1.12382545385,-0.682450001235
4.743095,0.739359060011,-0.610800302769,-0.838835968415,0.470660649588,0.802489138424,1.12376273778,-0.683023779913
4.753072,0.739323548766,-0.611041386857,-0.838761555299,0.47026073414,0.802601820537,1.1240425223,-0.683191524667
4.763048,0.739117218785,-0.611030548268,-0.83865360829,0.470022333024,0.802653701324,1.12424114887,-0.683200486283
4.773025,0.739010213433,-0.610778020937,-0.838527894005,0.469994856517,0.802653673428,1.12409862256,-0.683101895852
4.783001,0.739081144503,-0.610536111618,-0.838501717773,0.47012132385,0.80263653653,1.12377470062,-0.682972348905
4.792978,0.739258461821,-0.610540579068,-0.838617604715,0.470286529095,0.802626512135,1.1235743943,-0.6829276245
4.802954,0.739443945513,-0.61066527861,-0.838619143917,0.470356085388,0.802601121774,1.12351505993,-0.683119588195
