0 -0.0647408302724 0.393374058843 0.243098938589 -0.548166648339 0.399636212332 0.627120566467 -0.382784558931
61875820 -0.0641872474053 0.393316851437 0.243725103284 -0.548170423694 0.399671795619 0.627646429835 -0.38187904039
1062944889 -0.0659930848108 0.392516228332 0.243626183322 -0.549488297968 0.398699093552 0.626631918424 -0.382667064182
2062885999 -0.0535446570586 0.416271864547 0.214187370916 -0.562438589375 0.452510845775 0.591772617042 -0.358750522448
3062899828 0.00422546511756 0.468613938243 0.0828452281146 0.582991912337 -0.576391297837 -0.482754061725 0.307964312567
4063203811 0.13810153763 0.475400073933 -0.0343603672707 -0.609424900161 0.732482304904 0.267131553971 -0.143915589634
5062919855 0.206495009433 0.478816880026 -0.0815613794877 -0.627338686773 0.768306080836 0.11815435769 -0.0468133099473
6062638998 0.260894975697 0.476593892001 -0.0532118122702 -0.62469837268 0.776730842721 0.00111745797927 0.080248940334
7062598943 0.259507436228 0.475473730042 -0.0657956395454 -0.626774274134 0.775312817271 -0.00962638428359 0.0771451708396
8062906026 0.253368515979 0.477776498032 -0.0625900765225 -0.630388697898 0.772135630925 -0.00589754890586 0.0798866442908
