time,right_s0,right_s1,right_e0,right_e1,right_w0,right_w1,right_w2
0.668977,-1.62177712119,0.417029668018,1.1353124941,2.15625815368,-2.47608683384,-0.186936027201,-2.90940833185
0.678962,-1.62090314958,0.416716449045,1.13568653184,2.15527767639,-2.47576978171,-0.1865281154,-2.90902816124
0.688947,-1.62014385697,0.416903002699,1.13601791047,2.15464902639,-2.47559177233,-0.186317019888,-2.90859676433
0.698932,-1.61944565035,0.417153182873,1.13650444435,2.15440073918,-2.47550379617,-0.186147431037,-2.90827482713
0.708917,-1.61877640431,0.416967683555,1.13706973844,2.15386039184,-2.47542001652,-0.185843946979,-2.90805313324
0.718902,-1.61812587978,0.416717438237,1.13726533304,2.15261098055,-2.47535136207,-0.185526961082,-2.9076474446
0.728887,-1.61749277156,0.416704777843,1.13714084465,2.15132179883,-2.47519856118,-0.185234602673,-2.90719150619
0.738872,-1.61687673217,0.416748182553,1.1372270537,2.15078094439,-2.47476434943,-0.184951191184,-2.90694367056
0.748857,-1.61625639625,0.416570697953,1.13769945706,2.15071880765,-2.47404321454,-0.184832313502,-2.90669999455
0.758842,-1.61555741508,0.416208636781,1.1379288317,2.15059857097,-2.473473797,-0.184953245423,-2.90630832337
0.768827,-1.61479959421,0.41639266932,1.13800643646,2.15005405562,-2.47350805905,-0.184847772971,-2.90622491304
0.778812,-1.61419990081,0.416632397798,1.13821257684,2.14910044878,-2.47339006792,-0.184671611158,-2.90634507448
0.788797,-1.61356476453,0.416722283547,1.13826893559,2.14856625837,-2.47320733708,-0.18449413206,-2.90614420104
0.798782,-1.61295589474,0.4167510039,1.13841222558,2.14851168517,-2.47325311768,-0.18432222607,-2.90584644283
0.808767,-1.61244408643,0.416765521279,1.13892354554,2.1484196919,-2.47341226203,-0.184156611353,-2.90561101073
0.818752,-1.61190104463,0.416778758999,1.13946170634,2.14781276401,-2.4732898012,-0.183997150975,-2.90533484791
0.828737,-1.61135797151,0.41675108659,1.13977100028,2.14701412409,-2.4729688736,-0.183884442013,-2.90497003615
0.838721,-1.61098982988,0.416663767148,1.13996730563,2.14665405123,-2.47288500941,-0.183808641877,-2.90462575267
0.848706,-1.61070738234,0.416610891226,1.14007694097,2.14656700696,-2.47293426522,-0.183613352929,-2.90437145775
0.858691,-1.61032062936,0.416649744199,1.14020930118,2.14644708863,-2.47256328512,-0.183266297509,-2.90431247107
0.868676,-1.6099033031,0.416518269413,1.14055032705,2.14615880715,-2.47169861648,-0.183230369554,-2.90417014272
0.878661,-1.60939895922,0.416574693701,1.14070059898,2.14612668592,-2.47160670159,-0.183054595996,-2.90399472706
0.888646,-1.60891561286,0.416832757944,1.14072845486,2.14598669179,-2.47142337657,-0.182942254634,-2.90373475019
0.898631,-1.60852874851,0.416881847878,1.14081956287,2.14545165738,-2.47101885896,-0.182915062242,-2.90340184283
0.908616,-1.60809045614,0.416750052783,1.14109688866,2.14490468509,-2.47109091628,-0.18275622695,-2.9031886273
0.918601,-1.60768206465,0.416898848315,1.14155796398,2.14446425616,-2.4712505423,-0.182602396117,-2.90309607209
0.928586,-1.6074371658,0.417297745027,1.14183169251,2.14425795326,-2.47106738351,-0.182579917331,-2.90298265775
0.938571,-1.60725544353,0.417329888362,1.14157921175,2.14449278046,-2.4710035377,-0.182518695253,-2.90288778199
0.948556,-1.60699717353,0.417047595543,1.14142084893,2.14459102263,-2.47106186908,-0.182431271326,-2.90308492522
0.958541,-1.60689795551,0.416955049823,1.14193681659,2.14416111667,-2.47110499526,-0.182345347705,-2.90316421929
0.968526,-1.60676356389,0.417062664147,1.14206497644,2.14352495257,-2.47097660983,-0.182369054363,-2.90286391679
0.978511,-1.60615164401,0.417157946063,1.14249640537,2.14337978346,-2.47057728152,-0.18237780207,-2.90270880972
0.988496,-1.60563998769,0.417001625491,1.14267945345,2.14268129568,-2.47031949585,-0.182299771263,-2.90239378005
0.998481,-1.60538864894,0.416979662274,1.14291137958,2.14222697063,-2.47011047961,-0.182312186951,-2.90210505074
1.008466,-1.60515465315,0.417132465943,1.14321045515,2.14242491692,-2.46997277045,-0.18239557774,-2.90206104166
1.018451,-1.6047440353,0.41725748357,1.14336109203,2.14252240953,-2.47002956732,-0.182460277391,-2.90214822912
1.028436,-1.604286624,0.417391829608,1.14339370836,2.14209620571,-2.47016565088,-0.182389845936,-2.90203158758
1.038421,-1.60404744217,0.417714920336,1.14357868259,2.14192129572,-2.46995970094,-0.182133381785,-2.90157237105
1.048406,-1.60390421429,0.417658431701,1.14362433998,2.14164237356,-2.4692969186,-0.182082398778,-2.90109082322
1.058391,-1.60340652304,0.417768047278,1.14355068663,2.14152358377,-2.46893521101,-0.182359004803,-2.90110476464
1.068376,-1.60319299486,0.417924397681,1.14360119726,2.14133062143,-2.46934894868,-0.182525676359,-2.9013782811
1.078361,-1.6029697135,0.418031097411,1.14343087582,2.14088700737,-2.46951033063,-0.18312228404,-2.90144242502
1.088346,-1.60267836137,0.418037978322,1.14332618204,2.14041975749,-2.46983716364,-0.184368638563,-2.90139812473
1.098331,-1.60260897472,0.418116374562,1.14371773574,2.13991780704,-2.4700484354,-0.185648963084,-2.90132680081
1.108316,-1.60251970036,0.418221234802,1.14411638672,2.139622993,-2.4699641409,-0.186832069811,-2.90130699754
1.118301,-1.60218962484,0.418304449331,1.14412136997,2.13967571165,-2.46964008331,-0.188528928232,-2.90133546472
1.128286,-1.60188009509,0.418468983634,1.1440421927,2.13992122919,-2.4692760649,-0.19092423591,-2.90129891755
1.138271,-1.60191156661,0.418776563772,1.14419863393,2.1402204353,-2.46910870321,-0.19286853205,-2.90113415145
1.148256,-1.60198307015,0.41913000539,1.14432436087,2.1405522628,-2.4689378592,-0.194036003894,-2.90113848701
1.158240,-1.60169211339,0.419486398015,1.14440602329,2.14051098993,-2.46859625247,-0.195659573283,-2.90137243267
1.168225,-1.60110901294,0.41993695965,1.14448109268,2.14072650719,-2.46849105755,-0.197441491561,-2.90147377362
1.178210,-1.60073026638,0.42029916393,1.14455296893,2.14094761489,-2.46877449912,-0.199159801615,-2.90118641256
1.188195,-1.60063222383,0.420570735568,1.14455159936,2.14096611852,-2.46892292993,-0.200904988593,-2.90095699959
1.198180,-1.6005983067,0.420855228188,1.14464226788,2.14107768303,-2.46868310828,-0.202400597382,-2.90100457428
1.208165,-1.60047072362,0.421073638209,1.14490880808,2.14150615901,-2.46828508409,-0.203522780435,-2.90109343109
1.218150,-1.60030673666,0.421299207472,1.14520139207,2.14202719242,-2.46803332289,-0.204535288239,-2.90107412342
1.228135,-1.60026942629,0.421654935862,1.14543635172,2.14225758061,-2.46790359373,-0.205778635359,-2.90108183427
1.238120,-1.60033870575,0.421627241554,1.14593223319,2.14235939856,-2.46763561435,-0.207152408024,-2.90100979454
1.248105,-1.59996867617,0.421678298167,1.14624649021,2.14296076418,-2.46713087644,-0.208207002797,-2.90115094126
1.258090,-1.59956527308,0.422113723767,1.14639640064,2.14327972742,-2.46710139591,-0.208677033221,-2.90104732618
1.268075,-1.5994223195,0.422124536207,1.14616940383,2.14354610879,-2.46759578793,-0.208858687393,-2.90079961939
1.278060,-1.59923994799,0.422259516263,1.14589080291,2.14371470571,-2.46767705265,-0.209065252942,-2.90066611048
1.288045,-1.59908883674,0.422485111652,1.14585952982,2.14413914605,-2.4672045123,-0.209106022487,-2.90090622983
1.298030,-1.59883857681,0.422635758401,1.14584941409,2.14444856563,-2.46669550632,-0.209057216424,-2.90113128713
1.308015,-1.59837138039,0.422763256237,1.14577300222,2.14444140828,-2.46635944747,-0.208996756975,-2.90104329375
1.318000,-1.59787541833,0.423023938649,1.14589621493,2.14438465341,-2.46605708941,-0.20888109764,-2.90076821032
1.327985,-1.59766293724,0.423408380785,1.14632159666,2.14440068849,-2.465885269,-0.208715798195,-2.90054873766
1.337970,-1.59747593403,0.423833936582,1.14650381877,2.14410000791,-2.46612466163,-0.208574433462,-2.90047709613
1.347955,-1.59685773258,0.424401133262,1.14644958939,2.14351449279,-2.46666240633,-0.208404320461,-2.90037014709
1.357940,-1.59603122159,0.424609845286,1.14629849154,2.14327849042,-2.46685589827,-0.208356778134,-2.90018709362
1.367925,-1.59558231316,0.424978259838,1.14584323463,2.14304606488,-2.46705056033,-0.208284370678,-2.90010617925
1.377910,-1.59545141362,0.425691812739,1.14484756205,2.14283476127,-2.46736585328,-0.207873238691,-2.90001927402
1.387895,-1.59560650392,0.426526856541,1.14380916725,2.1427077215,-2.46740529356,-0.206956974425,-2.9000506339
1.397880,-1.59584859664,0.427587357554,1.14313818649,2.14231006828,-2.46718802958,-0.205565849399,-2.90044267948
1.407865,-1.59604261014,0.428832252547,1.14287534489,2.14157899484,-2.46715472428,-0.203980482002,-2.90107443465
1.417850,-1.59621481715,0.43012888217,1.14278781583,2.14094976599,-2.46746820904,-0.202352699603,-2.90159816836
1.427835,-1.59641323008,0.432011215237,1.14252130678,2.14062712874,-2.46769053755,-0.200160147587,-2.9021544051
1.437820,-1.59688882632,0.435149145205,1.1416908084,2.14032316017,-2.46810325628,-0.19658407991,-2.90341578424
1.447805,-1.59760277835,0.437994965915,1.14065214586,2.13996826557,-2.46893560611,-0.193162474717,-2.90550211258
1.457790,-1.59801777688,0.44001743771,1.14026726172,2.13970242463,-2.46941705027,-0.190550924009,-2.90713734326
1.467775,-1.5981619092,0.442059374321,1.13965568548,2.13898449602,-2.46957757152,-0.187732144048,-2.908564911
1.477759,-1.59832685629,0.445394286027,1.138504722,2.13778212819,-2.46961263176,-0.183017986993,-2.91041757651
1.487744,-1.59868102665,0.449136556117,1.13755754581,2.13694890878,-2.46962111913,-0.177500203732,-2.91189785097
1.497729,-1.59908613231,0.452100617151,1.13717214599,2.13665144562,-2.46962855876,-0.17273475549,-2.91255380699
1.507714,-1.59946521875,0.454500611914,1.1369818233,2.13643885335,-2.4697339894,-0.168668544463,-2.91272978484
1.517699,-1.60000837996,0.4576379321,1.13652300705,2.13605316855,-2.47008970947,-0.163846917632,-2.91287338455
1.527684,-1.60072667139,0.461823887263,1.13583579676,2.13546843105,-2.47067600484,-0.157669991211,-2.91306559564
1.537669,-1.60109222067,0.465351055995,1.13549754312,2.13452261816,-2.47147855122,-0.152372694105,-2.91315234174
1.547654,-1.60131637692,0.470701517078,1.13539258015,2.1323048224,-2.47310329512,-0.143723517898,-2.91318164521
1.557639,-1.60152206805,0.475868530627,1.13563760981,2.13031058917,-2.47477412743,-0.134788207074,-2.91337454393
1.567624,-1.60166711723,0.480556063881,1.13617912913,2.12936019317,-2.4764251817,-0.126732850869,-2.91379608707
1.577609,-1.60165781962,0.484279041499,1.13672169095,2.12900908692,-2.47790548578,-0.120542148978,-2.91418781422
1.587594,-1.60170277363,0.487009104264,1.13708293939,2.128548268,-2.47894261478,-0.116366153373,-2.91445336178
1.597579,-1.60192232914,0.490603817657,1.13730085286,2.12723701481,-2.4802674328,-0.111404836447,-2.91496886341
1.607564,-1.60213326149,0.4967634068,1.13745339983,2.12502832041,-2.4828976607,-0.102864216118,-2.91621931347
1.617549,-1.60212428299,0.503847936006,1.1375052423,2.12305451935,-2.48626081919,-0.0928098777739,-2.91803249258
1.627534,-1.60210644776,0.508165639611,1.13751118193,2.12231136152,-2.48816568943,-0.0867241221406,-2.9193495605
1.637519,-1.6020511729,0.512056254519,1.13759872535,2.12069920577,-2.48995712205,-0.0818164363658,-2.92082600576
1.647504,-1.60183133789,0.518892741395,1.13759367529,2.11727520671,-2.49373177342,-0.0738379764919,-2.92381766977
1.657489,-1.60162579712,0.525213069196,1.13741595913,2.11454854095,-2.49781915679,-0.0672125605958,-2.92723841207
1.667474,-1.60142014017,0.530828052336,1.13738405822,2.1121690744,-2.50187076788,-0.0616917253336,-2.93102507174
1.677459,-1.60103580628,0.536033314675,1.13742852874,2.10952694589,-2.50608003782,-0.0568708969456,-2.93506434829
1.687444,-1.60051372017,0.541220446878,1.13727054847,2.10655021447,-2.51033740939,-0.0527489695659,-2.93915017279
1.697429,-1.60000195472,0.546527235374,1.13689524489,2.10343076011,-2.51455969218,-0.0493899532835,-2.94333183729
1.707414,-1.59951958893,0.551844859753,1.1366364909,2.10016865598,-2.51890242806,-0.0466541388733,-2.94783183228
1.717399,-1.59897723134,0.55694527077,1.13664108436,2.09668361716,-2.52320428907,-0.044358384107,-2.95240654499
1.727384,-1.59852575032,0.560844953815,1.13619017366,2.09364074748,-2.5264467935,-0.0425464724573,-2.95603226522
1.737369,-1.5979642599,0.564808658653,1.13598245623,2.09053623886,-2.52984034691,-0.0412511561628,-2.95996190113
1.747354,-1.59713683465,0.570160783875,1.13609096712,2.08645253876,-2.53450120181,-0.0398527118423,-2.96535575001
1.757339,-1.59624019917,0.575062560599,1.13616437109,2.08224354441,-2.53843514145,-0.0391094059127,-2.96884878194
1.767324,-1.59500163281,0.58130890882,1.136175587,2.07640396955,-2.54296139411,-0.0389559170293,-2.97109258513
1.777309,-1.5937748711,0.587899003024,1.13606094056,2.07018883281,-2.54763608404,-0.039185070271,-2.97313458837
1.787294,-1.59275135305,0.593019397231,1.13594745494,2.06462819396,-2.55134271652,-0.0394921785042,-2.97551900311
1.797279,-1.59168309663,0.596764363418,1.13600374287,2.05951281042,-2.55404398679,-0.0398875085978,-2.9782914937
1.807263,-1.59026884058,0.601382353677,1.13607376665,2.05441769924,-2.55703089738,-0.0408117992686,-2.98155884806
1.817248,-1.588608198,0.608406955746,1.13572403116,2.04927097198,-2.56124038447,-0.0424197195106,-2.98574855702
1.827233,-1.58717252904,0.614532779774,1.13561755334,2.04377311754,-2.56475463064,-0.0439974235415,-2.98863804715
1.837218,-1.58553146259,0.619651511282,1.13582866561,2.03803674735,-2.56777569501,-0.0457088554257,-2.9907245493
1.847203,-1.58370804817,0.624981464057,1.13600066949,2.03222126082,-2.5706810299,-0.0476828891827,-2.99262494305
1.857188,-1.58188011368,0.630248215636,1.13592831264,2.02639951387,-2.57343117006,-0.0500263838565,-2.99364384008
1.867173,-1.58005064074,0.635245399134,1.1358916451,2.02031490365,-2.57589491395,-0.0525040839374,-2.99387441372
1.877158,-1.57817520258,0.640247698201,1.13606573975,2.01382226894,-2.57809967319,-0.0550019444319,-2.99383813528
1.887143,-1.57617422668,0.64552070122,1.13646104907,2.00725008568,-2.5803937101,-0.0577902495217,-2.99375576725
1.897128,-1.57400721723,0.65094262482,1.13681109606,2.000934375,-2.58317270462,-0.0611960251445,-2.99364494352
1.907113,-1.57171293595,0.656136422817,1.13669340738,1.99466041461,-2.5864745014,-0.065222946199,-2.99385045182
1.917098,-1.56929706556,0.660863450969,1.13635991652,1.98832845302,-2.58998252595,-0.0697945488436,-2.99479883483
1.927083,-1.56748728665,0.664409195314,1.13646985224,1.98347173284,-2.59277764852,-0.0734987635163,-2.99594690257
1.937068,-1.56569753013,0.667759694107,1.13649322874,1.97864213205,-2.59508366018,-0.0772232459983,-2.99698314298
1.947053,-1.5632111366,0.672208997192,1.13633859786,1.97203453922,-2.59789995942,-0.0822797953435,-2.99824523821
1.957038,-1.56055572857,0.676721136562,1.1362749585,1.96536440385,-2.60089020288,-0.0876071080155,-2.9995346231
1.967023,-1.55702352183,0.682373757847,1.13620011523,1.95724460334,-2.6050494345,-0.0944953857356,-3.00095308092
1.977008,-1.55305228559,0.688457512693,1.13594683507,1.94851285627,-2.61015482394,-0.102371571455,-3.00208033885
1.986993,-1.54951698699,0.693663194608,1.13566869964,1.94062245749,-2.61532016747,-0.110122308994,-3.00263082581
1.996978,-1.54650653264,0.698021959147,1.13562479596,1.93337336226,-2.62022220296,-0.117855838988,-3.00289549399
2.006963,-1.54365908023,0.702154748195,1.13565156127,1.92632017366,-2.62489843852,-0.125659472257,-3.00318899317
2.016948,-1.54124941043,0.705294536384,1.13562847929,1.92063702664,-2.62875212885,-0.132034160022,-3.00357775114
2.026933,-1.5383647176,0.708441174057,1.13542791274,1.91475767236,-2.63331948664,-0.138436095362,-3.00386301031
2.036918,-1.53348615764,0.71363148173,1.13506209741,1.90499996822,-2.64102926852,-0.149181542231,-3.00416936814
2.046903,-1.52884089378,0.718447113148,1.13470470423,1.89548522952,-2.64812909179,-0.16047161276,-3.00445999341
2.056888,-1.52480335245,0.722618613043,1.13450197402,1.88710384246,-2.65403413945,-0.171259574248,-3.0047539835
2.066873,-1.52123130039,0.726496748415,1.13444784653,1.87916469532,-2.65948645816,-0.181769969527,-3.00501209136
2.076858,-1.51773322625,0.730160185686,1.13422118266,1.87106536946,-2.66500463732,-0.192336809352,-3.00510170029
2.086843,-1.51395111487,0.733708253576,1.1338229221,1.86280096587,-2.67059981132,-0.2032115107,-3.00501124006
2.096828,-1.51011998519,0.737277003802,1.13376585479,1.85500564133,-2.67584251182,-0.213980091621,-3.00487192788
2.106813,-1.50735740087,0.740075142673,1.13403274816,1.84902907031,-2.67969276007,-0.222482514629,-3.00464024397
2.116798,-1.50562675801,0.741664663355,1.13398995254,1.84494389367,-2.68246192084,-0.228454112596,-3.00461109808
2.126782,-1.50253814471,0.744035158973,1.13362618876,1.83854010423,-2.6869984809,-0.238115902914,-3.00489009261
2.136767,-1.49858296161,0.746909048762,1.13319692215,1.83064896458,-2.69230274352,-0.250057340454,-3.00517972961
2.146752,-1.49467459622,0.749530484159,1.13253395389,1.82233132067,-2.69782077324,-0.265307403124,-3.0053433441
2.156737,-1.49000767354,0.752564274021,1.13171338713,1.8126243873,-2.70383025879,-0.284493195203,-3.00536192201
2.166722,-1.48401306618,0.756266587456,1.13086777896,1.80074447417,-2.71007657873,-0.303687255278,-3.0052696307
2.176707,-1.47779605986,0.759856051732,1.13015267112,1.78840790292,-2.71538281625,-0.320084745227,-3.00516680603
2.186692,-1.47280898812,0.762597377709,1.1295964192,1.77789159164,-2.71905746207,-0.334556938432,-3.00516525971
2.196677,-1.46878152352,0.764879165234,1.12899248483,1.76888285032,-2.72213254142,-0.348792164016,-3.00529539396
2.206662,-1.46472448162,0.767062223529,1.12819248302,1.76033558607,-2.72568866378,-0.362996964109,-3.00550220135
2.216647,-1.46055539647,0.768809561104,1.12748461925,1.75183873717,-2.7293255692,-0.377578416576,-3.00561921613
2.226632,-1.45721526747,0.770065992321,1.12707136475,1.74524788694,-2.7323214418,-0.388932872653,-3.00566641259
2.236617,-1.45400331645,0.771242734168,1.12654840848,1.73889753239,-2.73498085179,-0.399826314735,-3.00584352902
2.246602,-1.44994970531,0.772702406999,1.12573696673,1.73075803637,-2.73804862413,-0.413723425883,-3.00617979476
2.256587,-1.44586762091,0.77418246624,1.12496372305,1.72251244648,-2.74066303318,-0.42782070966,-3.00626041281
2.266572,-1.44138516894,0.775680273796,1.12421454021,1.71353777766,-2.7426449995,-0.443380431065,-3.00588156864
2.276557,-1.43640983711,0.77707219695,1.12330384917,1.70354802736,-2.74425884826,-0.460858882049,-3.00538850046
2.286542,-1.43220887811,0.778040715563,1.12230510926,1.69472730787,-2.74552216029,-0.476040402445,-3.00526757526
2.296527,-1.42946800291,0.77876072131,1.12149811421,1.68833020215,-2.74649492131,-0.486381030727,-3.00545233829
2.306512,-1.42687438858,0.779468138731,1.12085925619,1.6825932074,-2.74715784278,-0.496122584762,-3.0056572551
2.316497,-1.42205762618,0.780413552998,1.11985838673,1.67357826169,-2.74779472111,-0.512809819556,-3.00596005131
2.326482,-1.41715107529,0.781146313152,1.1188878155,1.66495107326,-2.74830540686,-0.528908838295,-3.00603041248
2.336467,-1.4131284373,0.781762648062,1.11810962325,1.65720695782,-2.74868942629,-0.54240359872,-3.00565846648
2.346452,-1.40932430042,0.782390295718,1.11731814863,1.65003841144,-2.74897779541,-0.554516241945,-3.0054666913
2.356437,-1.4054066952,0.782993778901,1.11646324929,1.64346369308,-2.74913685237,-0.565902821479,-3.00575209533
2.366422,-1.40173492987,0.783632280904,1.11553577845,1.63726616871,-2.74921828118,-0.576619741555,-3.00614251678
2.376407,-1.39851089888,0.784397890131,1.11457765297,1.63109683622,-2.74935463642,-0.586774172199,-3.00628899925
2.386392,-1.39531503933,0.785146971406,1.11373408921,1.62493594273,-2.74960501476,-0.596634725831,-3.00638251942
2.396377,-1.39195031503,0.785524208593,1.11310391244,1.61898099782,-2.74984867744,-0.606131281456,-3.00657086359
2.406362,-1.3884190707,0.785948971642,1.11254151135,1.61302580968,-2.75001492913,-0.615002646559,-3.0066087378
2.416347,-1.38470457236,0.786657889729,1.11200250275,1.60722164464,-2.75003037617,-0.623369799921,-3.00648035256
2.426332,-1.38114352269,0.787261347232,1.11137962818,1.6020413755,-2.74979737309,-0.631269445137,-3.00627943216
2.436317,-1.37761647154,0.787567966922,1.11080773314,1.59690634186,-2.74972267304,-0.638489962952,-3.00610491735
2.446301,-1.37388761701,0.787901234077,1.11042330575,1.59160459054,-2.74977575287,-0.645009011465,-3.00607954017
2.456286,-1.37022069642,0.788341833326,1.11017456196,1.58649372414,-2.74967922805,-0.650868310808,-3.00611092449
2.466271,-1.36697394929,0.788752275433,1.10997065225,1.58176944784,-2.74942161389,-0.656167384452,-3.00623949308
2.476256,-1.3640235146,0.789115393794,1.10975180589,1.57727215744,-2.74923660696,-0.661069031241,-3.00656195547
2.486241,-1.36089034137,0.789601294498,1.10947999888,1.57296946659,-2.74921607338,-0.665665388419,-3.00684848675
2.496226,-1.357817876,0.790070044668,1.10929553017,1.56919143147,-2.74931155887,-0.669707320174,-3.00672325899
2.506211,-1.35479179041,0.790299494965,1.10943179952,1.56583995183,-2.7491092705,-0.673261595129,-3.00624335672
2.516196,-1.35147866135,0.790604603152,1.10965570291,1.56234913007,-2.74910939846,-0.676478219387,-3.00607770612
2.526181,-1.34803727521,0.791053397441,1.10962485124,1.55876225152,-2.74930681056,-0.679125306637,-3.00627093669
2.536166,-1.34464061427,0.791476822549,1.1093426185,1.55549602253,-2.74938628459,-0.681164245635,-3.00655881266
2.546151,-1.34135977369,0.791735633419,1.10917150045,1.55274503071,-2.74924604222,-0.682682750578,-3.00670997093
2.556136,-1.33865561326,0.791765941092,1.10929817375,1.55055775519,-2.74899147915,-0.683693616104,-3.00667404576
2.566121,-1.33653548615,0.791766004627,1.10955088663,1.5487259863,-2.74881681857,-0.684281817542,-3.00651380847
2.576106,-1.3339765458,0.792076594597,1.10966537061,1.54659970512,-2.7488434387,-0.684724243509,-3.00635167972
2.586091,-1.32997684178,0.792693812471,1.10967612217,1.54346578367,-2.74900807515,-0.685251390771,-3.00641373018
2.596076,-1.32601023429,0.793090163692,1.10980630994,1.54037059954,-2.74916784406,-0.685490596963,-3.00695552113
2.606061,-1.32283563592,0.793411725238,1.11005006072,1.53777620265,-2.74904232125,-0.685297826675,-3.00726258503
2.616046,-1.31985300905,0.793875369607,1.11013648722,1.53505527211,-2.74856455493,-0.685235373925,-3.00719884532
2.626031,-1.31681520614,0.79423962293,1.11015038097,1.53262085518,-2.74824517843,-0.685311799919,-3.00707155932
2.636016,-1.31366106605,0.794501798558,1.11012766232,1.53074161975,-2.74803355654,-0.685392141562,-3.00703053238
2.646001,-1.31071775126,0.794821583977,1.11014667789,1.52885406406,-2.74789308144,-0.685401008837,-3.00714526406
2.655986,-1.30807419532,0.79515458314,1.11017616773,1.52655773016,-2.74794024585,-0.685369317575,-3.00727791056
2.665971,-1.3057038179,0.795297057516,1.11010902013,1.52434913239,-2.74816157125,-0.68531275132,-3.00729247036
2.675956,-1.30362782169,0.795245601097,1.10996913977,1.52294960163,-2.74829156519,-0.685205878107,-3.00727925185
2.685941,-1.30126774153,0.795390964502,1.11001281254,1.52159736951,-2.74820587677,-0.68518110772,-3.00738111892
2.695926,-1.29732805554,0.795935055518,1.11017999192,1.51884186197,-2.74782261391,-0.685380567377,-3.00751286509
2.705911,-1.2935392095,0.796501566826,1.11001889528,1.51579350599,-2.74729730647,-0.685541576629,-3.00740665843
2.715896,-1.29016318736,0.79689122811,1.10982018952,1.5133077834,-2.74710672795,-0.685483956905,-3.00719569557
2.725881,-1.2866023728,0.79715504366,1.10973825238,1.51107512434,-2.74696451887,-0.685532769687,-3.00713496626
2.735866,-1.28323179976,0.797539310175,1.10984993013,1.50881640293,-2.74650432845,-0.685770968586,-3.00720811822
2.745851,-1.28033968006,0.798026086158,1.11012265492,1.50633324591,-2.74586726638,-0.685885716969,-3.00724424413
2.755836,-1.2777949271,0.798431107088,1.11029681449,1.50362172124,-2.74531739133,-0.685760091668,-3.00722610163
2.765821,-1.27520883398,0.798642016313,1.11023048988,1.50077220893,-2.74481934111,-0.685608134523,-3.00725180566
2.775805,-1.27240324087,0.79870147741,1.11024814648,1.49788090092,-2.74415805173,-0.685565102164,-3.00725524275
2.785790,-1.26995338797,0.798700810323,1.11055747774,1.49539009405,-2.74353086789,-0.685544856882,-3.00705182863
2.795775,-1.26748230113,0.799040656315,1.11102465994,1.4935052442,-2.74294641801,-0.685664614948,-3.00697067806
2.805760,-1.26385106636,0.799833031993,1.11168794626,1.49134817286,-2.74210107176,-0.685965881858,-3.00713701162
2.815745,-1.26057673344,0.800415095738,1.112228358,1.48895429656,-2.74125569851,-0.686338541535,-3.00733416391
2.825730,-1.25711106134,0.80080427898,1.11277944146,1.4855314801,-2.74028142002,-0.686957214206,-3.00754058991
2.835715,-1.25368595355,0.801181370035,1.11341407977,1.48189616532,-2.73937471371,-0.687708459234,-3.00770194262
2.845700,-1.25078357441,0.801621938136,1.11401607362,1.47899811895,-2.73876096795,-0.688571968066,-3.00778787909
2.855685,-1.24812041788,0.802167843833,1.11453094806,1.47665870909,-2.73838870172,-0.689738270308,-3.00782366705
2.865670,-1.24509953333,0.802834825665,1.11507413241,1.47405293997,-2.73805971239,-0.691280004539,-3.00783601444
2.875655,-1.24203196582,0.803489059283,1.11573087815,1.47103622656,-2.73780203216,-0.692933873402,-3.00778134034
2.885640,-1.23800178122,0.804174586954,1.1165795208,1.46682552879,-2.73755244433,-0.695189939511,-3.0076416671
2.895625,-1.23342154349,0.804759327527,1.11726647573,1.46241974194,-2.73743483129,-0.6981231322,-3.00750066331
2.905610,-1.23022359624,0.805284318461,1.11781293649,1.45912720254,-2.73763457874,-0.700777621326,-3.00735266834
2.915595,-1.22820765783,0.805555409978,1.11837109125,1.45688656813,-2.73778411774,-0.702690920618,-3.00737784082
2.925580,-1.22617817279,0.805655918117,1.11915859773,1.4545211704,-2.73768263878,-0.70469624399,-3.00759318561
2.935565,-1.22320002623,0.805889935153,1.12028218268,1.45099144793,-2.73740343038,-0.707839296704,-3.00779227865
2.945550,-1.21894073275,0.806311875572,1.12162662717,1.44624578249,-2.73712895165,-0.712395408121,-3.00791502768
2.955535,-1.2139523043,0.806793311651,1.12290977102,1.44115301391,-2.73701363402,-0.717596827213,-3.00805438671
2.965520,-1.20929053389,0.807283607546,1.12395384968,1.436622512,-2.73710180403,-0.722433984499,-3.00823160107
2.975505,-1.20523203768,0.807712716952,1.12498499617,1.43262025364,-2.73728305188,-0.727031473617,-3.00834964049
2.985490,-1.20186562896,0.808128249789,1.12610159138,1.42868871511,-2.73754125147,-0.731974453508,-3.00831012333
2.995475,-1.19893067915,0.808405824301,1.12727361557,1.42465485403,-2.73767908659,-0.73677765556,-3.00817958611
3.005460,-1.19535164411,0.808500257553,1.12859998089,1.42048253241,-2.73756838293,-0.741250882122,-3.00814988814
3.015445,-1.19145784705,0.80873270857,1.12985321909,1.41621821885,-2.73746508737,-0.745752681455,-3.00823679916
3.025430,-1.18755847634,0.809145324082,1.13092187614,1.41182915787,-2.73738549998,-0.750583967561,-3.00821207323
3.035415,-1.1837023837,0.809641986639,1.13187672867,1.40734718011,-2.73730558078,-0.755735968376,-3.00807664055
3.045400,-1.17984399616,0.810061907873,1.1328988621,1.40274813332,-2.73722627571,-0.761025212902,-3.0080398114
3.055385,-1.17611692606,0.810247943366,1.13403409369,1.39826137808,-2.73712975294,-0.765976023333,-3.00824818507
3.065370,-1.17282001207,0.810193352172,1.13507783839,1.3944644025,-2.73699217248,-0.769964934424,-3.00857739169
3.075355,-1.16979058927,0.810228187321,1.1360124512,1.39086570222,-2.73697901777,-0.773648198981,-3.00872466202
3.085340,-1.16521862265,0.810393930122,1.13741530721,1.38498315363,-2.73714617717,-0.779471788287,-3.00867117176
3.095324,-1.16105527484,0.810260483981,1.13861727418,1.37976641365,-2.7372592517,-0.784446295149,-3.00875411457
3.105309,-1.15778784343,0.810231548631,1.13972461915,1.37593190526,-2.73729355389,-0.788079084874,-3.00881146869
3.115294,-1.15382595794,0.81055499385,1.14133858735,1.37147402067,-2.73730454145,-0.792406136956,-3.00873348788
3.125279,-1.15000587046,0.810837914773,1.14284238507,1.36718203116,-2.73727222321,-0.796476972901,-3.00863188162
3.135264,-1.14634556626,0.810865976161,1.14406974293,1.36308599207,-2.73716501794,-0.799999231817,-3.00849867686
3.145249,-1.141700515,0.810864678846,1.14572211419,1.35788962766,-2.73705324276,-0.804198613074,-3.00830255372
3.155234,-1.13591621863,0.811047953151,1.14824457176,1.35121188083,-2.73705734861,-0.80968050499,-3.00820911903
3.165219,-1.13096826262,0.811126178172,1.15071754922,1.34503868358,-2.73714491964,-0.814683210581,-3.00846294068
3.175204,-1.12685170986,0.811035036066,1.15252219967,1.33990684635,-2.7371577922,-0.818468717076,-3.00873973226
3.185189,-1.12245034365,0.811143987992,1.15408945891,1.33508033612,-2.7372377386,-0.821718775787,-3.00895609556
3.195174,-1.11807596496,0.811255115394,1.15576016823,1.33055694544,-2.73727753029,-0.824853759534,-3.00902611858
3.205159,-1.11378584694,0.811144086344,1.15764915654,1.32613387827,-2.73711653678,-0.827800685912,-3.00904719597
3.215144,-1.11011381181,0.81110041571,1.15935091914,1.32219964982,-2.73686919425,-0.830096228433,-3.00912280165
3.225129,-1.10693921965,0.8111995721,1.16081240684,1.31876771228,-2.73669223372,-0.831842874227,-3.00911655594
3.235114,-1.10295434155,0.811350400601,1.16268877841,1.3146636573,-2.73654526832,-0.833806447173,-3.00898312841
3.245099,-1.09756706836,0.811542843806,1.16535195046,1.30920727032,-2.73627412038,-0.83631886216,-3.00890756889
3.255084,-1.09220031931,0.811820997598,1.16810112254,1.30356059731,-2.73588064255,-0.83866904006,-3.00905151484
3.265069,-1.08803161604,0.811926077594,1.17014966539,1.29876609755,-2.73560575263,-0.840347228537,-3.00917745566
3.275054,-1.08461658027,0.811763761818,1.17155982604,1.29470973962,-2.73535814253,-0.841552168143,-3.00905384503
3.285039,-1.08138909952,0.811575120374,1.17298102023,1.2912986883,-2.73496789665,-0.842532137737,-3.00896806124
3.295024,-1.07651917961,0.811497350758,1.17550530288,1.28653495493,-2.73447524069,-0.843982079006,-3.00896583649
3.305009,-1.07114584341,0.811636990295,1.17844136636,1.28118783129,-2.73396573168,-0.845352739331,-3.00903397896
3.314994,-1.06633887688,0.811832979601,1.1809359567,1.27626031034,-2.73332696383,-0.846074931749,-3.00914269263
3.324979,-1.06181444623,0.81189489307,1.18304181684,1.27174222838,-2.73246444865,-0.846218547823,-3.00918344374
3.334964,-1.05719416795,0.811838128972,1.18511799978,1.26745619076,-2.73145018737,-0.846097591778,-3.00918125545
3.344949,-1.05259593228,0.811857691478,1.18720355475,1.26347231993,-2.73043608803,-0.845877613805,-3.00929528782
3.354934,-1.04800430799,0.812051244677,1.1891550446,1.25962713876,-2.72946944294,-0.845577801253,-3.0095381267
3.364919,-1.04336410715,0.812167759265,1.19117868593,1.25565287484,-2.72851793042,-0.84514267897,-3.00960970916
3.374904,-1.0389784086,0.812008997272,1.19361980964,1.25171629232,-2.72735877596,-0.844793252766,-3.00960766374
3.384889,-1.03536599066,0.811883881957,1.19563901422,1.24862006699,-2.72625058249,-0.844772659928,-3.00977029189
3.394874,-1.032042909,0.811946315376,1.19721899016,1.24587343249,-2.72540417391,-0.844880698653,-3.00996013914
3.404859,-1.0273809411,0.812198392202,1.19934008859,1.24178396147,-2.72438974459,-0.844976152472,-3.01019962345
3.414843,-1.02187699269,0.812412200393,1.20181518985,1.23658199956,-2.7231527955,-0.844997533368,-3.01036593272
3.424828,-1.01676337136,0.812353254726,1.2040036079,1.23153871948,-2.722008541,-0.845064096283,-3.01034333765
3.434813,-1.01235582202,0.812053724853,1.20586110587,1.22735833533,-2.72110738593,-0.845334658002,-3.01023968672
3.444798,-1.00811296159,0.811857778831,1.20795526176,1.22376540394,-2.72016953452,-0.845729836577,-3.01020059223
3.454783,-1.00400466667,0.812101483871,1.21047868005,1.22042168134,-2.71888732424,-0.845842897983,-3.01001837576
3.464768,-0.999797586308,0.812550588908,1.21321044915,1.21679768039,-2.71751917181,-0.845516667715,-3.00980520799
3.474753,-0.995198286254,0.812615092007,1.21558560185,1.21276139601,-2.71661041631,-0.845333050886,-3.01002078167
3.484738,-0.990424865567,0.812531420905,1.21742342014,1.20880211449,-2.71563051314,-0.845302918286,-3.01030556654
3.494723,-0.985960774736,0.812539569654,1.21939251721,1.20515525196,-2.71468570923,-0.845161154652,-3.01047993882
3.504708,-0.98232700443,0.8126533126,1.22141724838,1.20226578894,-2.71404524863,-0.845009663004,-3.0105465045
3.514693,-0.979698737595,0.812742895439,1.22296364268,1.2002738437,-2.71359979663,-0.844961678316,-3.01056937454
3.524678,-0.976951864993,0.812667130745,1.2243330146,1.19814763551,-2.71301914931,-0.845009654814,-3.01058728136
3.534663,-0.972520626916,0.812440593462,1.22642619896,1.19457049726,-2.7120080783,-0.8450387447,-3.01060503639
3.544648,-0.96653986206,0.812265107935,1.22934178921,1.18978943064,-2.7105667089,-0.844953557052,-3.01062264043
3.554633,-0.961776318555,0.812293881157,1.23173866976,1.18608110371,-2.70922774521,-0.844835378743,-3.01065010338
3.564618,-0.958698055478,0.812323377556,1.23338766257,1.18382917866,-2.7085601308,-0.844801372797,-3.0107909185
3.574603,-0.95392440118,0.812108166334,1.23597229243,1.18027707916,-2.70810603981,-0.844895349028,-3.01106867556
3.584588,-0.948562117837,0.811931815494,1.23883034823,1.17606481409,-2.70730070836,-0.845066422774,-3.01118012911
3.594573,-0.944432187724,0.812024599201,1.24117755616,1.17273264647,-2.70649672346,-0.845030456914,-3.01114542206
3.604558,-0.941267533415,0.812190303097,1.24306650117,1.17004926362,-2.70596170932,-0.844842071564,-3.0110826457
3.614543,-0.937583710506,0.81216103725,1.24512253383,1.16676918992,-2.70548500942,-0.844704300567,-3.01098243418
3.624528,-0.93266812936,0.811944597165,1.24771539461,1.16263294142,-2.70473317923,-0.844646761097,-3.0108545661
3.634513,-0.927361174545,0.811784356529,1.25040215597,1.15864846207,-2.70364792218,-0.844571934735,-3.01083204436
3.644498,-0.922854525091,0.811818753773,1.2523660035,1.15542426262,-2.70243462076,-0.844530015148,-3.01105678767
3.654483,-0.918649225272,0.81190877352,1.2539834698,1.15205262938,-2.70116594085,-0.844596039252,-3.01148362562
3.664468,-0.914394633117,0.811850737249,1.25589201304,1.14865493597,-2.69997291883,-0.844652719451,-3.0115663568
3.674453,-0.910251330935,0.811687782688,1.2580364147,1.14521751755,-2.69911285159,-0.844895254095,-3.01115588763
3.684438,-0.90685939601,0.811553550856,1.26013122014,1.14221682581,-2.69844315938,-0.845193566422,-3.01075459124
3.694423,-0.903882688763,0.811501174453,1.26188370272,1.13971545852,-2.69780185643,-0.845256526303,-3.01059098211
3.704408,-0.899740050796,0.811452986777,1.26364954571,1.13660096242,-2.69705023797,-0.845167995414,-3.01066007065
3.714393,-0.894344778294,0.811337152886,1.26571210847,1.13254202836,-2.6961808714,-0.845116215679,-3.01078309942
3.724378,-0.889104610272,0.811182391783,1.2678809028,1.12832051733,-2.69521277031,-0.845204896944,-3.01080405928
3.734363,-0.884875421139,0.811081793585,1.26988304965,1.12474287613,-2.6941414885,-0.845406620929,-3.01075796044
3.744347,-0.880660827152,0.811049706723,1.27198047811,1.12164834526,-2.69308029507,-0.845569129362,-3.01082933785
3.754332,-0.876331851555,0.810923470233,1.27404065622,1.11867664887,-2.69226191285,-0.845468175796,-3.0110108094
3.764317,-0.87292292042,0.810592628256,1.27543588244,1.11591406147,-2.69179527049,-0.84523977659,-3.01119815322
3.774302,-0.870018920706,0.810288098153,1.27665600153,1.1134627435,-2.69145859446,-0.845179467134,-3.01118237524
3.784287,-0.865870504295,0.810026838657,1.27869447093,1.10988836735,-2.69055265688,-0.845158432685,-3.01095503898
3.794272,-0.860889886971,0.809752533583,1.2812528471,1.10560016405,-2.68923552397,-0.845180374504,-3.0109120356
3.804257,-0.856315315528,0.809546102645,1.2835151452,1.10171550786,-2.68808146096,-0.84530856959,-3.01101395202
3.814242,-0.852296081457,0.809459114804,1.28519875898,1.09847394053,-2.6872830766,-0.845490085999,-3.01103069619
3.824227,-0.84819439657,0.80941009095,1.28665233886,1.09540960401,-2.68659654758,-0.84555133042,-3.0109750261
3.834212,-0.843974682946,0.809252774649,1.28823612443,1.09242576382,-2.68587112925,-0.8454163804,-3.01103381269
3.844197,-0.840288000872,0.808933219415,1.28986672177,1.08989567765,-2.68535491735,-0.845337643465,-3.01095116252
3.854182,-0.838079768673,0.808680457317,1.2909640148,1.0882788748,-2.68504951553,-0.845368883444,-3.01074220334
3.864167,-0.8357769087,0.808694657777,1.29238005719,1.08605766546,-2.68431794049,-0.845215839508,-3.01072401483
3.874152,-0.831743369731,0.808733046804,1.29503742941,1.08251748815,-2.68317846709,-0.845121830881,-3.01078084944
3.884137,-0.82627174658,0.808555525662,1.29842446475,1.07804341587,-2.68207117849,-0.845157840983,-3.0109657951
3.894122,-0.820983750353,0.808212147829,1.30103343639,1.07381115871,-2.68106833483,-0.845157441996,-3.01123398945
3.904107,-0.8171031335,0.807883867997,1.30243380884,1.07065977729,-2.68009442805,-0.845070319186,-3.01140103264
3.914092,-0.813817810257,0.807595468083,1.30380640546,1.06779546586,-2.67902341875,-0.845026581604,-3.01135563195
3.924077,-0.809469612738,0.807296635182,1.30628020683,1.06390777738,-2.6778961327,-0.84515631078,-3.01124328503
3.934062,-0.804258794237,0.807136752625,1.30913223402,1.05949988322,-2.67710223298,-0.845373503185,-3.01133066108
3.944047,-0.799729555127,0.807208315145,1.31144017736,1.05603099065,-2.67694836154,-0.845387258275,-3.01144563488
3.954032,-0.796137581954,0.807170580952,1.31373348749,1.05347467272,-2.67641481047,-0.845116832483,-3.01116669169
3.964017,-0.793229792697,0.807008397802,1.31574378097,1.05124013892,-2.67543664738,-0.845054237185,-3.0110193103
3.974002,-0.789581116059,0.806833558125,1.31760750749,1.04800476588,-2.67418501384,-0.845281022494,-3.01123709315
3.983987,-0.785353204452,0.806688533905,1.31944611494,1.04431968685,-2.67301837407,-0.845425878262,-3.01147584646
3.993972,-0.780571419281,0.806562315671,1.32128703562,1.04054338991,-2.67228972663,-0.845253941984,-3.01155502752
4.003957,-0.775285106537,0.80627933424,1.32337618607,1.0365657157,-2.67181944589,-0.845029970159,-3.01156919839
4.013942,-0.770495835971,0.805719846756,1.3255995453,1.03280921192,-2.67134333516,-0.845056614279,-3.0115280064
4.023927,-0.767302152053,0.80509999015,1.32747020883,1.02999902347,-2.6709153515,-0.84520712974,-3.01130432635
4.033912,-0.76443485691,0.804907158652,1.32923783063,1.02731045506,-2.67055198587,-0.845160100209,-3.01111211711
4.043897,-0.760135244774,0.805234235983,1.33165500694,1.02352687479,-2.67017460764,-0.845044303466,-3.0113487363
4.053882,-0.754726243674,0.805345331592,1.33421312496,1.01904229614,-2.66962761406,-0.845014497696,-3.01140397941
4.063866,-0.750636677235,0.8053006193,1.33593855825,1.01566464625,-2.66902771321,-0.844965861419,-3.01119087112
4.073851,-0.747383244906,0.805242141953,1.33760352754,1.0128210826,-2.66843312899,-0.844897571855,-3.01107285126
4.083836,-0.74356393004,0.804954862449,1.33989706209,1.00949507217,-2.66783702724,-0.845029052631,-3.01118116846
4.093821,-0.738845651873,0.804586263372,1.34267834336,1.00547247376,-2.66729534304,-0.845345651261,-3.01140836245
4.103806,-0.734054555626,0.804255300536,1.34530045365,1.00145529973,-2.66678734044,-0.845566583615,-3.01156714623
4.113791,-0.729887851831,0.803856151177,1.34743810855,0.998033136213,-2.66616810314,-0.845436731405,-3.01161183045
4.123776,-0.726202375258,0.803309985783,1.34925088996,0.995082954428,-2.66535480757,-0.845030339735,-3.0116873249
4.133761,-0.723079298339,0.802792232121,1.3504089874,0.992709875792,-2.66455673944,-0.844719558011,-3.01186659908
4.143746,-0.718514761706,0.80198056971,1.35164821759,0.989323984569,-2.6634353244,-0.844684070787,-3.012046268
4.153731,-0.712805659481,0.800900712159,1.35340334548,0.985095791221,-2.66219477466,-0.844904540549,-3.01203708008
4.163716,-0.708326615596,0.799966774522,1.35495873768,0.981689949439,-2.66083720825,-0.844938313819,-3.01174209394
4.173701,-0.704465514231,0.799051818376,1.35611629103,0.978655204595,-2.65914399014,-0.844770640396,-3.01160454302
4.183686,-0.700563592333,0.79806341492,1.35705267945,0.975534694716,-2.65729315635,-0.84484034407,-3.01175220903
4.193671,-0.696389255953,0.79707488117,1.35796869301,0.972159783117,-2.65523317032,-0.845099768176,-3.01196276266
4.203656,-0.692092876794,0.796229271465,1.35891707657,0.968758053782,-2.65292345255,-0.845281979069,-3.01202471412
4.213641,-0.687910470976,0.795529712959,1.35987723814,0.96559634014,-2.65054433975,-0.84539341747,-3.01189152876
4.223626,-0.683914896035,0.794729238694,1.3608498898,0.962511333351,-2.64827578391,-0.845673564581,-3.01157924175
4.233611,-0.680122040846,0.793574174593,1.36162682213,0.959295845832,-2.64608950434,-0.84604246492,-3.01129647506
4.243596,-0.676336649704,0.792489048142,1.3624750954,0.956359590253,-2.64327579979,-0.846260721444,-3.01121436019
4.253581,-0.672408308298,0.79159356491,1.36338307402,0.953452793753,-2.64005073597,-0.846455786957,-3.01139297249
4.263566,-0.668394848141,0.79049135789,1.36406384097,0.950414607028,-2.6372266555,-0.846731778028,-3.01166871325
4.273551,-0.664751764671,0.789446254027,1.36451554512,0.947526973247,-2.63467993753,-0.846967939696,-3.01186596881
4.283536,-0.661771738594,0.788664478637,1.36470563337,0.945084157021,-2.63236838329,-0.847226615457,-3.01194394725
4.293521,-0.658569819857,0.787823806008,1.36483308953,0.942686155262,-2.62993198989,-0.847467245214,-3.01193792765
4.303506,-0.654355999279,0.786606574737,1.36511450926,0.939689820399,-2.62687684836,-0.847625376744,-3.01187848832
4.313491,-0.649747181148,0.785188300439,1.36549658736,0.936169319397,-2.62330882484,-0.847745130285,-3.01181876942
4.323476,-0.645881661749,0.783831656668,1.36579016671,0.93308151943,-2.62024296475,-0.84784096207,-3.01190663492
4.333461,-0.642091703183,0.782249770626,1.36607933287,0.9303478525,-2.61779555067,-0.847906782188,-3.01209577987
4.343446,-0.638627021238,0.780654075441,1.36659590506,0.927705462457,-2.61570420927,-0.847449591186,-3.01199325878
4.353431,-0.635119919887,0.779373532167,1.36677537251,0.924894403195,-2.61298614407,-0.847000641447,-3.01194197037
4.363416,-0.631463775997,0.778213116095,1.366582914,0.922184291822,-2.61008606451,-0.847059442162,-3.0121010376
4.373401,-0.627741516166,0.776904366573,1.36648968376,0.919598096964,-2.60773822114,-0.847196691168,-3.01217891818
4.383386,-0.62406352748,0.775428501068,1.36653473291,0.917067175751,-2.60587661764,-0.847138434443,-3.012093577
4.393370,-0.620536065013,0.773870100902,1.36662723139,0.914527207567,-2.60401424908,-0.846942243209,-3.01197318907
4.403355,-0.617243106083,0.772306558239,1.36676125894,0.911969741914,-2.60193215641,-0.846848458406,-3.01198246824
4.413340,-0.614167534404,0.770807454276,1.36683830876,0.909442931291,-2.59988045366,-0.847003520667,-3.0121701856
4.423325,-0.611096792027,0.769386215021,1.36655928176,0.906999319566,-2.59805741716,-0.847130901225,-3.01235843417
4.433310,-0.607971570998,0.767919796312,1.3664411406,0.904687354487,-2.59620032331,-0.846889412166,-3.01219200054
4.443295,-0.6046790352,0.766360355186,1.36653141511,0.902305248051,-2.59439255426,-0.846721547455,-3.01195870165
4.453280,-0.601477421082,0.765118830237,1.36657537832,0.899966290321,-2.59276105347,-0.846804169474,-3.01196717078
4.463265,-0.598666274522,0.764216419516,1.36637310961,0.897671074667,-2.59124530604,-0.847188916418,-3.01218867201
4.473250,-0.59640861942,0.763410240881,1.36614978156,0.895508389748,-2.58993765769,-0.847651381537,-3.01239683451
4.483235,-0.593977964029,0.762243334412,1.36603891691,0.893168685805,-2.58840178633,-0.847754975144,-3.01246537173
4.493220,-0.59075146658,0.760567887535,1.36605554827,0.890203525806,-2.58631248568,-0.847488951223,-3.01239500859
4.503205,-0.587093479075,0.758832419726,1.36622824012,0.886903574721,-2.58402397369,-0.847267574911,-3.01226443949
4.513190,-0.583803726786,0.757616867279,1.36653505556,0.884416010392,-2.58207454728,-0.847226459388,-3.01220591364
4.523175,-0.580409522275,0.756517022449,1.36660155862,0.882286394256,-2.57989733301,-0.847128948237,-3.01230584404
4.533160,-0.57763781242,0.755302268356,1.36633977982,0.879967583198,-2.57747606765,-0.84677699986,-3.01229920284
4.543145,-0.575032325465,0.753993226236,1.36626948113,0.877643173591,-2.57464794217,-0.846427972125,-3.01227058738
4.553130,-0.572341444694,0.752944997752,1.36627451805,0.875428224484,-2.57179431125,-0.846396328709,-3.0124327565
4.563115,-0.569676293037,0.752075563857,1.36633835468,0.873014367504,-2.56919899863,-0.84643864494,-3.01251270003
4.573100,-0.567096456393,0.751089939586,1.36632763886,0.870478545834,-2.56663369651,-0.846459837792,-3.0124187964
4.583085,-0.564580759393,0.749807650455,1.36614569099,0.868153987595,-2.56393395754,-0.846545910438,-3.01227485575
4.593070,-0.561974739979,0.748351873354,1.3658577375,0.866126079947,-2.56110612106,-0.846730559068,-3.01222504827
4.603055,-0.55922400117,0.74699826587,1.36559751724,0.864076969529,-2.5582645836,-0.846937094678,-3.0123204164
4.613040,-0.556809277913,0.745831326237,1.36536838217,0.861768478725,-2.55572146392,-0.84716331072,-3.01254414606
4.623025,-0.555067885923,0.745019204067,1.36536873392,0.859396475998,-2.55343267481,-0.847104950125,-3.01249541397
4.633010,-0.552926095126,0.744217973873,1.36559984709,0.857011369326,-2.54987680155,-0.846801771562,-3.01220171708
4.642995,-0.550639588192,0.743313535329,1.36563440353,0.854776558407,-2.5463210035,-0.846510825294,-3.0119952526
4.652980,-0.548447451278,0.742246774787,1.36561954902,0.853067229395,-2.54376859305,-0.846354051457,-3.0120992404
4.662965,-0.5451497753,0.740670725056,1.36559819463,0.851195556156,-2.54015760125,-0.8461680432,-3.01218523379
4.672950,-0.541436078546,0.739091562967,1.36557711714,0.848966331809,-2.53600970055,-0.846069253819,-3.01214373212
4.682935,-0.538555880863,0.738037799782,1.36552196995,0.84693214531,-2.53291570008,-0.846166348608,-3.01215250464
4.692920,-0.536347757468,0.737250966033,1.3653767959,0.84503098576,-2.53071098451,-0.846268425764,-3.01230606901
4.702905,-0.533414867735,0.735951879346,1.36518475621,0.842145778433,-2.52763813104,-0.846065114091,-3.01239839052
4.712889,-0.529869134493,0.734071845722,1.36524425062,0.838857376609,-2.52423028537,-0.845683967035,-3.01229298151
4.722874,-0.527657654745,0.732527353783,1.36563598452,0.83690541377,-2.52238161189,-0.845221838259,-3.01186741609
4.732859,-0.526229509457,0.731563314316,1.36572500845,0.835345766131,-2.52104824275,-0.844984959514,-3.01167808054
4.742844,-0.524484287624,0.730491515188,1.36548179036,0.833429471107,-2.51953246049,-0.845173195007,-3.01200639841
4.752829,-0.522464757019,0.729349086693,1.36523282246,0.831336685952,-2.51796572535,-0.84542575082,-3.01244156176
4.762814,-0.520308512171,0.728376128909,1.36524778395,0.829376666457,-2.51681708243,-0.845496567303,-3.0126196739
4.772799,-0.51746670656,0.72721763809,1.3653594041,0.826828885274,-2.51565769601,-0.8455115264,-3.01257200182
4.782784,-0.514031640965,0.725566649428,1.36535274654,0.823645889025,-2.51402767884,-0.845548855268,-3.01249458236
4.792769,-0.510863678672,0.723688838721,1.36522736022,0.820911074963,-2.51212065914,-0.845460125988,-3.01247929027
4.802754,-0.508099950842,0.722110644269,1.36500202981,0.819054166287,-2.51029068013,-0.845223129388,-3.01250956556
4.812739,-0.505541140344,0.721269506978,1.36466725282,0.817475885089,-2.50872448239,-0.845151830629,-3.01257632952
4.822724,-0.503324135756,0.720379076576,1.36478662909,0.815712824756,-2.50716095631,-0.845001021581,-3.01282277303
4.832709,-0.501438404812,0.719279544024,1.36467690547,0.813549937608,-2.50598435142,-0.844816027174,-3.01282527228
4.842694,-0.499782766009,0.718428364734,1.36443141818,0.811435305812,-2.50490405672,-0.844645466154,-3.01260159373
4.852679,-0.498510820957,0.717827337608,1.36437653211,0.809832748441,-2.50375404139,-0.844543786581,-3.01243333332
4.862664,-0.496832254593,0.717130441603,1.36435350091,0.808392895517,-2.50207725934,-0.844630919053,-3.01246074306
4.872649,-0.494389882612,0.716161027373,1.36433647001,0.806518743377,-2.4996330862,-0.844795663668,-3.01257099
4.882634,-0.491789512559,0.715137149466,1.36441649965,0.80426303625,-2.49693910253,-0.844928266749,-3.01252749836
4.892619,-0.489695177463,0.714381585903,1.36455195941,0.802227613064,-2.49481726294,-0.845131043851,-3.01226256149
4.902604,-0.487675942177,0.713820967472,1.36469833919,0.800387316955,-2.49306762123,-0.845355585033,-3.01209828001
4.912589,-0.485870727455,0.713343551991,1.3646432497,0.798753804602,-2.49105015933,-0.844952362732,-3.01237050337
4.922574,-0.484564095477,0.712838193786,1.36420875803,0.797718890645,-2.48879054167,-0.844579161575,-3.01263479524
4.932559,-0.48333356022,0.712391783611,1.36447587955,0.79657318165,-2.48687744199,-0.84474998156,-3.01260065518
4.942544,-0.481682135535,0.711649420734,1.36500496572,0.795041083286,-2.48428651666,-0.845063295865,-3.01258417659
4.952529,-0.479736070175,0.710693971438,1.36547402041,0.793328097855,-2.48103797269,-0.845296336147,-3.01265123338
4.962514,-0.47721607821,0.709724938763,1.36550612868,0.791257969631,-2.47717058588,-0.845457717085,-3.01263230225
4.972499,-0.474404043941,0.708892335428,1.364975305,0.78905624574,-2.47354725355,-0.84555018538,-3.0125116504
4.982484,-0.471894285357,0.708103760055,1.3643422622,0.787026889536,-2.47101991828,-0.845537847695,-3.01244302903
4.992469,-0.469481942949,0.707063956089,1.364260249,0.784691264559,-2.46895930523,-0.845417572209,-3.0124203044
5.002454,-0.466581627968,0.705853925697,1.36428825525,0.781626756144,-2.46634367153,-0.845078476881,-3.01216216549
5.012439,-0.464671880347,0.705183584518,1.36442176352,0.779424049595,-2.46444583749,-0.844630840142,-3.01187878373
5.022424,-0.463204146936,0.704639139476,1.36456093915,0.777972679974,-2.46314887373,-0.84450121774,-3.01196978026
5.032408,-0.461019486459,0.703739841057,1.36458631231,0.776004649784,-2.46131315332,-0.844714705601,-3.01203280149
5.042393,-0.457992295923,0.702569147904,1.36464955949,0.773177866245,-2.45900004711,-0.845056302015,-3.01215581027
5.052378,-0.455204081107,0.701603052357,1.36489977312,0.770511211182,-2.45721862332,-0.845354821889,-3.01233074865
5.062363,-0.452880103432,0.700815316081,1.36515969692,0.768436008893,-2.45594841788,-0.845507044007,-3.01250960617
5.072348,-0.450714655371,0.700030075239,1.36513080384,0.766640324647,-2.45466603402,-0.845473600512,-3.0126721176
5.082333,-0.448506177874,0.699261196891,1.36479785794,0.764634010799,-2.45318057258,-0.845334606532,-3.01280267208
5.092318,-0.445998832675,0.698476597665,1.36451366651,0.762163719849,-2.45148975537,-0.845249819619,-3.0128654306
5.102303,-0.443237687217,0.697661361724,1.36435349462,0.759797411352,-2.44972487154,-0.845005819747,-3.01297839177
5.112288,-0.440801675938,0.696700004003,1.3644303584,0.758103093723,-2.44786992986,-0.844952078669,-3.01295396501
5.122273,-0.43914883046,0.695660389787,1.36430831687,0.756438227501,-2.446043441,-0.844938392375,-3.01269769573
5.132258,-0.437925816125,0.695121806238,1.36414711786,0.754818022817,-2.44461203522,-0.844825040157,-3.01253478803
5.142243,-0.436003517222,0.694445181124,1.36407536801,0.75306253488,-2.44262049382,-0.844791882405,-3.0125365836
5.152228,-0.433137990367,0.693487027512,1.36405747919,0.750866695533,-2.43979990035,-0.84486261581,-3.01250703061
5.162213,-0.430369026965,0.692660874187,1.36404661284,0.748643318571,-2.43706956299,-0.844926710273,-3.01238742682
5.172198,-0.428524012317,0.692227264241,1.36404676603,0.746845289496,-2.43511333332,-0.844905907002,-3.01233580249
5.182183,-0.427130735341,0.691921492597,1.3640934114,0.745234222285,-2.43335430887,-0.844908365354,-3.01243826107
5.192168,-0.425468667285,0.691466908248,1.36423313408,0.743540296987,-2.4310691948,-0.84518389788,-3.01245549672
5.202153,-0.4235912961,0.69088139469,1.3644111135,0.741689334745,-2.42858214643,-0.845458667698,-3.01245876978
5.212138,-0.422277689637,0.690229526242,1.36459615244,0.740546017454,-2.42718654065,-0.845315959387,-3.01249478621
5.222123,-0.420187895246,0.689380266253,1.36484335302,0.738790359549,-2.42469156951,-0.845092535315,-3.01265803342
5.232108,-0.417289695561,0.688521714671,1.36484345064,0.736420714906,-2.42118660793,-0.845175248307,-3.0128580788
5.242093,-0.413961333148,0.68757022599,1.36441888028,0.733714460798,-2.41741189368,-0.845697184327,-3.01278467834
5.252078,-0.411242834452,0.686640617346,1.36375900942,0.731048489121,-2.41428073454,-0.84658383961,-3.01254855021
5.262063,-0.409354665385,0.685803293227,1.36312760043,0.728445551575,-2.41215781803,-0.84778458704,-3.01254308502
5.272048,-0.407697566574,0.68506876796,1.36259851036,0.726036414252,-2.41083813103,-0.849288012627,-3.01277561397
5.282033,-0.40606623235,0.684516373213,1.36209002348,0.724301753656,-2.4099313438,-0.850981164241,-3.0126763298
5.292018,-0.40468220184,0.683979781486,1.36159780513,0.7224797679,-2.40882114015,-0.852668801631,-3.01224004052
5.302003,-0.403139032823,0.683310467004,1.36074154454,0.720035256965,-2.40757842742,-0.854125811536,-3.01233405595
5.311988,-0.401566615872,0.682633228335,1.35959007659,0.717625974121,-2.40699436136,-0.855753981247,-3.01278113937
5.321973,-0.400152552377,0.682028291069,1.35853623902,0.715299106846,-2.40658263322,-0.857878573555,-3.01302157193
5.331958,-0.398944603403,0.681656598182,1.35756917371,0.713028476078,-2.40602188865,-0.860412739105,-3.0131728912
5.341943,-0.397742989975,0.681350511069,1.3566396519,0.710886616551,-2.40535544094,-0.862930690598,-3.01313439097
5.351928,-0.396485450488,0.680853591339,1.35587570053,0.708757043048,-2.40493226555,-0.865473173495,-3.0129089275
5.361912,-0.395174927326,0.680177607149,1.35535643548,0.706594332144,-2.40479189409,-0.86836178995,-3.01266623559
5.371897,-0.393871762927,0.679527404377,1.35476997621,0.704514748745,-2.40454355013,-0.871425375428,-3.01259344712
5.381882,-0.392802330854,0.678950820309,1.3536042699,0.702576218807,-2.40404135612,-0.87373367923,-3.01273281674
5.391867,-0.391825968683,0.678664864297,1.35251202861,0.701094845458,-2.40387264739,-0.875077210274,-3.01292209031
5.401852,-0.390788906238,0.678228807529,1.35183373208,0.699445134362,-2.40388904112,-0.877025580457,-3.01308488965
5.411837,-0.389606999494,0.677667445258,1.35114020629,0.697501835181,-2.40376812243,-0.879346906999,-3.01319566258
5.421822,-0.388700696258,0.677024995633,1.35062983452,0.695709704686,-2.40308708129,-0.881307108764,-3.0130066514
5.431807,-0.387606462846,0.676172985758,1.34980543568,0.693308457924,-2.40211480029,-0.88347945814,-3.0127030201
5.441792,-0.386280119013,0.675432333976,1.34862874938,0.690832280089,-2.40126792859,-0.885368465083,-3.01252830879
5.451777,-0.3848416003,0.674864578064,1.34743343959,0.688675003574,-2.40042943641,-0.887027821816,-3.01246882999
5.461762,-0.383599260238,0.674226910455,1.34649930442,0.68679132506,-2.39940908988,-0.888750865001,-3.01250695216
5.471747,-0.382841875793,0.673418438084,1.34571458249,0.68516371077,-2.39837829417,-0.890189744124,-3.01276609435
5.481732,-0.382109118066,0.67265046594,1.34463928373,0.683631787866,-2.39732015902,-0.891167592405,-3.01305253901
5.491717,-0.381449428001,0.672153519715,1.34343648353,0.682230568688,-2.39652421487,-0.891854891363,-3.0129169207
5.501702,-0.380372997942,0.67134154875,1.34208414479,0.680681233109,-2.39492450039,-0.892856260666,-3.01276025282
5.511687,-0.378870218685,0.670123652133,1.34018931536,0.678745904195,-2.39247113409,-0.894389424162,-3.01255265868
5.521672,-0.377764808255,0.669130404128,1.33863729442,0.677295629811,-2.39031211859,-0.895730141543,-3.01231530058
5.531657,-0.376847950219,0.668392645724,1.33748795541,0.67596535141,-2.38838360531,-0.8968014405,-3.01220381615
5.541642,-0.375989233499,0.667819190377,1.33667786775,0.674841130151,-2.38668261348,-0.897652030026,-3.01235323544
5.551627,-0.375043959327,0.667152879775,1.33573523856,0.673792104575,-2.38489583426,-0.898613497207,-3.01260501391
5.561612,-0.373748138737,0.666168798737,1.33414907757,0.672347391835,-2.38237138075,-0.900096547719,-3.01272639346
5.571597,-0.372135756146,0.665052519422,1.33217565364,0.670596940219,-2.37904155337,-0.901964974382,-3.01276649564
5.581582,-0.371032226115,0.664250581895,1.3305658394,0.669472843478,-2.37624174389,-0.903343096317,-3.01277013872
5.591567,-0.370088360814,0.663134241877,1.32875599769,0.668450315099,-2.37365083883,-0.904442002834,-3.01286721526
5.601552,-0.369166215729,0.662108531308,1.32678648959,0.667165412949,-2.37124026568,-0.905400245509,-3.01266640449
5.611537,-0.368056416364,0.661302562632,1.32473808007,0.665874348924,-2.36882990378,-0.906187219431,-3.01261008917
5.621522,-0.36646460239,0.660350462906,1.32295091576,0.664689533228,-2.36627558696,-0.906821530741,-3.01290242532
5.631507,-0.364930393928,0.659106415949,1.32115037393,0.663489485154,-2.36355205731,-0.907687466768,-3.01307704453
5.641492,-0.363761844051,0.657664800159,1.31925539783,0.662260636431,-2.36070394031,-0.908581809526,-3.01288789218
5.651477,-0.362732503297,0.656212051041,1.31738732185,0.661161660956,-2.35777928326,-0.909100832958,-3.01255931558
5.661462,-0.361461250083,0.654902469752,1.315542223,0.660187897133,-2.35477275961,-0.909231817427,-3.01244224136
5.671447,-0.359934588751,0.653754478194,1.31359256776,0.659008826735,-2.35159081865,-0.909222618394,-3.0125595746
5.681431,-0.358692283012,0.652386324906,1.31176453968,0.65811417889,-2.34806425375,-0.909092404657,-3.01257753232
5.691416,-0.357653710004,0.650639954377,1.30998913857,0.65744941778,-2.34458964228,-0.909256773459,-3.01255349487
5.701401,-0.356446854937,0.648758788951,1.30782688096,0.656699912096,-2.34148071771,-0.909668648012,-3.01242494114
5.711386,-0.355531511953,0.647257857471,1.30614927246,0.6562327087,-2.33907213175,-0.909948693979,-3.01228640376
5.721371,-0.354559940346,0.646003343146,1.30439960572,0.655888241573,-2.3363065172,-0.909647336938,-3.01232544045
5.731356,-0.352976301139,0.644454509372,1.30181037149,0.655383931381,-2.33233730518,-0.908941444055,-3.01248891649
5.741341,-0.351117790004,0.642773725815,1.29880424621,0.654689299607,-2.32809589491,-0.908374789238,-3.01266772954
5.751326,-0.349740711728,0.641416092817,1.29630592977,0.654005251247,-2.32472997739,-0.908199656177,-3.01283028604
5.761311,-0.348825781039,0.640241480163,1.29440676643,0.653509821914,-2.32175150531,-0.908170668997,-3.01296169389
5.771296,-0.347416008207,0.638731135691,1.29237281971,0.653180206272,-2.31797450944,-0.908122794858,-3.01294331678
5.781281,-0.345463733329,0.636514748848,1.28921034025,0.652745262294,-2.31231833691,-0.907947193749,-3.01280391095
5.791266,-0.344264968232,0.634619792837,1.28689713882,0.652481375851,-2.30767012128,-0.907609278982,-3.01268736049
5.801251,-0.342787169125,0.632740835656,1.28490889237,0.651998193956,-2.3030088365,-0.907253369293,-3.0128384362
5.811236,-0.340873922385,0.631180685109,1.2825127075,0.651448078797,-2.29833759164,-0.906859787619,-3.01284021785
5.821221,-0.339106289108,0.629703246812,1.27997147956,0.65104582079,-2.29359110399,-0.906307441715,-3.01261196094
5.831206,-0.337721163946,0.628235855631,1.27757752295,0.650557352936,-2.28885792202,-0.905642121035,-3.01251535978
5.841191,-0.336215659075,0.626785541834,1.27548897642,0.649894080468,-2.28419953876,-0.905145554851,-3.01258418036
5.851176,-0.334225028589,0.625362380124,1.27363836997,0.649153179887,-2.27968412594,-0.905222634298,-3.01254149722
5.861161,-0.332437501397,0.624150695012,1.27176739034,0.648293249374,-2.27571673748,-0.90612321345,-3.01239808333
5.871146,-0.33153743165,0.623487427892,1.26997607632,0.647680636728,-2.27305773939,-0.907614108906,-3.0122418765
5.881131,-0.329990725063,0.622079266659,1.26680373521,0.647015364613,-2.27001738596,-0.909656359969,-3.01227149511
5.891116,-0.328074216736,0.619723711034,1.26227804123,0.645802803284,-2.26534233123,-0.911898818742,-3.01253720679
5.901101,-0.326966236685,0.617968539122,1.25902690961,0.644701482759,-2.26170413958,-0.91256531081,-3.01285063791
5.911086,-0.325664779508,0.616815021524,1.25580439187,0.64368415676,-2.258594519,-0.913410118078,-3.01288815066
5.921071,-0.324274334534,0.615814377667,1.25260368585,0.642580181502,-2.25551742265,-0.914807089931,-3.01283629701
5.931056,-0.323057989693,0.614659683514,1.24953253467,0.64147329148,-2.25222043461,-0.91612677324,-3.01289224608
5.941041,-0.322029326828,0.613452509634,1.24650361078,0.640474561789,-2.24887029437,-0.917012888024,-3.0129904598
5.951026,-0.321090610701,0.612482450429,1.24370419177,0.639614864053,-2.24586340507,-0.917833767167,-3.01295724895
5.961011,-0.320174618952,0.61174502732,1.24160073101,0.639035326594,-2.24318160933,-0.918972677785,-3.01281884831
5.970996,-0.319235918699,0.610924888945,1.23941152299,0.638514156766,-2.24016720111,-0.920186752296,-3.012669275
5.980981,-0.318021644899,0.610044348282,1.23671016375,0.63738785522,-2.23700846269,-0.921327816861,-3.01279102546
5.990966,-0.317026684116,0.609172052203,1.234481481,0.636103327535,-2.23398266725,-0.922901416901,-3.01295966403
6.000950,-0.316125528851,0.608103742866,1.23238663713,0.635017607203,-2.23115445996,-0.924830440928,-3.01298578453
6.010935,-0.315400760561,0.607022174651,1.23004334234,0.634307966994,-2.22874183492,-0.926577542863,-3.01280849354
6.020920,-0.314679080678,0.606024454239,1.2275024259,0.633811997528,-2.22650346003,-0.92818076876,-3.01257192764
6.030905,-0.314044855233,0.605173199602,1.22501087376,0.633396339827,-2.22456072043,-0.92964287319,-3.01250413271
6.040890,-0.313587956407,0.604675373469,1.2229066685,0.633063499994,-2.2229551582,-0.930908172804,-3.01255878142
6.050875,-0.312987471124,0.604566439128,1.22130892186,0.632664696161,-2.22084842882,-0.93234289143,-3.01247220535
6.060860,-0.311977064214,0.6040379445,1.21951911436,0.631688812832,-2.21731692639,-0.934576230273,-3.01245907379
6.070845,-0.311217868919,0.603157586237,1.21733843101,0.630609606363,-2.2146113009,-0.936114613857,-3.01267295433
6.080830,-0.310857883956,0.602742674943,1.21635085205,0.630184307552,-2.21339343701,-0.936488426545,-3.01304503542
6.090815,-0.31023471277,0.601966851176,1.21483814861,0.629444815559,-2.21123446961,-0.937200734253,-3.01321092025
6.100800,-0.309296783997,0.600742394445,1.21254397804,0.62844206793,-2.20813826063,-0.938340759129,-3.01299535348
6.110785,-0.308300468333,0.599508776995,1.21003763776,0.627528559233,-2.20518802579,-0.939368348228,-3.01294047424
6.120770,-0.307431129191,0.598670667551,1.20819234006,0.626743908979,-2.20330194091,-0.939783845024,-3.01294394151
6.130755,-0.306501478641,0.598027462656,1.20670801317,0.625821830136,-2.20193298852,-0.939637205909,-3.01286664466
6.140740,-0.305456892818,0.597293294188,1.20492440339,0.624763714266,-2.20026607407,-0.93946970495,-3.01287084167
6.150725,-0.30477707432,0.596810196666,1.20339382705,0.624002663649,-2.19894257125,-0.93972156264,-3.01293966201
6.160710,-0.304249019728,0.59657554525,1.20203752287,0.623169767187,-2.19804202186,-0.940118406385,-3.01272773898
6.170695,-0.303761031267,0.596283942728,1.20114916402,0.622188736442,-2.19721806664,-0.940570052183,-3.0126498474
6.180680,-0.303157224775,0.595792674809,1.20058834886,0.621319790493,-2.19626340107,-0.941256563857,-3.01292587845
6.190665,-0.302738037159,0.595316386807,1.2001564613,0.620628019504,-2.19541987185,-0.941912120316,-3.01292573712
6.200650,-0.302538719425,0.594913536839,1.19939849637,0.620141499852,-2.19489474758,-0.942602923213,-3.01296077936
6.210635,-0.302480667021,0.594666975929,1.19826157992,0.61972398506,-2.19457182072,-0.943186432815,-3.01311237566
6.220620,-0.30253529923,0.594493998285,1.19729176604,0.619229296691,-2.19429031077,-0.943674961937,-3.01316094454
6.230605,-0.302447534839,0.594267923382,1.19688704663,0.618599291629,-2.1941433677,-0.944391608785,-3.0131173929
6.240590,-0.301951633976,0.593932612802,1.19681826929,0.6178087859,-2.19425412042,-0.945677912251,-3.01321263292
6.250575,-0.301483679355,0.593487833572,1.19666812442,0.616896018236,-2.19428282348,-0.94731659186,-3.01329225006
6.260560,-0.301614930806,0.593290179058,1.19637674259,0.616653546313,-2.19402907888,-0.948212846914,-3.01340648143
6.270545,-0.301602277529,0.593287434571,1.19618436672,0.616616887071,-2.19388514281,-0.948807019733,-3.01373390784
6.280530,-0.301150185326,0.593276222035,1.19605319669,0.616265034872,-2.19401755255,-0.949150464695,-3.01366479145
6.290515,-0.300601712176,0.592977032023,1.19599250688,0.615675229456,-2.19430390401,-0.949502568814,-3.01329378
6.300500,-0.300506840311,0.59247432693,1.19602406139,0.615293221761,-2.19439464879,-0.949721257845,-3.0129022108
6.310485,-0.300588636582,0.592105736635,1.19603677312,0.615051638894,-2.19422416305,-0.949805124979,-3.01284887886
6.320470,-0.300560495934,0.591799868383,1.1959670098,0.614888677033,-2.19411783395,-0.949729758865,-3.0130108289
6.330454,-0.300437564786,0.591386216311,1.19569847351,0.614954188021,-2.1942783954,-0.949443183161,-3.01302381813
6.340439,-0.300320690524,0.591091387379,1.19514953366,0.615246246962,-2.19446850645,-0.948983689936,-3.01289874786
6.350424,-0.300377455948,0.59109558224,1.194824309,0.615304873851,-2.19456910212,-0.94847133646,-3.01300818495
6.360409,-0.300672050391,0.591244484631,1.19494020881,0.615328738095,-2.19487296796,-0.948403869806,-3.01289330395
6.370394,-0.301031965348,0.591426021333,1.19513856165,0.615325356002,-2.19521512122,-0.948431573512,-3.01272734106
6.380379,-0.30091844515,0.591354487995,1.1951994732,0.615125132614,-2.19487630336,-0.948761307237,-3.0127919225
6.390364,-0.300716166072,0.591101263837,1.19522248283,0.614918209847,-2.19435069058,-0.949143162279,-3.01285494294
6.400349,-0.300744981645,0.590870005063,1.19524031853,0.615031218031,-2.19432496783,-0.949036507879,-3.01277657973
6.410334,-0.300850114854,0.59077446254,1.19527104927,0.615295514091,-2.19471054296,-0.948639177077,-3.01275163889
6.420319,-0.300885206255,0.590776270277,1.1954094994,0.615451227364,-2.19506364733,-0.948433541534,-3.01283453435
6.430304,-0.300918624304,0.590792864915,1.195715174,0.615483688177,-2.1951013496,-0.948546122897,-3.01283298119
6.440289,-0.301031165149,0.590837818604,1.19598109769,0.615474655617,-2.19488445302,-0.948719940401,-3.01272725261
6.450274,-0.301401976449,0.590986162914,1.19576174441,0.615374928828,-2.19501505195,-0.948818488118,-3.0128596277
6.460259,-0.301470708863,0.591171418419,1.19540994081,0.61534377245,-2.19522944202,-0.948596482997,-3.01314234846
6.470244,-0.301077397855,0.591089511663,1.1953650808,0.61550793573,-2.1952798684,-0.948085011537,-3.01298326127
6.480229,-0.301055399961,0.590941266174,1.19537979869,0.615465023103,-2.19520260897,-0.948147736026,-3.01251696807
6.490214,-0.301118738347,0.591045495655,1.19547612536,0.615327111844,-2.19506143954,-0.948448352195,-3.01241004672
6.500199,-0.301309401951,0.591073695799,1.19549578337,0.615344376091,-2.19500140872,-0.94845471827,-3.01255299093
6.510184,-0.301268282262,0.59086930861,1.19530991256,0.615569343306,-2.19501025895,-0.94816333639,-3.01266477198
6.520169,-0.301024450405,0.590792180618,1.19513616334,0.615765334759,-2.19493700383,-0.948058858971,-3.01268093137
6.530154,-0.301152687091,0.591009438746,1.19530300851,0.615693092537,-2.19474660812,-0.948481532196,-3.01271808249
6.540139,-0.301440307918,0.590791988789,1.1956227428,0.615533034163,-2.19471708187,-0.948993452906,-3.01285685863
6.550124,-0.301233877815,0.59072579401,1.1958468253,0.615702994439,-2.19509539885,-0.948608798249,-3.01304799357
6.560109,-0.300887063913,0.590895033705,1.19586145916,0.615741085673,-2.19529338328,-0.948206549339,-3.01307840686
6.570094,-0.300949411564,0.590822677702,1.19563975248,0.615761086289,-2.19550677317,-0.948743086466,-3.01320011912
6.580079,-0.301134740499,0.590662607397,1.19529531368,0.615778671182,-2.19559803584,-0.948943826715,-3.01336800491
6.590064,-0.301217318469,0.590609278272,1.19507119909,0.615802356142,-2.19570825031,-0.948949748562,-3.01334157204
6.600049,-0.301101434259,0.590760391991,1.19498115813,0.615892629722,-2.19573945282,-0.948795302076,-3.01304566852
6.610034,-0.300979452576,0.59102102287,1.19503820863,0.61600643035,-2.19550792152,-0.948593450186,-3.01279371231
6.620019,-0.301089211193,0.591106369419,1.19521252625,0.616011180356,-2.19512857876,-0.94861220682,-3.01292078626
6.630004,-0.301299194941,0.590846302875,1.19531826686,0.61591507316,-2.19499578017,-0.948856103338,-3.01328967258
6.639989,-0.30113613293,0.59065992727,1.19525352306,0.61601505738,-2.19513688729,-0.948732534475,-3.01342270149
6.649973,-0.301186830074,0.590657450612,1.19503968659,0.615958567443,-2.19534099132,-0.948413806957,-3.01364180455
6.659958,-0.301285704844,0.590793501278,1.19519850833,0.615620012996,-2.1952684323,-0.948324886228,-3.01336886762
6.669943,-0.30150151113,0.590989235406,1.19535770725,0.615561665837,-2.195224465,-0.948562723165,-3.01303622191
6.679928,-0.301272476021,0.591160328294,1.19545406474,0.615857344437,-2.19535797392,-0.948791003877,-3.01279075489
6.689913,-0.300889326484,0.591341537564,1.19538199051,0.616366053037,-2.19545306529,-0.948871934965,-3.0127081728
6.699898,-0.30082357397,0.591379120951,1.19529765201,0.6164887359,-2.19541836415,-0.94880104122,-3.01283905794
6.709883,-0.30112073933,0.591140122385,1.19530166737,0.616080249325,-2.19534581224,-0.948586900944,-3.01314562752
6.719868,-0.301383539563,0.590790807153,1.19539327365,0.615703944359,-2.19545085129,-0.948329241863,-3.01339330362
6.729853,-0.30129233314,0.590733900706,1.19567891354,0.615807226959,-2.19589810642,-0.948281880021,-3.0132871788
6.739838,-0.301122085637,0.591063892812,1.19599461267,0.615995517057,-2.19629696601,-0.948441971721,-3.01310190227
6.749823,-0.301116918744,0.59098271717,1.19530242172,0.615899642064,-2.19622019107,-0.948462930597,-3.01307496088
6.759808,-0.301130250363,0.590812161651,1.19478104431,0.615719721455,-2.19592604701,-0.94857314483,-3.01297215225
6.769793,-0.301144842774,0.590875235039,1.19515993767,0.615573188947,-2.19560577141,-0.948639146583,-3.01311526811
6.779778,-0.301163521739,0.591050175616,1.19514753881,0.615416181765,-2.19538287187,-0.948527598581,-3.01355400205
6.789763,-0.301255824653,0.591149942633,1.19501629612,0.615493946967,-2.19545823043,-0.94835993966,-3.01366509246
6.799748,-0.301370152346,0.591109643014,1.19506413736,0.615873621543,-2.19572608486,-0.948301738792,-3.01332024075
6.809733,-0.301362060678,0.590964703838,1.19522553526,0.616303920417,-2.19585830394,-0.948467348914,-3.01290624963
6.819718,-0.301199523075,0.590813155608,1.19535775878,0.616506803647,-2.19578090597,-0.94872970802,-3.01278242757
6.829703,-0.301076980339,0.590802129793,1.19519074272,0.616537854647,-2.19589778281,-0.948604707182,-3.01301851055
6.839688,-0.301023783833,0.590810105853,1.19462447351,0.616550037627,-2.19598347473,-0.948275501267,-3.01328068375
6.849673,-0.301336267818,0.590943947331,1.19466564067,0.616560616004,-2.19607527808,-0.947806050998,-3.01313002137
6.859658,-0.301580022896,0.591140484339,1.19551063219,0.616461231694,-2.19599039564,-0.947598373869,-3.01320620474
6.869643,-0.301563211035,0.591013598755,1.19570750337,0.616386989919,-2.19559461165,-0.947928468868,-3.01337816454
6.879628,-0.301484635067,0.590764582948,1.19525397246,0.616396325878,-2.19572435744,-0.948247133057,-3.01320881103
6.889613,-0.30135009189,0.59073285374,1.19485222891,0.616122297202,-2.19593276571,-0.948357423907,-3.01279554791
6.899598,-0.30117176745,0.590838307023,1.1949766505,0.615665373601,-2.19589329369,-0.948195207917,-3.01264285644
6.909583,-0.301223875423,0.590858511302,1.19522565824,0.615540358695,-2.19590004867,-0.947784710413,-3.01288891655
6.919568,-0.301645401724,0.590837822762,1.19497200645,0.615853910368,-2.1960930817,-0.947462653571,-3.01301305688
6.929553,-0.301580256157,0.590711017249,1.19510614945,0.616036448979,-2.19609815473,-0.947717075422,-3.01276518952
6.939538,-0.301395539533,0.590523379046,1.19513621346,0.616244400767,-2.19628937596,-0.947931988943,-3.01237325195
6.949523,-0.301502290018,0.59086484722,1.19526957004,0.616280231463,-2.19620854297,-0.948199885856,-3.01256636037
6.959508,-0.301694309934,0.591109846047,1.19556514566,0.616182777374,-2.19603520971,-0.948571216595,-3.01304712682
6.969492,-0.301588905883,0.590785342773,1.19545133472,0.615924764153,-2.19588862077,-0.948514690876,-3.01336303456
6.979477,-0.301426502853,0.590628466077,1.19519267827,0.615915622523,-2.19580503758,-0.948183674814,-3.01338829163
6.989462,-0.301544071429,0.590700796195,1.19524139063,0.616291991403,-2.19593775289,-0.947837340077,-3.01323608449
6.999447,-0.301736046139,0.590629104533,1.19540422498,0.616573458562,-2.19622396652,-0.947600145985,-3.01310841441
7.009432,-0.30163002666,0.590351470408,1.19545643509,0.616335129457,-2.19640502185,-0.947584871365,-3.01313038924
7.019417,-0.301491313018,0.590190787443,1.19589825718,0.616046965708,-2.19641630886,-0.947843001211,-3.01324898912
7.029402,-0.301605699131,0.590306863365,1.19583510081,0.616276707058,-2.19630600779,-0.947630358748,-3.01330358859
7.039387,-0.30168948349,0.590512821866,1.19564224172,0.616686250496,-2.19624576739,-0.947478684379,-3.01299810003
7.049372,-0.301540418587,0.590553142041,1.19549870045,0.616647725236,-2.19630190934,-0.947793179325,-3.01277190701
7.059357,-0.3016009695,0.590562794069,1.19541737835,0.616477590411,-2.19617984831,-0.947790266147,-3.01281507077
7.069342,-0.30178167302,0.590568345824,1.19552459956,0.616411140209,-2.19612312185,-0.947621965761,-3.01298656088
7.079327,-0.301887707597,0.590573932753,1.19554489072,0.616485094544,-2.19612706403,-0.947521276632,-3.01308384025
7.089312,-0.301791499297,0.590637305231,1.19528626392,0.616537774801,-2.19614033614,-0.947505794701,-3.01315407704
7.099297,-0.301540462881,0.590706058707,1.19498395503,0.616467018976,-2.19624131117,-0.94745840759,-3.01330682639
7.109282,-0.301404035499,0.590553339511,1.19508693883,0.616400169916,-2.1965114519,-0.947400467443,-3.01346675804
7.119267,-0.301690920672,0.5900821135,1.19559583712,0.616460123451,-2.19674792045,-0.947623022289,-3.01348569966
7.129252,-0.301921341324,0.589844721423,1.19566552949,0.616109545391,-2.19660145213,-0.948199704433,-3.01348592377
