time,right_s0,right_s1,right_e0,right_e1,right_w0,right_w1,right_w2
0.463730,-1.29322857733,0.159031811782,0.966293827753,1.95207009376,-2.26687306109,-0.392003323548,-3.01387178068
0.473713,-1.29266487273,0.159767379215,0.966849707866,1.95314335126,-2.26598002704,-0.392057311733,-3.0139312284
0.483697,-1.29188905175,0.160788773572,0.967432816274,1.95439046637,-2.26499032124,-0.391877664616,-3.01392414959
0.493680,-1.29066930436,0.161641384706,0.968134440124,1.95563845477,-2.26423520193,-0.391766173269,-3.01377894276
0.503663,-1.28959570724,0.162294355458,0.968805472955,1.95670645322,-2.26375608613,-0.391753661582,-3.01358540524
0.513647,-1.28869848739,0.163074830344,0.969199379799,1.95762495768,-2.26329868721,-0.391535882764,-3.01333041776
0.523630,-1.28766937088,0.163918650228,0.969500665594,1.95849992936,-2.26270653808,-0.391387625501,-3.01311195535
0.533613,-1.28683522672,0.164769280913,0.969927174608,1.95946208038,-2.26211023197,-0.391631062081,-3.01299917301
0.543596,-1.28658302457,0.165637959309,0.970392929071,1.96042807498,-2.26152436673,-0.392071553369,-3.01299702152
0.553580,-1.28659781849,0.166404069557,0.970808793037,1.96117509601,-2.26084906512,-0.392250738017,-3.0129956919
0.563563,-1.28629515921,0.166985835274,0.971294064021,1.961769299,-2.26029034147,-0.39206830138,-3.01277460614
0.573546,-1.28535485659,0.167568712529,0.971656233264,1.9625454996,-2.25996987031,-0.391893998017,-3.0124186059
0.583530,-1.28391406645,0.168501410982,0.971877358238,1.96374097901,-2.25965926991,-0.391885244674,-3.01220967328
0.593513,-1.2829684997,0.169424505853,0.972174483696,1.96473183441,-2.25902297198,-0.392109642301,-3.01193019982
0.603496,-1.28273440055,0.169800057214,0.972745269104,1.96530101919,-2.25826194302,-0.392388112634,-3.01167312746
0.613480,-1.28250880227,0.170116893286,0.973361203491,1.96604336996,-2.25765653793,-0.392234028388,-3.01169308988
0.623463,-1.2821776417,0.170424023832,0.973522278596,1.96693372572,-2.25721347059,-0.392344820484,-3.01207397589
0.633446,-1.2816658016,0.170902828933,0.973510341568,1.96757621287,-2.25692610394,-0.392623910076,-3.01238758357
0.643429,-1.28084739064,0.171600588982,0.973778999338,1.96783654915,-2.25667272001,-0.392629147574,-3.01228324892
0.653413,-1.28008461069,0.17225283713,0.974307144736,1.96805635245,-2.25631727164,-0.392486557089,-3.01199524176
0.663396,-1.27968979558,0.172668863035,0.974830552406,1.9685796121,-2.25579288213,-0.392486595075,-3.01178567273
0.673379,-1.27938867787,0.173007084006,0.975232594271,1.96938895325,-2.25522175944,-0.392631774651,-3.01161588432
0.683363,-1.27883146462,0.173499703387,0.975576229367,1.97026923278,-2.25482648225,-0.392854631733,-3.01142894889
0.693346,-1.27830371652,0.174033843042,0.97591214206,1.97108487517,-2.25458091968,-0.393134069848,-3.01125695495
0.703329,-1.2779776025,0.174368121969,0.976077568362,1.97166322163,-2.25430297009,-0.393067811234,-3.01103391498
0.713313,-1.27775200437,0.175016458878,0.976039575715,1.97193375573,-2.25408359507,-0.39263021309,-3.01080586039
0.723296,-1.27728187865,0.175677659743,0.976063517061,1.97203199962,-2.25402588809,-0.392472558086,-3.01063502693
0.733279,-1.27688886388,0.176079313768,0.976148901243,1.97247032166,-2.25381596505,-0.392743829631,-3.01034795347
0.743263,-1.27680986622,0.176395584004,0.976426103063,1.97309057346,-2.25355139356,-0.393112637557,-3.01023961412
0.753246,-1.27661214441,0.176555038013,0.976937648139,1.97356010472,-2.25327193653,-0.393140579336,-3.01029898639
0.763229,-1.27630724697,0.176610679413,0.977294681567,1.97387177153,-2.25297147428,-0.393004791666,-3.0104088983
0.773212,-1.27600233522,0.176691372566,0.977268563731,1.9742062173,-2.25275982026,-0.392866044045,-3.01047850007
0.783196,-1.27575419918,0.176862468622,0.977155117809,1.9746477822,-2.25255755888,-0.392820788779,-3.0104074106
0.793179,-1.27557541198,0.177074113392,0.977391117241,1.97513238599,-2.25224119015,-0.392911090684,-3.01021903691
0.803162,-1.27530858584,0.177324753752,0.977927991261,1.97547007157,-2.25196273661,-0.393045147051,-3.01006681677
0.813146,-1.27474084201,0.177707922542,0.978220021087,1.97541158841,-2.2519360442,-0.393041639558,-3.01001450991
0.823129,-1.27419794064,0.178061729178,0.97801582351,1.97504371534,-2.25192666412,-0.392834370142,-3.01003610799
0.833112,-1.27400799327,0.178259228138,0.977854756467,1.9752203398,-2.25164512979,-0.392780863123,-3.01019243786
0.843096,-1.27372954345,0.178411279252,0.977957118345,1.97617388644,-2.25139080888,-0.39304363097,-3.01035324824
0.853079,-1.27334608998,0.178681124923,0.978198585421,1.97668940343,-2.25131826813,-0.393174623963,-3.01022936316
0.863062,-1.27333052827,0.178960293402,0.978580383534,1.97695766873,-2.25117554387,-0.393204350316,-3.01008928208
0.873045,-1.27360004824,0.179260937601,0.978700182823,1.97714705406,-2.25094525326,-0.393392701607,-3.01011035227
0.883029,-1.27369743649,0.179520799381,0.978701291212,1.97722284062,-2.2508000987,-0.39353565349,-3.01012380033
0.893012,-1.27339834788,0.179549856129,0.978791919333,1.97729609159,-2.25072859414,-0.393393565012,-3.01010329714
0.902995,-1.27274999489,0.179450960765,0.97886299527,1.97746948861,-2.25056168639,-0.393098662376,-3.01007655439
0.912979,-1.27217228755,0.179369736849,0.978924067321,1.97769248288,-2.25027376179,-0.392841818171,-3.0100123146
0.922962,-1.27211423837,0.179436500437,0.979122588343,1.97789596057,-2.25007677609,-0.392697988888,-3.00984079646
0.932945,-1.27239038993,0.179803937353,0.979347257544,1.97812230719,-2.25011477609,-0.392729529137,-3.00959661002
0.942929,-1.27233632462,0.18027232864,0.979372979322,1.9783323058,-2.25020764514,-0.3928817467,-3.00950367904
0.952912,-1.27219310474,0.180433142431,0.979319911029,1.97823733365,-2.25024402937,-0.392934104064,-3.00967506234
0.962895,-1.27215292647,0.18016383739,0.979543703682,1.97812359893,-2.25011953825,-0.392968472945,-3.0098930941
0.972879,-1.27179757584,0.179806670838,0.979532570511,1.97805560581,-2.24983488027,-0.393496516457,-3.0099483739
0.982862,-1.27178554327,0.179964838415,0.979264608514,1.97806897388,-2.24982981541,-0.393916464095,-3.00992063638
0.992845,-1.27212441783,0.180371360541,0.979220062589,1.97826109221,-2.25006488652,-0.394213701778,-3.00999839279
1.002828,-1.27194999964,0.180588056356,0.979337040171,1.97829833479,-2.25010873954,-0.39436395495,-3.01015706077
1.012812,-1.27140874681,0.180702157579,0.979457312405,1.97825225207,-2.24994765033,-0.394581064484,-3.01018763167
1.022795,-1.27108357836,0.180809667239,0.979602739783,1.97822980657,-2.24989015937,-0.395017323366,-3.00998394331
1.032778,-1.27103824181,0.180833660764,0.979732532429,1.97808561782,-2.24996092708,-0.395573041395,-3.00981470585
1.042762,-1.27108272832,0.180745770531,0.979662571048,1.97788085771,-2.24996496741,-0.396238834176,-3.00979625632
1.052745,-1.27129349047,0.180698052553,0.979357527169,1.97795596451,-2.24989419041,-0.397109555575,-3.00979007001
1.062728,-1.27168379718,0.180847469066,0.979129635009,1.97826935061,-2.24990283951,-0.397958985626,-3.00984281671
1.072712,-1.27175961875,0.181151000276,0.979266732524,1.97834095766,-2.24995159972,-0.398427049476,-3.00983453917
1.082695,-1.27137210633,0.181399832007,0.979521660564,1.97816332021,-2.24991736541,-0.398524547894,-3.00975926719
1.092678,-1.27051781856,0.1813035598,0.979577993966,1.97812455361,-2.24998587496,-0.398244114222,-3.00980755709
1.102661,-1.27003847368,0.181096058329,0.979622989677,1.97826965663,-2.24999761346,-0.398097933021,-3.00969582438
1.112645,-1.27037158223,0.180854537225,0.979679645508,1.97833420803,-2.24989735324,-0.398374040126,-3.00956169898
1.122628,-1.27088985148,0.180815692875,0.979600816432,1.97824230741,-2.24983737612,-0.398569221077,-3.00951651528
1.132611,-1.27131725409,0.180996333399,0.979483706403,1.97812317645,-2.24978683856,-0.398317004968,-3.00948502987
1.142595,-1.27159131313,0.181159893857,0.979510900072,1.97812240859,-2.24985379633,-0.398035329284,-3.00941229744
1.152578,-1.2715713236,0.181182310958,0.979650475588,1.97800254132,-2.250009563,-0.397945763444,-3.00939730584
1.162561,-1.27136820268,0.181168940738,0.979755766529,1.9777464394,-2.25010988092,-0.397866607732,-3.00952977777
1.172545,-1.27133166421,0.181185901625,0.979694010511,1.97772269055,-2.25006433642,-0.39776783836,-3.00968904671
1.182528,-1.27153747359,0.181136613675,0.979461233401,1.97804124844,-2.24989481232,-0.397893567817,-3.00967517545
1.192511,-1.27168015536,0.181056986747,0.97927871899,1.97828865155,-2.24972720439,-0.398173463401,-3.00953508778
1.202495,-1.2717268402,0.181137719346,0.97919052501,1.97823641366,-2.24975733007,-0.398212273033,-3.00943286833
1.212478,-1.27189904284,0.181138615613,0.979091769542,1.97817718324,-2.24991425148,-0.398140338206,-3.00949432677
1.222461,-1.27174531497,0.180838573716,0.979220265105,1.97791013283,-2.24994706705,-0.398213265471,-3.00976779481
1.232444,-1.27138121603,0.180614383353,0.979424798822,1.97727222503,-2.24990092041,-0.398174871425,-3.0099996143
1.242428,-1.27144542752,0.18078477538,0.979486472427,1.97661439574,-2.2499390729,-0.398020427219,-3.01016098554
1.252411,-1.27179117256,0.180929459921,0.979426857602,1.97639867643,-2.25004779615,-0.398062802044,-3.01020862901
1.262394,-1.27203330454,0.180870734437,0.97925282232,1.97645941066,-2.25005328202,-0.398241326532,-3.01015014533
1.272378,-1.27212823368,0.180753981181,0.979038168647,1.97625122638,-2.25000640891,-0.398184995468,-3.0101023539
1.282361,-1.27218962321,0.180671920114,0.978977673082,1.97591834702,-2.25007275327,-0.397804205793,-3.01010524681
1.292344,-1.27222294988,0.180618946817,0.979035232161,1.97579751572,-2.2502629368,-0.397543533379,-3.01010732284
1.302328,-1.27213933361,0.180633227012,0.978989146782,1.97574152847,-2.25043675619,-0.397784311475,-3.01006590089
1.312311,-1.27193647645,0.180766607244,0.978896958414,1.97553376044,-2.25051939615,-0.398162984585,-3.01001571041
1.322294,-1.27177520405,0.180959719913,0.978922121294,1.97522130713,-2.2505407192,-0.398117760994,-3.01010191594
1.332277,-1.27171628694,0.181049574577,0.978899723505,1.97501073462,-2.25051320558,-0.398174153065,-3.01032835905
1.342261,-1.27129353945,0.181080877569,0.978846823063,1.97477742299,-2.25050480692,-0.398579741527,-3.01042162966
1.352244,-1.27094416746,0.181236378564,0.978872303137,1.97425167841,-2.25036757543,-0.398969849411,-3.01043837573
1.362227,-1.27095160265,0.181267564762,0.979077897358,1.97372445772,-2.25007085941,-0.399365543294,-3.01043113383
1.372211,-1.27074741029,0.181088716257,0.97927373958,1.97331946721,-2.24987209337,-0.399809393291,-3.01035911086
1.382194,-1.27016987918,0.18106301695,0.979318917807,1.97318806544,-2.24972835539,-0.400135903815,-3.01035570237
1.392177,-1.26979586009,0.181272659382,0.979401443039,1.97327017484,-2.24950180032,-0.400214079322,-3.01041991531
1.402161,-1.26984744072,0.18149556446,0.979516920018,1.97330887549,-2.24910452176,-0.400191623,-3.01039676684
1.412144,-1.26982770271,0.181631971707,0.979483664771,1.97308342908,-2.24853591449,-0.400200346532,-3.01021148845
1.422127,-1.26947222756,0.181787057372,0.979266398486,1.97262516157,-2.24793886757,-0.400069135313,-3.00997340052
1.432111,-1.26916561275,0.182074948707,0.978985614785,1.9722145872,-2.24748284373,-0.399480377506,-3.00984204083
1.442094,-1.26894705403,0.182642078247,0.978708061723,1.97207883924,-2.24707584012,-0.398329658471,-3.00990611962
1.452077,-1.26853123034,0.18370920333,0.978638344031,1.97200449991,-2.24652046448,-0.396743687991,-3.01022193102
1.462060,-1.26815507258,0.184958951438,0.978796867203,1.97189965521,-2.24601900577,-0.394894385909,-3.01034918455
1.472044,-1.26801619561,0.185818619507,0.979194997957,1.97160990368,-2.24590149515,-0.39274433739,-3.01004698599
1.482027,-1.26767994088,0.186833689448,0.979585950582,1.97123397981,-2.24608646491,-0.390269611065,-3.00992746296
1.492010,-1.2674289688,0.188326312046,0.979735984832,1.97103828506,-2.24634607195,-0.387495486641,-3.01003699141
1.501994,-1.26718761222,0.19009772351,0.979692076307,1.97082939026,-2.24659341105,-0.384511084299,-3.01005467913
1.511977,-1.26691500606,0.191926902981,0.979704708978,1.970589756,-2.24684172353,-0.381385582428,-3.01006402783
1.521960,-1.26668405136,0.193706574242,0.979859543213,1.97026915622,-2.24724693521,-0.377981293837,-3.01035749483
1.531944,-1.26632427722,0.195497022033,0.980076860633,1.96974805852,-2.24778986286,-0.374170119354,-3.01081528284
1.541927,-1.26584373475,0.197429629518,0.980345355031,1.9690715966,-2.24826810831,-0.369977238326,-3.01116348958
1.551910,-1.26565849139,0.199556840543,0.980677116712,1.96852409697,-2.24857975025,-0.36550875759,-3.01137916023
1.561893,-1.26588402274,0.201755447521,0.980970038483,1.96831854665,-2.2488167336,-0.360794789729,-3.01154378436
1.571877,-1.26588893598,0.203781320595,0.981328618523,1.96825433868,-2.24904924582,-0.355715808688,-3.01172000346
1.581860,-1.26542027501,0.20573427736,0.982092299975,1.96795181604,-2.24938778198,-0.350222002788,-3.01211341609
1.591843,-1.26477835304,0.208107611802,0.98320448202,1.96770122093,-2.24971614407,-0.34453600111,-3.01266731298
1.601827,-1.26419323102,0.210486709607,0.98437781977,1.96742116076,-2.25002492185,-0.338802488033,-3.01296460027
1.611810,-1.26399099216,0.21240447494,0.985489391169,1.96686377252,-2.25037238104,-0.333089391939,-3.01311728534
1.621793,-1.26405350975,0.21428616532,0.986458685816,1.96620618105,-2.25055317327,-0.327369420165,-3.01329945405
1.631777,-1.26388660077,0.216524043338,0.9873782773,1.96563482967,-2.25059510379,-0.32162766511,-3.01333634669
1.641760,-1.26326322365,0.218807903267,0.988310808965,1.96521426149,-2.25065565429,-0.31585550391,-3.01327233511
1.651743,-1.26242851388,0.220864262173,0.989368265806,1.96481320455,-2.25087381573,-0.310142995989,-3.01328384098
1.661727,-1.26185827567,0.222931113339,0.990629585754,1.96412382119,-2.25131754682,-0.304506330334,-3.01334958769
1.671710,-1.26158820239,0.225297112962,0.991982762197,1.96311074961,-2.25193816151,-0.298953671045,-3.01334103373
1.681693,-1.26110039253,0.227876596807,0.993254385042,1.9622123126,-2.25252715934,-0.293650825806,-3.01330496577
1.691676,-1.26019052685,0.230508201406,0.994477099085,1.96166846378,-2.25285524517,-0.288708859177,-3.01338860879
1.701660,-1.25929341776,0.233005020736,0.995654733425,1.96097101649,-2.25304425016,-0.283909794411,-3.01355761107
1.711643,-1.25857397823,0.235282504297,0.997033629093,1.95993623577,-2.25332338812,-0.27924822361,-3.01349323604
1.721626,-1.25777367707,0.237623853683,0.998617892294,1.95885023963,-2.25370717756,-0.275105609083,-3.01334706059
1.731610,-1.25663018372,0.240227332703,0.999848076745,1.95795151906,-2.2539652511,-0.271506254628,-3.01357708527
1.741593,-1.25524838461,0.242725602929,1.00099020376,1.95695525393,-2.25404216098,-0.26829225208,-3.0140308961
1.751576,-1.25402153377,0.245118790487,1.00240774914,1.95553625771,-2.25415187228,-0.265220834506,-3.01447290435
1.761560,-1.25304128703,0.247767163011,1.00393552417,1.95392257816,-2.2544491926,-0.262196788687,-3.01487205527
1.771543,-1.25188019567,0.250701900426,1.00532146098,1.95230137901,-2.25485443986,-0.259438944388,-3.01521407744
1.781526,-1.2503403851,0.253711529748,1.00645269318,1.95069812532,-2.25522908193,-0.257105812676,-3.01546510215
1.791509,-1.24863479153,0.256535687989,1.00749061009,1.94906554286,-2.25554964681,-0.255200122063,-3.01581642359
1.801493,-1.24695860455,0.25902931098,1.00876698946,1.94726745261,-2.2558855727,-0.253668235297,-3.01673624654
1.811476,-1.24520179517,0.261333782419,1.01035093454,1.94507413164,-2.25624574141,-0.25242612513,-3.01850340207
1.821459,-1.24315544966,0.263847147874,1.01179678258,1.94242243851,-2.25652740741,-0.251466170984,-3.02065680905
1.831443,-1.24103446547,0.267002692782,1.01286330156,1.93973217569,-2.25679177792,-0.251019112181,-3.02233471801
1.841426,-1.23912652917,0.270423027665,1.01382370117,1.93736933095,-2.25729048924,-0.250975227963,-3.02308081042
1.851409,-1.2372055456,0.273154970217,1.01494987102,1.93497501366,-2.25779096204,-0.251101469323,-3.02324840077
1.861393,-1.23503978521,0.275898200175,1.01602020561,1.93240876542,-2.2580666429,-0.25156625543,-3.02335291384
1.871376,-1.2326438036,0.279218132577,1.0170541267,1.92951133714,-2.25853533424,-0.25224736131,-3.02360510221
1.881359,-1.23016191296,0.282539206073,1.01830845357,1.92617750545,-2.25931456437,-0.252804409938,-3.02391353471
1.891343,-1.22763936809,0.285625263226,1.01950235736,1.92290346241,-2.26020112719,-0.253205594165,-3.02410070428
1.901326,-1.22512547216,0.288616723267,1.02049204897,1.91990887265,-2.26114414346,-0.253676307126,-3.02418377209
1.911309,-1.22253304797,0.291577481103,1.0216181123,1.91674650074,-2.26221030092,-0.254234858453,-3.02433650107
1.921292,-1.21978691562,0.294460418691,1.02318005901,1.91304357046,-2.26343671426,-0.254682140642,-3.02475104528
1.931276,-1.21708011264,0.297316849348,1.02493195155,1.90912558995,-2.26485857344,-0.254938773405,-3.02552963352
1.941259,-1.21459568853,0.300232804171,1.02641366513,1.90546617605,-2.26657088068,-0.255064539361,-3.02661145595
1.951242,-1.21200124932,0.303185687362,1.02757070972,1.90196430303,-2.2686965475,-0.254993983562,-3.02783646479
1.961226,-1.20925129645,0.306333682166,1.02873250629,1.89831573947,-2.27104385249,-0.254611861338,-3.02900523222
1.971209,-1.2061973914,0.309601365646,1.03007314058,1.89458553555,-2.27336619813,-0.254165964676,-3.02991766522
1.981192,-1.20325600319,0.312585409814,1.03147499733,1.89092627256,-2.27573402331,-0.253969877007,-3.03088510396
1.991176,-1.20073978389,0.315542173541,1.0327344168,1.88746223508,-2.27808786039,-0.254032854785,-3.03215035056
2.001159,-1.1981172749,0.318384645368,1.03389480948,1.88415625302,-2.28037046241,-0.254239664841,-3.03357166438
2.011142,-1.19510848467,0.320949711712,1.03520048313,1.88078247712,-2.28278059404,-0.254561825609,-3.03500162374
2.021125,-1.19202426732,0.323474039146,1.03661072058,1.87720422848,-2.28535071829,-0.254930707937,-3.03634369162
2.031109,-1.18913926789,0.326232105064,1.03787406237,1.87358941168,-2.28790694701,-0.25513491382,-3.03755815838
2.041092,-1.18649404157,0.329088038466,1.03890096593,1.8701579061,-2.2904730462,-0.255098643925,-3.03866459199
2.051075,-1.18404675738,0.331768879805,1.03988511614,1.86679232656,-2.29324525421,-0.254978510054,-3.03969229161
2.061059,-1.18161462237,0.334341361923,1.04103359944,1.86318468516,-2.29612578573,-0.25487503888,-3.04064346735
2.071042,-1.17882422177,0.336883538518,1.04229590615,1.85946249589,-2.29878956098,-0.2547603823,-3.04155600728
2.081025,-1.17574276579,0.339206158705,1.04351168123,1.85589117836,-2.30123636556,-0.254816198099,-3.04246564675
2.091009,-1.17277019032,0.341494360762,1.0446789934,1.85224942628,-2.30361112069,-0.254951287603,-3.04326918946
2.100992,-1.16970767388,0.344102414979,1.04578576238,1.84846890836,-2.30589139895,-0.254920253286,-3.04376951545
2.110975,-1.16680797472,0.346904025122,1.04681138078,1.84482758504,-2.30812546239,-0.254889926585,-3.04406589204
2.120959,-1.16429432191,0.349795065329,1.04800044241,1.84130921683,-2.31037773163,-0.254924998752,-3.04427551323
2.130942,-1.16186965537,0.352837727924,1.04934142738,1.83786574709,-2.31267694183,-0.255018590695,-3.04422706884
2.140925,-1.15922966545,0.355682550305,1.05059211178,1.83443337172,-2.31488102894,-0.25508163256,-3.04402028352
2.150908,-1.15643542251,0.358028531668,1.05173625154,1.83101727578,-2.31682223863,-0.255034156021,-3.04393442155
2.160892,-1.15371812275,0.360191380618,1.05291352606,1.82764706012,-2.31861859835,-0.254912116174,-3.04403568346
2.170875,-1.15108468508,0.362550023928,1.05422403229,1.82429496584,-2.32050479979,-0.254817539224,-3.04418867718
2.180858,-1.14833959982,0.364993208241,1.05565368049,1.82089324201,-2.32241642227,-0.254795477013,-3.04435128039
2.190842,-1.14551468224,0.367483380891,1.05702754863,1.81742058853,-2.32407866344,-0.25480715128,-3.04457354318
2.200825,-1.14286174013,0.370214337961,1.05812208055,1.8139015937,-2.32556899269,-0.254777816119,-3.04469795361
2.210808,-1.1401289268,0.372595694718,1.05912871455,1.81040037935,-2.32700277748,-0.254705735467,-3.04460647135
2.220792,-1.13710018672,0.374390958237,1.06045320169,1.80694854343,-2.32824291371,-0.254763453364,-3.04464772102
2.230775,-1.13429247243,0.376091696483,1.06188717237,1.8036201794,-2.3293605616,-0.255017198178,-3.04474359444
2.240758,-1.13192812494,0.377968717437,1.06310313681,1.80025596951,-2.33033194181,-0.255093463674,-3.04465402996
2.250741,-1.12979771306,0.380108473836,1.06421647738,1.79690082754,-2.33114696105,-0.255049471935,-3.04455665188
2.260725,-1.12749297303,0.382189253781,1.06534646491,1.79365294425,-2.33195105772,-0.255127969177,-3.04456345709
2.270708,-1.12487802467,0.384098500837,1.0666468358,1.79044448622,-2.33274358367,-0.255221736803,-3.04464706359
2.280691,-1.12211907129,0.386098415486,1.06813438295,1.78714009652,-2.33342379773,-0.255159622162,-3.04475386068
2.290675,-1.11929956975,0.388338620095,1.06961839751,1.78372687409,-2.33400587723,-0.255029510289,-3.04488607752
2.300658,-1.11638021414,0.390617995673,1.07096141631,1.78035001557,-2.33450611615,-0.255023492345,-3.04508397982
2.310641,-1.1134575615,0.39265907706,1.07229107246,1.77713197218,-2.33477398892,-0.255114175271,-3.04531389863
2.320625,-1.1105881454,0.394284718626,1.07373373738,1.77399091863,-2.33483566761,-0.255122838038,-3.04541351436
2.330608,-1.10762378335,0.395586979776,1.07526717382,1.77085412442,-2.33497783863,-0.25501105713,-3.0454364872
2.340591,-1.10464827199,0.397163206255,1.07674014268,1.76771336472,-2.33522034853,-0.254940788354,-3.04551404855
2.350575,-1.10169285676,0.399162657363,1.07818678718,1.76460874695,-2.33545855052,-0.255143293101,-3.04577883151
2.360558,-1.09859658886,0.400912856951,1.07980967839,1.76152832467,-2.33567039945,-0.255380817422,-3.0460818911
2.370541,-1.09545256915,0.402443611878,1.08137518859,1.75827584257,-2.33577542975,-0.25532128742,-3.04629461019
2.380524,-1.09254276333,0.404088802675,1.08285250577,1.75479074699,-2.33575170381,-0.255125137428,-3.04660429925
2.390508,-1.08965250393,0.405783830288,1.08430025919,1.7513235355,-2.3356713668,-0.255097588186,-3.04714874153
2.400491,-1.08636336129,0.407423824409,1.08581644496,1.74789963156,-2.33565076067,-0.255204996629,-3.04773966087
2.410474,-1.08274584407,0.409030117649,1.08748709145,1.7443693734,-2.33575420997,-0.255317650633,-3.04824327955
2.420458,-1.07911954326,0.410592306145,1.08919813581,1.74080122612,-2.33593374386,-0.255475446087,-3.04883535789
2.430441,-1.07551729401,0.41206393455,1.09072339356,1.73742134732,-2.33605612798,-0.255694866209,-3.04970849296
2.440424,-1.07189081468,0.413505464164,1.09212168087,1.73414795851,-2.33602198885,-0.25580659523,-3.05067780486
2.450408,-1.06832766692,0.414824016905,1.09358426592,1.7307340926,-2.33589845442,-0.255919737029,-3.05135425471
2.460391,-1.06487232485,0.416078894765,1.09509335471,1.72719282111,-2.33577881502,-0.25610736959,-3.05174649233
2.470374,-1.06131393786,0.417394908483,1.09682682633,1.72375458857,-2.33571851879,-0.256005765767,-3.05228142654
2.480357,-1.05756083267,0.418734915973,1.09862479494,1.72021441802,-2.33585997975,-0.255847664968,-3.0528223936
2.490341,-1.05372580161,0.420079580161,1.10019540545,1.71633955013,-2.3361069731,-0.255886631431,-3.05318884507
2.500324,-1.04985627463,0.421304821199,1.10164056763,1.71235276659,-2.33620593089,-0.255976313587,-3.05348193089
2.510307,-1.0460880862,0.42256149245,1.10320600678,1.70845484076,-2.33619762605,-0.255928536352,-3.05372144773
2.520291,-1.04245036918,0.424030148493,1.10492652948,1.70450721793,-2.33625262445,-0.255870515884,-3.05386878743
2.530274,-1.03875778202,0.425511778045,1.10664636838,1.70040172821,-2.33626012081,-0.256004026161,-3.05396878705
2.540257,-1.03482183625,0.426708782016,1.10826795687,1.69618850674,-2.33608394749,-0.256219924298,-3.05408381686
2.550241,-1.03069976646,0.427725017585,1.10986748031,1.6919064449,-2.33593784875,-0.256241389487,-3.0542436026
2.560224,-1.02660673887,0.428965743703,1.11153885307,1.68755985943,-2.3361044352,-0.256095233511,-3.05445880976
2.570207,-1.02257484138,0.430518471504,1.11320841526,1.6832852713,-2.33634418166,-0.256084294006,-3.05461125884
2.580191,-1.01851164035,0.432137041311,1.11477501226,1.6791468727,-2.33629434366,-0.256272576177,-3.05454762487
2.590174,-1.01448278634,0.433792660077,1.11625469972,1.6751167241,-2.33619972871,-0.25642630178,-3.05438062351
2.600157,-1.01039486466,0.435111195073,1.11779864373,1.67109345631,-2.33633985787,-0.256582193358,-3.05427141527
2.610140,-1.00644134516,0.435842782632,1.11920329129,1.66671682412,-2.33637037478,-0.256847845131,-3.0543255288
2.620124,-1.00264932287,0.436412325946,1.12037873805,1.66206353389,-2.33622036167,-0.257047391707,-3.0544194636
2.630107,-0.998562356473,0.437159000871,1.12169840086,1.65740087334,-2.33611921494,-0.257060219688,-3.05432473286
2.640090,-0.99410776282,0.437995688078,1.12332111302,1.65285104653,-2.33612613585,-0.25698637878,-3.05413648142
2.650074,-0.989597119223,0.438795378955,1.12489442769,1.64834596485,-2.33615928217,-0.257033038165,-3.05416580882
2.660057,-0.985249349893,0.439501720214,1.12613807209,1.64370249851,-2.33615147067,-0.257258637551,-3.05444257069
2.670040,-0.981064004201,0.440098906233,1.12721778709,1.63881705626,-2.33613249681,-0.257606935078,-3.05466142209
2.680024,-0.97702757087,0.440675173563,1.12839385845,1.63377438184,-2.33618433585,-0.25807279915,-3.05463580758
2.690007,-0.973131939765,0.441453938807,1.12959547698,1.62875150741,-2.33631746415,-0.258688095615,-3.05455056432
2.699990,-0.969165541097,0.442531459892,1.1307238762,1.62390156321,-2.33641760511,-0.259514233354,-3.05455038731
2.709973,-0.964953333534,0.443437286883,1.13187895319,1.6189994639,-2.33646428757,-0.260751819532,-3.05447225882
2.719957,-0.960690623585,0.443781449107,1.13285859023,1.61391779516,-2.33648108045,-0.262336668919,-3.05423848943
2.729940,-0.95642128314,0.44413106968,1.13364146175,1.60897800298,-2.33641507638,-0.264089062584,-3.05409533432
2.739923,-0.952251850204,0.444830142405,1.13453807629,1.60404990291,-2.33631570245,-0.266079176889,-3.05405620106
2.749907,-0.948369769859,0.445582408343,1.13559350803,1.59907561773,-2.33632426959,-0.268469305329,-3.05414720983
2.759890,-0.94465922097,0.446082163422,1.13657587954,1.59418933249,-2.33648771932,-0.271276372815,-3.05425922101
2.769873,-0.940766219669,0.446396392147,1.13722406579,1.58930467423,-2.33662748981,-0.2743693016,-3.05427216405
2.779857,-0.936589333901,0.446718857462,1.13766729443,1.58420972182,-2.33655731583,-0.277649479651,-3.05429406492
2.789840,-0.932384791896,0.447208309466,1.13835956516,1.57893107882,-2.33639139708,-0.281104180153,-3.05445275172
2.799823,-0.928425399636,0.447854030298,1.13943882683,1.57372404602,-2.33641632269,-0.284795053552,-3.05463535198
2.809807,-0.924721748437,0.448448238851,1.1403648757,1.56867813388,-2.33665404703,-0.288852972581,-3.05461820506
2.819790,-0.921123720854,0.448937221052,1.14060819017,1.56360522925,-2.33680689719,-0.293385409559,-3.05441501275
2.829773,-0.917444544849,0.449507235361,1.1404754493,1.55849757827,-2.33670369267,-0.298327633399,-3.05436689425
2.839756,-0.913704553371,0.450135933796,1.14061232886,1.55331282341,-2.33656100258,-0.303572892806,-3.0544993957
2.849740,-0.909886053713,0.450736834647,1.14085882075,1.54767739314,-2.33662474715,-0.30921920837,-3.05445692636
2.859723,-0.905905278878,0.451234252744,1.14083808036,1.54180374548,-2.33672425126,-0.315092834115,-3.05432704116
2.869706,-0.901923732988,0.451598496715,1.14084453866,1.5362102028,-2.3367777098,-0.321057565471,-3.05430145383
2.879690,-0.897913896141,0.45188917238,1.14096361189,1.53089679948,-2.33679795626,-0.327183899325,-3.05445491797
2.889673,-0.893700226749,0.452145229437,1.14107972618,1.52560699979,-2.33677293496,-0.333399383309,-3.05469237527
2.899656,-0.889379574535,0.452329246087,1.14123347828,1.52021837027,-2.33675363984,-0.339624945231,-3.05490936604
2.909640,-0.885265402634,0.452418263907,1.14138298116,1.51469869836,-2.3368138401,-0.345923822805,-3.0550844098
2.919623,-0.881488293124,0.452497112619,1.14133881426,1.50909247179,-2.33693219861,-0.352361604278,-3.05520169618
2.929606,-0.877818936019,0.452667222152,1.14106179767,1.50360224339,-2.33700093991,-0.358842757561,-3.05521108829
2.939589,-0.873979953672,0.45285655486,1.1407551919,1.49842669873,-2.33696067183,-0.365173476377,-3.05514225776
2.949573,-0.87005327911,0.452894578081,1.14054754739,1.49342823506,-2.33683612554,-0.371148629699,-3.05512105662
2.959556,-0.866305714108,0.452845718926,1.14057002648,1.48851637398,-2.3368041962,-0.376774604299,-3.05515769314
2.969539,-0.862629526948,0.452855257496,1.14070815222,1.48376672001,-2.33698823298,-0.382187761457,-3.05502915081
2.979523,-0.858562777009,0.452871382874,1.14067458613,1.47881510997,-2.3370489206,-0.387458848767,-3.0548778039
2.989506,-0.854145276615,0.452952378163,1.14064434289,1.47382568,-2.33693641944,-0.392397438014,-3.05497615275
2.999489,-0.849892907537,0.453164923821,1.14062848673,1.46900151609,-2.33677323499,-0.396852464584,-3.05518152072
3.009473,-0.846016374073,0.453311826983,1.14053404439,1.46418924442,-2.33652624536,-0.400998945854,-3.0553047774
3.019456,-0.842288460818,0.453259052623,1.14041146636,1.45943044666,-2.33616894296,-0.405091521233,-3.05532381126
3.029439,-0.8385347798,0.453070226621,1.14034458828,1.45493439728,-2.33575638103,-0.409006176775,-3.05527501107
3.039423,-0.834918107449,0.4527950503,1.14037154429,1.45075624665,-2.33529846595,-0.412394163989,-3.05519372902
3.049406,-0.831573259989,0.452457572445,1.14051453664,1.44670709037,-2.33468484238,-0.415216259419,-3.05511065535
3.059389,-0.828195116962,0.452243949879,1.1407765412,1.4425734811,-2.33385049316,-0.417794730945,-3.05505015772
3.069372,-0.824428669628,0.452321576857,1.14107650211,1.43833504106,-2.33296553872,-0.420208391149,-3.05507237426
3.079356,-0.820548603308,0.452461260589,1.14129619086,1.43418030307,-2.33215789357,-0.422312202315,-3.05524747985
3.089339,-0.817011685831,0.452434281066,1.14132685013,1.4301067425,-2.33127743201,-0.424094051785,-3.05536159242
3.099322,-0.813768443321,0.452312251109,1.14135517575,1.42601965245,-2.33037654969,-0.425463536516,-3.05526190759
3.109306,-0.810439120542,0.452328800799,1.14153115907,1.42232460798,-2.32958677079,-0.4265699793,-3.05509735018
3.119289,-0.806947993468,0.452500298677,1.14164297429,1.41908849834,-2.32886062117,-0.42729559451,-3.05494685357
3.129272,-0.803338811025,0.452498123005,1.14167673511,1.41578473968,-2.32826250795,-0.427640507812,-3.05486253545
3.139256,-0.799752921301,0.452268532876,1.14182781409,1.41194752264,-2.32778419357,-0.427808182331,-3.05484494378
3.149239,-0.79630536876,0.452123314151,1.14219859225,1.40769709847,-2.32731226561,-0.427751665561,-3.05488095615
3.159222,-0.792890231425,0.452207513373,1.14267017113,1.40348050877,-2.32677252984,-0.427440245398,-3.05498191529
3.169205,-0.789420413252,0.45235966203,1.14308346428,1.39954632508,-2.32609641227,-0.427074135928,-3.05508867709
3.179189,-0.78604974173,0.452436169032,1.14345105297,1.39583321922,-2.32520333183,-0.426836552809,-3.05508573999
3.189172,-0.782849571209,0.45247959188,1.14388747593,1.39221890652,-2.3241682531,-0.426667358895,-3.05503077811
3.199155,-0.779545258282,0.452573588315,1.14434974045,1.38853030331,-2.32316835389,-0.426542877596,-3.055141181
3.209139,-0.776196921819,0.452805615073,1.1447366712,1.38483020908,-2.32229362511,-0.426764167074,-3.05528436369
3.219122,-0.773018340744,0.453081015143,1.1450824216,1.38150002989,-2.32165049667,-0.42720457462,-3.05534315611
3.229105,-0.769981107706,0.453206592241,1.14545763824,1.37830414995,-2.32113682668,-0.427412943313,-3.05550928527
3.239089,-0.767079316199,0.453072491345,1.14577492915,1.37493853466,-2.32065418406,-0.427497436881,-3.05563761156
3.249072,-0.763945066832,0.452818471788,1.14615613568,1.37149748581,-2.32021885547,-0.427495554445,-3.05560821019
3.259055,-0.760591400818,0.452660513095,1.14689327433,1.36809129456,-2.31978824356,-0.427346050023,-3.05550564351
3.269039,-0.757439532061,0.45266713224,1.14787591969,1.36472432758,-2.31928251242,-0.427149318368,-3.05536359108
3.279022,-0.754536212997,0.45281212657,1.14878636306,1.36141034964,-2.31863045755,-0.427097856771,-3.05524159374
3.289005,-0.751458233223,0.453005872206,1.14955728028,1.35817958281,-2.31779047042,-0.427136453166,-3.05525321953
3.298988,-0.747958165924,0.453120431956,1.15033116631,1.35503374861,-2.31678841796,-0.427073940791,-3.05536492601
3.308972,-0.744382775808,0.45308403323,1.15113173595,1.35195796753,-2.31569426555,-0.426922058707,-3.05535423193
3.318955,-0.741205159397,0.452956573098,1.15189843803,1.34892512117,-2.31450168899,-0.426686747864,-3.05518884859
3.328938,-0.738264515748,0.452872708399,1.15249776703,1.34584524993,-2.313231111,-0.426256946448,-3.05507704228
3.338922,-0.735108881546,0.452980600065,1.15296968982,1.34263748753,-2.3121221489,-0.425982744307,-3.05514462363
3.348905,-0.731808232315,0.453247617869,1.15387773247,1.33936982566,-2.31144023967,-0.426141220034,-3.05535813726
3.358888,-0.728568274371,0.453425205647,1.1549420055,1.33609243332,-2.31108635095,-0.426601552888,-3.05542033722
3.368872,-0.725476808865,0.45344122423,1.15570752651,1.33264176924,-2.31069939222,-0.42710324179,-3.05530965906
3.378855,-0.722360708081,0.453459090036,1.15634609503,1.32910430646,-2.30985598656,-0.427491196618,-3.05518452485
3.388838,-0.719106868102,0.453519766645,1.15700371359,1.32576606503,-2.30844706791,-0.427640377501,-3.05502574584
3.398821,-0.716023592848,0.453605538815,1.1575775957,1.32270472756,-2.30669799194,-0.427471915524,-3.05483538618
3.408805,-0.713225082122,0.453664410245,1.15816111876,1.31975548592,-2.30489459359,-0.427187025554,-3.05474605494
3.418788,-0.710302983868,0.453633061172,1.15899903326,1.31671305479,-2.30325298631,-0.427061683809,-3.05482929297
3.428771,-0.706956856463,0.453536715916,1.16003714401,1.31347276016,-2.30187179285,-0.427070545768,-3.05496694042
3.438755,-0.703563288739,0.453499770181,1.16098055034,1.31003024613,-2.30066680521,-0.426995273522,-3.05502601806
3.448738,-0.700423246235,0.453519767694,1.161879466,1.3064458405,-2.29957161725,-0.426859156138,-3.05499985054
3.458721,-0.697487120174,0.453637722831,1.16281772173,1.30281099525,-2.2987248714,-0.42684547559,-3.05489790892
3.468705,-0.69475194105,0.453768212724,1.1634369015,1.29920642672,-2.29793221565,-0.426922309217,-3.05479858542
3.478688,-0.691563839726,0.45381403105,1.1639848304,1.29576979859,-2.29684771351,-0.427006164852,-3.05492290501
3.488671,-0.687821153963,0.453826857328,1.16510389856,1.29248137474,-2.29573830456,-0.427132332449,-3.05523218624
3.498655,-0.684202817647,0.453755017107,1.16659945799,1.28919867984,-2.29469880002,-0.427187646889,-3.05547384718
3.508638,-0.680971533662,0.453716394548,1.16779115853,1.2857098741,-2.29355553197,-0.427113249508,-3.05554162306
3.518621,-0.677876882391,0.453779717054,1.16858260297,1.28204026378,-2.29234521352,-0.426959032372,-3.05548703373
3.528604,-0.674760555719,0.453855514386,1.16917823157,1.27845621173,-2.29114006215,-0.426835820796,-3.05537870374
3.538588,-0.671654108915,0.45388972804,1.16967508139,1.27506656351,-2.28981002508,-0.426809667375,-3.05521089039
3.548571,-0.668538748011,0.453992474577,1.17018602323,1.27169744103,-2.28811825248,-0.426827335069,-3.05502357296
3.558554,-0.665380245475,0.454255137191,1.1709012112,1.26820038319,-2.28599766728,-0.426802731197,-3.05499180344
3.568538,-0.662369936279,0.454496039758,1.17164008406,1.26461944937,-2.2836822281,-0.426821718394,-3.05518464591
3.578521,-0.659623274851,0.454390118211,1.17208971084,1.26099316163,-2.28164611699,-0.427066915145,-3.05538051425
3.588504,-0.656933905925,0.454040751194,1.17242868146,1.25741349038,-2.27995734497,-0.427357859973,-3.05536074582
3.598488,-0.653968057873,0.453872230463,1.17309038419,1.2540593363,-2.27824670881,-0.42742194561,-3.05518759468
3.608471,-0.650939368027,0.453871932617,1.17400654964,1.25082870322,-2.27667053647,-0.427433115513,-3.05503425805
3.618454,-0.648154667523,0.453826156232,1.1747419018,1.2475319084,-2.27525893244,-0.427466865576,-3.05498334591
3.628438,-0.64541491078,0.453656072534,1.17528412888,1.24408976541,-2.27392155994,-0.427445490822,-3.05511115728
3.638421,-0.642513166776,0.45345662722,1.17580967818,1.2404991621,-2.27261306328,-0.427393140956,-3.05531429144
3.648404,-0.639624871077,0.453334780276,1.17640770317,1.23687200029,-2.2713511348,-0.427533882817,-3.05540054929
3.658387,-0.636940611876,0.453357616931,1.17715813193,1.23342520995,-2.270286503,-0.427854796833,-3.05532007088
3.668371,-0.634384832112,0.453472696879,1.17807405322,1.23022753973,-2.26954461842,-0.428036444056,-3.05520521205
3.678354,-0.631798683887,0.45350574079,1.17903467573,1.22704299265,-2.26901749114,-0.427933597806,-3.05519335081
3.688337,-0.629186454796,0.453366604884,1.17988560701,1.22366898491,-2.26844925009,-0.427792167069,-3.05527079091
3.698321,-0.626610892063,0.453215403657,1.18039623228,1.22041818832,-2.26770733345,-0.427688353676,-3.05531449351
3.708304,-0.624073198874,0.453211692278,1.18063844353,1.21752699241,-2.26682031802,-0.427744145549,-3.05521701439
3.718287,-0.621714216023,0.453335541572,1.18123311622,1.21473265855,-2.26589246586,-0.428164558811,-3.0550867698
3.728271,-0.619334129206,0.453393669158,1.18218543274,1.21201587138,-2.2652996846,-0.42852511463,-3.05512178918
3.738254,-0.617032346352,0.453390913494,1.18309476723,1.2094189125,-2.26498254142,-0.428618480653,-3.05531352032
3.748237,-0.61493986335,0.453427980102,1.18391080155,1.20683244816,-2.26459373824,-0.428482974714,-3.05537840872
3.758220,-0.612775398403,0.453460291197,1.18475881721,1.20418056421,-2.26405505845,-0.428317288498,-3.05519069828
3.768204,-0.610369388329,0.45342228017,1.18543237009,1.20159479126,-2.26326746733,-0.428271573552,-3.05496893119
3.778187,-0.607935299943,0.453365355302,1.18577331793,1.19919247008,-2.26217850809,-0.428385028883,-3.0548821734
3.788170,-0.605777131746,0.453376743524,1.18597415144,1.19690412269,-2.26099282131,-0.428538604466,-3.05487377803
3.798154,-0.603892113536,0.453450732253,1.18650331975,1.19460396384,-2.2599942181,-0.428610540341,-3.05489905384
3.808137,-0.601982298586,0.453531812313,1.18772521057,1.19228825543,-2.25916337074,-0.428690667583,-3.05501163965
3.818120,-0.599841403251,0.453617777387,1.18940520305,1.19000845412,-2.25823770485,-0.428929761454,-3.05505193727
3.828104,-0.597535096859,0.453566342075,1.19069759015,1.18786074754,-2.25715078304,-0.429167939219,-3.05492979405
3.838087,-0.595420065914,0.453382275146,1.19128461433,1.18589249913,-2.25613306067,-0.42929177041,-3.05495290543
3.848070,-0.59372673573,0.453309823143,1.19165517873,1.18387006463,-2.25532915157,-0.429268591475,-3.05508344017
3.858054,-0.59204211024,0.453382614075,1.19236953834,1.18187511115,-2.25455986445,-0.429132845801,-3.05510826545
3.868037,-0.5903476998,0.453315007535,1.19328251123,1.17997856914,-2.25381065884,-0.429106914533,-3.05499703432
3.878020,-0.588781402499,0.452949425215,1.19409188341,1.17802249125,-2.2531606346,-0.429197537846,-3.05476269764
3.888003,-0.587303687096,0.452601090129,1.19477549206,1.17586114315,-2.25256582576,-0.429200723787,-3.05441685217
3.897987,-0.585825185257,0.452515454421,1.19533308039,1.17362755061,-2.25197863376,-0.428982496028,-3.0541490551
3.907970,-0.584232397385,0.452591744284,1.19585950369,1.17158738667,-2.2513977599,-0.428662777518,-3.0540622321
3.917953,-0.582513769933,0.452681036003,1.19649534466,1.16980950191,-2.25073440155,-0.428515408287,-3.05405173213
3.927937,-0.580856392848,0.452755656524,1.19722626223,1.16813191613,-2.24981202911,-0.428671394073,-3.05398634652
3.937920,-0.579434393485,0.452720912432,1.19790420647,1.16648746733,-2.24858411972,-0.428952503097,-3.05387988815
3.947903,-0.578090943851,0.452594668803,1.19846215389,1.16503903483,-2.24714753927,-0.429120938063,-3.05388846156
3.957887,-0.576585525262,0.452473943254,1.19885597645,1.163715614,-2.24559225722,-0.429254017662,-3.05415480288
3.967870,-0.575054868235,0.45229434062,1.19967135299,1.16204061082,-2.24409826888,-0.429530519227,-3.05423540735
3.977853,-0.573701365927,0.452201023814,1.20066809285,1.16014637977,-2.24265609051,-0.429701345154,-3.05404229826
3.987836,-0.57240746205,0.452218518046,1.20137809463,1.15860045402,-2.24104609955,-0.429684662326,-3.0539820548
3.997820,-0.571095027208,0.452199432861,1.20212824522,1.15737094252,-2.23920202888,-0.429790242514,-3.05403149246
4.007803,-0.569643998212,0.452083036141,1.20299731201,1.15613779605,-2.23723605395,-0.430014051093,-3.05416796272
4.017786,-0.568141597896,0.45198762506,1.20381124872,1.15490492115,-2.2351848663,-0.430217938421,-3.05442666383
4.027770,-0.566795970805,0.451955314198,1.20455432315,1.15377143653,-2.23292446203,-0.430396951904,-3.05464651235
4.037753,-0.565645680039,0.451914740162,1.20529456251,1.15268191214,-2.23053607825,-0.43061759876,-3.054744659
4.047736,-0.564567074642,0.451876591027,1.20595730688,1.15151780833,-2.22834672208,-0.430908210632,-3.05481612359
4.057720,-0.563529073113,0.451922912785,1.20650197233,1.15026216208,-2.22654825415,-0.431270401502,-3.0548537409
4.067703,-0.562593845295,0.451915406982,1.20720754098,1.14894735455,-2.22512787865,-0.431719717994,-3.05477885171
4.077686,-0.561666000972,0.451695708874,1.20812270072,1.14762168673,-2.2241502585,-0.432438112652,-3.05473201608
4.087670,-0.560656904875,0.45132377351,1.20900982799,1.14649005664,-2.2236093731,-0.433561635174,-3.05480070555
4.097653,-0.559646534405,0.450924049426,1.20963227311,1.14545336343,-2.22339942016,-0.434758235369,-3.05487759477
4.107636,-0.558602200694,0.45049869987,1.20956261584,1.14413663177,-2.2234300731,-0.435689635866,-3.05483215617
4.117619,-0.55747544597,0.450146832016,1.20936059168,1.14275890558,-2.22331394898,-0.436479440371,-3.05483600259
4.127603,-0.556412869485,0.450019209311,1.20955409238,1.14178611664,-2.222666549,-0.43716779155,-3.05494923765
4.137586,-0.555653411171,0.449960958924,1.20991252082,1.14109022361,-2.22153062272,-0.437640989127,-3.05508020059
4.147569,-0.555128410934,0.449736642636,1.21027681068,1.14032035106,-2.22033333684,-0.437968274804,-3.0551713589
4.157553,-0.554612316081,0.449355743624,1.2104548901,1.13947818696,-2.21947738384,-0.438357028612,-3.05524383922
4.167536,-0.554047171527,0.449063672205,1.21030341768,1.13877490241,-2.21902429534,-0.438841321662,-3.05526358438
4.177519,-0.553539574278,0.449034749032,1.21010358076,1.13823398661,-2.21887285039,-0.439203631284,-3.05520119329
4.187503,-0.553165469884,0.449160276661,1.21025780082,1.13776236097,-2.21907356212,-0.439302574789,-3.05522611703
4.197486,-0.553035887529,0.449230244222,1.21043878884,1.13738220588,-2.2195286233,-0.439369162171,-3.05544484435
4.207469,-0.553022378374,0.449228576219,1.21039231553,1.13689242806,-2.21993696716,-0.439744857272,-3.05568501818
4.217452,-0.552952924966,0.449294210722,1.21013840955,1.13631625385,-2.2200517111,-0.440379607367,-3.05561867528
4.227436,-0.552827751134,0.449341187563,1.20990733161,1.13592228116,-2.21993341852,-0.441119269897,-3.0555481267
4.237419,-0.552598633041,0.449281693538,1.20970994479,1.13571428112,-2.21984394742,-0.441702438709,-3.05561788902
4.247402,-0.552499973827,0.449138935618,1.20950737598,1.13557800939,-2.21977413607,-0.441937010699,-3.05576318071
4.257386,-0.552576429703,0.448965017119,1.20949839549,1.13548183158,-2.21966162644,-0.442059426307,-3.05587774727
4.267369,-0.552676946666,0.448880249062,1.20963644615,1.13556559347,-2.21955711597,-0.442407391817,-3.05589635652
4.277352,-0.55275680146,0.449026869735,1.20969090325,1.13572507024,-2.21949035902,-0.442969868073,-3.05580650982
4.287336,-0.552810440558,0.449175491742,1.20967492152,1.13568098717,-2.21944965065,-0.443543112307,-3.05565095034
4.297319,-0.55281829242,0.449067675862,1.2096596809,1.13547677032,-2.21947445217,-0.444019132966,-3.05552932875
4.307302,-0.55289555519,0.449021497656,1.20945573499,1.13546910406,-2.21957386718,-0.444363838537,-3.0554903025
4.317286,-0.553178166564,0.44934830951,1.20915526668,1.13561648079,-2.21951633269,-0.444508773639,-3.05539937385
4.327269,-0.553293596706,0.449495778001,1.20932172675,1.13563478656,-2.21914050557,-0.444497742052,-3.05523744544
4.337252,-0.553038141575,0.449306746703,1.20981827484,1.13551807169,-2.21881240247,-0.444471572211,-3.05519259757
4.347235,-0.552953482977,0.449144159004,1.21010385136,1.13550648072,-2.21877672895,-0.444389686337,-3.05532594252
4.357219,-0.552968352032,0.449119236789,1.21008175103,1.13551055431,-2.21890412037,-0.44431001525,-3.05549410195
4.367202,-0.55278682649,0.449218300872,1.20990648386,1.13534837467,-2.21899624372,-0.444341488638,-3.05546870339
4.377185,-0.552450114401,0.449263023614,1.20985051757,1.13516385667,-2.2188167772,-0.444406737422,-3.05539910774
4.387169,-0.552107756116,0.449190523216,1.20991713921,1.13503781577,-2.21857450424,-0.444379491842,-3.05541736564
4.397152,-0.551829871599,0.449089139322,1.21013228113,1.1348132454,-2.21854498839,-0.444298713,-3.05550058894
4.407135,-0.551563500858,0.448983083582,1.21042539356,1.13439982464,-2.21863249575,-0.444289464585,-3.05555272251
4.417119,-0.551252398258,0.44884000514,1.21054386157,1.13389214927,-2.21858691828,-0.444406387527,-3.05554848186
4.427102,-0.550926869324,0.448681025033,1.210340487,1.13341265983,-2.21846411537,-0.444610810549,-3.05551343852
4.437085,-0.550615664001,0.448582464275,1.21004640805,1.13299286847,-2.21852357145,-0.444848799021,-3.05541241702
4.447068,-0.550234951499,0.448680747641,1.20992615914,1.13255567661,-2.21863648527,-0.4450547855,-3.05526517361
4.457052,-0.549773436923,0.44878732373,1.20969845169,1.13186633424,-2.21856999272,-0.44506701142,-3.055209148
4.467035,-0.549139993975,0.448650591432,1.20933569607,1.13083672905,-2.21858183249,-0.445001208928,-3.05537002039
4.477018,-0.548451144539,0.448482777833,1.20954460474,1.12986055455,-2.21860664176,-0.445147431791,-3.05558654983
4.487002,-0.547491346044,0.448249269665,1.21004039636,1.12898812082,-2.21858057103,-0.44545747162,-3.05557214711
4.496985,-0.546512704066,0.448160401899,1.21026588452,1.12818207514,-2.21843815846,-0.445749370544,-3.05536362307
4.506968,-0.545801994821,0.448205711981,1.21022558373,1.12741564612,-2.21828739495,-0.446057352156,-3.05521799885
4.516952,-0.545266888045,0.448234586282,1.20996194167,1.12647288865,-2.21838647974,-0.446588558126,-3.05518950263
4.526935,-0.544540031118,0.448217087918,1.20972177979,1.12517149319,-2.21855470925,-0.447429625917,-3.0552347112
4.536918,-0.543514555474,0.448174833954,1.20982002915,1.12365511483,-2.21847643092,-0.448467593986,-3.05531522359
4.546902,-0.542372750805,0.448131216394,1.21019475574,1.12224909872,-2.21829217582,-0.44961480813,-3.05537875928
4.556885,-0.541250688093,0.448178361485,1.21044074583,1.12098996762,-2.21834724655,-0.450873085843,-3.05538414022
4.566868,-0.540266812745,0.448334111489,1.21043864424,1.11951727702,-2.21843145704,-0.452090381212,-3.05537801822
4.576851,-0.539341924868,0.448302286643,1.21031732114,1.11772437557,-2.21831115673,-0.453288955238,-3.05536731119
4.586835,-0.538039750376,0.4478714117,1.21023421508,1.11597586044,-2.21831474858,-0.454862299494,-3.05528993501
4.596818,-0.536372007168,0.447448818004,1.21016088278,1.11429315779,-2.21847493271,-0.456543978369,-3.05522371509
4.606801,-0.534574375956,0.447305766888,1.21026324654,1.11228006604,-2.21854246384,-0.458068329527,-3.05525514262
4.616785,-0.532803824049,0.447390887121,1.21041831883,1.11002232428,-2.21854950691,-0.459438057862,-3.05529291625
4.626768,-0.531157270534,0.447446652237,1.21042962048,1.10760766439,-2.218588087,-0.460710871017,-3.05522211196
4.636751,-0.529516272534,0.447388212989,1.2104420653,1.10514195213,-2.21847423532,-0.461908407334,-3.05512882988
4.646735,-0.527752330856,0.447335825045,1.21062570916,1.10260693349,-2.21814389421,-0.4629023678,-3.05501852114
4.656718,-0.525858308708,0.447321216257,1.21096496111,1.09994451533,-2.21779388631,-0.463617307673,-3.0549610151
4.666701,-0.523851301666,0.447283123033,1.21136416595,1.09730010257,-2.21755803074,-0.464274852997,-3.05500597535
4.676684,-0.521727464374,0.44722893299,1.21170646436,1.09477849173,-2.21733493874,-0.465159407013,-3.05496665041
4.686668,-0.519568627235,0.447213044049,1.21186038617,1.09204379075,-2.21705690815,-0.466294566366,-3.05462501388
4.696651,-0.517473077904,0.447215547615,1.21195515751,1.08893921316,-2.21686619471,-0.467943818951,-3.05417267866
4.706634,-0.515364429552,0.446966188247,1.21189841873,1.08579042877,-2.21706634873,-0.470601116512,-3.05380944625
4.716618,-0.513231793973,0.446431439532,1.21116657904,1.08287091072,-2.21759730009,-0.473527437342,-3.05337628581
4.726601,-0.511549545874,0.446006935707,1.21037730956,1.08030048253,-2.21815948524,-0.476280175566,-3.05297393958
4.736584,-0.510094604557,0.445838666506,1.20964053,1.07775073266,-2.2184001217,-0.479207341649,-3.05280768283
4.746568,-0.508757462506,0.445908868384,1.20898574349,1.0750065017,-2.21833410485,-0.482309776392,-3.05292127613
4.756551,-0.507444112571,0.445901457744,1.20819842964,1.07226992826,-2.21843438562,-0.485924645344,-3.05307403226
4.766534,-0.506253644275,0.445668137224,1.20728580368,1.06961691586,-2.21869054462,-0.49021622611,-3.05310084086
4.776518,-0.505111675763,0.445357693397,1.20658103179,1.06699490092,-2.21882352211,-0.494680320581,-3.05294175403
4.786501,-0.503645792787,0.445154927192,1.20596950425,1.06451108723,-2.21883192828,-0.498736501394,-3.05270235809
4.796484,-0.50192218628,0.445084225626,1.2050022712,1.06225495005,-2.21891876737,-0.502199929009,-3.0525058431
4.806467,-0.500652171225,0.445076971684,1.20375196521,1.0599835083,-2.2190287584,-0.505173611205,-3.05237909925
4.816451,-0.499905812149,0.445096555239,1.20264522315,1.05749018298,-2.21892818029,-0.507968492905,-3.05249104881
4.826434,-0.499056717817,0.445138702578,1.20171383405,1.05512642512,-2.21887902696,-0.510794223049,-3.05294752977
4.836417,-0.498323814365,0.445191763172,1.20120667658,1.05313627811,-2.21919236774,-0.513660578522,-3.05316456163
4.846401,-0.497545065867,0.445265398532,1.20103141694,1.05123855608,-2.21955814018,-0.516049308138,-3.05292819042
4.856384,-0.496708710954,0.445613680814,1.20079099184,1.04929366962,-2.21961281712,-0.517598057538,-3.0526882862
4.866367,-0.496015610354,0.445922213843,1.20034412937,1.04747262699,-2.21943682486,-0.518572206267,-3.05269212688
4.876351,-0.495221715027,0.445939249389,1.19959316221,1.04569501208,-2.21923149438,-0.519514197254,-3.05293733821
4.886334,-0.494437600674,0.445800519458,1.19892149912,1.04401228961,-2.21910924953,-0.52066404866,-3.05314065831
4.896317,-0.493863540933,0.445658139832,1.19860046051,1.04262360384,-2.21901422203,-0.521809711429,-3.05315833255
4.906300,-0.493584650708,0.445564720794,1.19851781885,1.04154686798,-2.21900856173,-0.522846172498,-3.05313189087
4.916284,-0.493480066553,0.445527639504,1.1983742386,1.04077970521,-2.21920990044,-0.523761605729,-3.05314293605
4.926267,-0.493336646814,0.445612544374,1.19800623631,1.04038313752,-2.21946290835,-0.524335392699,-3.05307312066
4.936250,-0.49313471549,0.445894316835,1.19754923154,1.04019414394,-2.21948603562,-0.524342875306,-3.05296591218
4.946234,-0.493075447705,0.446116978318,1.19732380641,1.04008442222,-2.21954595117,-0.52396304055,-3.05309474415
4.956217,-0.493119821983,0.445930993779,1.19730409567,1.04025516981,-2.21986609954,-0.523703013834,-3.05329818842
4.966200,-0.49321774764,0.445444195144,1.19727578177,1.04056414941,-2.21987525176,-0.52374340135,-3.05325415174
4.976184,-0.493342115574,0.444988447662,1.19725856317,1.04081404858,-2.21967411267,-0.523512047276,-3.05298738611
4.986167,-0.493384464952,0.44485084679,1.19690959415,1.041214907,-2.21968890937,-0.523020924677,-3.05259081067
4.996150,-0.493353931344,0.444796602068,1.19676458454,1.04179278312,-2.2198552474,-0.522603385896,-3.05254822955
5.006134,-0.493306517855,0.444518753505,1.19697863348,1.04223255647,-2.22011381291,-0.522427106999,-3.0527887326
5.016117,-0.493332453639,0.444079878514,1.19726311788,1.04245698966,-2.22017149722,-0.522321575847,-3.05291135375
5.026100,-0.493459579199,0.443637689978,1.19736160749,1.04273920351,-2.22004865262,-0.521958882633,-3.05287850847
5.036083,-0.493653364728,0.443341337883,1.19723040125,1.04325026746,-2.21997906828,-0.52138789875,-3.05283884304
5.046067,-0.493897070155,0.443126560722,1.19703035772,1.04381533285,-2.2199812556,-0.521069277988,-3.05287521988
5.056050,-0.494081072285,0.44270563083,1.19691815284,1.04420865017,-2.21993769921,-0.521100325261,-3.05299667339
5.066033,-0.493908845263,0.44211682633,1.19672454903,1.04450422749,-2.21996323633,-0.520748612958,-3.05302364195
5.076017,-0.493661501362,0.441627886877,1.196399387,1.04491854755,-2.21994155184,-0.519810956225,-3.05292457365
5.086000,-0.493763315883,0.441081399161,1.19650127453,1.0454734526,-2.2197434951,-0.519188316239,-3.05291544104
5.095983,-0.494047610865,0.440838988029,1.19650305877,1.04630104512,-2.21973846711,-0.518973571266,-3.05286107392
5.105967,-0.49436583906,0.440666420747,1.19607717958,1.04701828702,-2.21976346265,-0.518694608942,-3.05283754326
5.115950,-0.494435173608,0.440320449723,1.19611596615,1.04729465892,-2.21981152084,-0.518220937417,-3.05295182653
5.125933,-0.494111502072,0.440031960904,1.19641542916,1.04750144627,-2.21985484616,-0.517632509915,-3.05303056339
5.135916,-0.493860288093,0.440002948172,1.19661757674,1.04787946115,-2.21976167225,-0.517174426686,-3.05298063668
5.145900,-0.494034553118,0.440092549108,1.19677851876,1.04822385901,-2.2195886238,-0.516870693007,-3.05292804528
5.155883,-0.494451009605,0.440155111281,1.19686392628,1.04844776471,-2.21942488718,-0.516451714912,-3.05289329324
5.165866,-0.494758724166,0.440092730133,1.19685079506,1.04874912857,-2.21932654687,-0.515792167577,-3.05281612943
5.175850,-0.49491525313,0.439827804731,1.19695024854,1.04920756182,-2.21938324843,-0.515061240984,-3.05274153126
5.185833,-0.495119534553,0.439557798489,1.19719641056,1.04955441429,-2.21961313964,-0.514362872484,-3.05271523605
5.195816,-0.495423757903,0.439652070117,1.19731479531,1.0495795673,-2.2197898538,-0.513729953795,-3.0526565739
5.205800,-0.495525639119,0.439737092557,1.19715287798,1.0497894445,-2.21975155744,-0.513275001677,-3.05256231799
5.215783,-0.495365925974,0.439802373901,1.19660548605,1.05038955968,-2.21971214152,-0.512976992396,-3.05262845279
5.225766,-0.495487542043,0.439791102402,1.19608321827,1.05070845714,-2.21979281916,-0.51287375741,-3.05273584172
5.235750,-0.495770469352,0.439791668579,1.19597170523,1.05072486715,-2.21970795702,-0.51296105325,-3.05282532305
5.245733,-0.495911160869,0.440019625566,1.19619952757,1.05082178663,-2.21952371173,-0.513185151766,-3.05295054221
5.255716,-0.4958397094,0.440210788067,1.19669787636,1.05097094592,-2.21945592499,-0.513277283968,-3.05299533575
5.265699,-0.495693364813,0.440251546798,1.1970058498,1.05114518918,-2.2194695178,-0.513140246767,-3.05291915087
5.275683,-0.495798029382,0.440113845608,1.19699315916,1.05119481683,-2.21951242553,-0.512918105442,-3.05296439773
5.285666,-0.496173341583,0.440004523652,1.19671651115,1.05105485885,-2.2195962623,-0.512846165172,-3.05315319034
5.295649,-0.496576620006,0.440152315481,1.19622398309,1.05091505111,-2.21967855555,-0.512977158248,-3.0532249957
5.305633,-0.496912503298,0.44036787267,1.19585227745,1.05091685577,-2.21970645375,-0.513059498627,-3.05314552096
5.315616,-0.497059261792,0.440307933226,1.19603803,1.05089123502,-2.21978058551,-0.512830407183,-3.05312123294
5.325599,-0.496797941578,0.440166690274,1.19621222607,1.05097884592,-2.21986729576,-0.51247356858,-3.05306508536
5.335583,-0.496629616817,0.440049011573,1.19618127453,1.05128299467,-2.21982054213,-0.51239465902,-3.0529526944
5.345566,-0.496480738024,0.439832815143,1.19655210075,1.05141269307,-2.21970477909,-0.512426219133,-3.05296064337
5.355549,-0.496385626876,0.439799815676,1.19699719282,1.05116597301,-2.21963366787,-0.512278407224,-3.05302694732
5.365532,-0.496434466044,0.439818476258,1.19709635707,1.05100228319,-2.21949036685,-0.512199510291,-3.05318245677
5.375516,-0.496541971222,0.439896652484,1.19691889218,1.05100119756,-2.21937884798,-0.512251787525,-3.05336512533
5.385499,-0.496601540066,0.439973362104,1.19679583433,1.05128075821,-2.21943034279,-0.512296924125,-3.0535382269
5.395482,-0.496611161922,0.43978799248,1.19670729172,1.05164803263,-2.21960111179,-0.512372499176,-3.0536758612
5.405466,-0.496602386714,0.43942899832,1.19664125737,1.05181440717,-2.2196919161,-0.512587068972,-3.0537334612
5.415449,-0.496630864903,0.439275731098,1.19660775164,1.0518054126,-2.21962393754,-0.512807647476,-3.05370239588
5.425432,-0.49680858038,0.439445432626,1.1965093996,1.05185979117,-2.21954287626,-0.512741252373,-3.05360863353
5.435416,-0.49710626573,0.439662309739,1.19636992598,1.05195023329,-2.21955302775,-0.512417158323,-3.05349360183
5.445399,-0.497090693963,0.439691163659,1.1963179387,1.0518339228,-2.21953488313,-0.512319337135,-3.05354258451
5.455382,-0.496818039022,0.439533020136,1.19632498648,1.0517650231,-2.21949594487,-0.512638919455,-3.05380703954
5.465366,-0.496742436646,0.439574240908,1.19606580668,1.05183465778,-2.21944710216,-0.512542582962,-3.05394276792
5.475349,-0.496857974408,0.439923993816,1.19592298817,1.05167908538,-2.21955419778,-0.51231703418,-3.05400418484
5.485332,-0.497058036932,0.440171933832,1.1962617199,1.05160033811,-2.21964478678,-0.512728335598,-3.05417287166
5.495315,-0.49697998926,0.440115403656,1.19649049289,1.051809612,-2.21977002617,-0.513102079796,-3.05433832679
5.505299,-0.496729177481,0.440168562682,1.19632677903,1.05244858362,-2.21977076576,-0.512953803762,-3.05442072423
5.515282,-0.496718420085,0.440299923404,1.19604766604,1.05308306296,-2.21952017875,-0.51259658798,-3.05433563406
5.525265,-0.496980207055,0.440268763781,1.19612780369,1.05317028569,-2.21930501158,-0.512311880432,-3.05416642878
5.535249,-0.497160984897,0.439987165641,1.19673233777,1.05290848533,-2.21932602899,-0.512208982492,-3.05408842383
5.545232,-0.497102893248,0.43959540523,1.19733463789,1.05293485018,-2.21946037553,-0.512327695872,-3.05424267712
5.555215,-0.497049424873,0.439407842913,1.19729488766,1.05329123778,-2.2196273594,-0.512569780004,-3.05459704372
5.565199,-0.497144472492,0.439622827633,1.1970144091,1.05345013201,-2.21984639236,-0.512761710546,-3.05482322744
5.575182,-0.497306424138,0.439609984696,1.19696963733,1.05348244326,-2.21982738992,-0.512656610155,-3.05473652856
5.585165,-0.497356476225,0.439385256998,1.19686571956,1.05336198733,-2.21954006595,-0.512192651734,-3.05478477921
5.595148,-0.497080239111,0.43936380069,1.19655538399,1.05348274219,-2.21936339848,-0.511887426216,-3.05490287727
5.605132,-0.496770678604,0.439322493145,1.19632386358,1.05388577639,-2.21925996752,-0.511752685138,-3.05491389606
5.615115,-0.496756798657,0.439266098949,1.19614828618,1.05391655331,-2.21928491282,-0.511656233225,-3.05490914066
5.625098,-0.496933487175,0.439331378893,1.19616247865,1.05385658577,-2.21939299117,-0.511465937483,-3.05485855898
5.635082,-0.497196761154,0.439421750998,1.19612462652,1.05405391886,-2.21948016658,-0.511184734336,-3.05473087044
5.645065,-0.497517971672,0.43953557029,1.19591434899,1.05423770254,-2.21956035542,-0.510951321275,-3.05463372868
5.655048,-0.497684117524,0.439614529735,1.19574434978,1.054407537,-2.2195308157,-0.510793783957,-3.05471664272
5.665032,-0.497616535217,0.43953077047,1.19583370454,1.05482074302,-2.2193063862,-0.510624302897,-3.05494157335
5.675015,-0.497521960386,0.439341774751,1.19615109447,1.05524124839,-2.2191124479,-0.510283005894,-3.05508217238
5.684998,-0.497477920671,0.439229078905,1.19649637324,1.05516525447,-2.21924053572,-0.50963070164,-3.05501980475
5.694982,-0.497457374156,0.439024155939,1.19660152678,1.05494542278,-2.21945344495,-0.508974284455,-3.05491403545
5.704965,-0.497544573717,0.438868326838,1.1966147484,1.0551131421,-2.21944909648,-0.508654474,-3.05490683868
5.714948,-0.497486870123,0.439094835837,1.19673378612,1.05533002297,-2.21938688969,-0.508352429876,-3.05484674305
5.724931,-0.497553281657,0.439312533683,1.19693730461,1.0556115176,-2.21923234594,-0.507900189564,-3.05474680691
5.734915,-0.498073513314,0.439244792578,1.19693227341,1.05600534968,-2.21916492033,-0.50762935728,-3.05477302221
5.744898,-0.498219808261,0.438994525233,1.19676352887,1.0561487081,-2.21928571938,-0.50763081524,-3.05488145867
5.754881,-0.49810416423,0.438820519413,1.19656462447,1.05610221297,-2.21942103458,-0.507842096718,-3.05496509766
5.764865,-0.498348969211,0.438771594496,1.19648646599,1.05610599143,-2.21943396487,-0.508074327102,-3.05509193554
5.774848,-0.498752925192,0.438766121855,1.19672542513,1.05633180098,-2.21935681975,-0.508017218904,-3.05523359101
5.784831,-0.498862169903,0.43871077521,1.19690356029,1.05675343651,-2.21935042035,-0.507768719454,-3.0552748387
5.794815,-0.498770299696,0.438580438512,1.19652053391,1.05709715189,-2.21952018485,-0.507628154558,-3.05519843117
5.804798,-0.49884373973,0.438480859058,1.19599769826,1.05714602314,-2.21971256476,-0.507395040354,-3.05511198854
5.814781,-0.49912768184,0.438526111584,1.19617313568,1.05725163766,-2.21958693471,-0.506766517708,-3.05507693184
5.824764,-0.499319222795,0.438426914581,1.19671747481,1.05789640665,-2.21916071331,-0.506589609748,-3.05497995258
5.834748,-0.499486378532,0.438110542464,1.19690004777,1.05851024613,-2.21890658176,-0.506934380654,-3.05486939011
5.844731,-0.499499618782,0.438077316262,1.1967397767,1.05899854588,-2.2189931439,-0.506829701034,-3.05513056324
5.854714,-0.499315065475,0.438189747847,1.19672506475,1.0590388335,-2.21924978667,-0.506608720731,-3.0552936885
5.864698,-0.499357092118,0.438189809875,1.19699439171,1.05874802988,-2.21959136223,-0.506595139342,-3.05528756541
5.874681,-0.499570227626,0.437880700246,1.19716835145,1.05883929727,-2.21965505621,-0.506601440592,-3.05516636713
5.884664,-0.499668742114,0.437729161291,1.19695092005,1.05932362741,-2.21955897511,-0.5063825943,-3.05484981773
5.894648,-0.499745731335,0.437810896968,1.1965410913,1.05974713314,-2.21947052354,-0.50613125053,-3.05470215692
5.904631,-0.499944143852,0.437796600307,1.19626350775,1.05981050374,-2.2193652426,-0.506140288593,-3.05491198189
5.914614,-0.500124523335,0.43754918247,1.19621336204,1.05974390751,-2.21929125394,-0.506364206498,-3.05516193628
5.924598,-0.500055496638,0.437314394426,1.19632599828,1.05984605234,-2.21944684251,-0.506467660516,-3.05513245249
5.934581,-0.499790300283,0.437316221186,1.19655374743,1.05999506354,-2.21977398385,-0.506204177453,-3.05499013895
5.944564,-0.499642940774,0.437447397151,1.19676169321,1.06033345518,-2.21985198758,-0.505606439743,-3.05502575213
5.954547,-0.499667826398,0.437541076966,1.19678510184,1.06081097731,-2.21976359322,-0.504968192876,-3.05495412642
5.964531,-0.499935008899,0.437457048428,1.19688147707,1.06089532295,-2.21971285555,-0.504591748416,-3.05515745229
5.974514,-0.500051744674,0.437570399867,1.19705096305,1.06115842347,-2.21928716385,-0.504322784454,-3.05566892615
5.984497,-0.500054810498,0.437536487071,1.19689473139,1.06151269946,-2.21904476784,-0.503614314174,-3.05575970839
5.994481,-0.500372416363,0.43743851945,1.19674221568,1.06161123152,-2.21905606188,-0.502864824151,-3.05553417828
6.004464,-0.500665530088,0.437428880082,1.19688397202,1.06169370465,-2.21904423847,-0.502703630178,-3.05535198576
6.014447,-0.500654979253,0.437414222397,1.1968682158,1.06199115976,-2.21911762247,-0.502849762414,-3.05523086209
6.024431,-0.500717225039,0.437185170421,1.19644977263,1.0624656981,-2.21923832146,-0.502855405666,-3.05506085882
6.034414,-0.501145809589,0.436837326509,1.19620662463,1.06292648709,-2.21925978825,-0.502706077065,-3.05494612963
6.044397,-0.50145001605,0.436508723077,1.19650143866,1.0632391306,-2.2192534174,-0.502638268835,-3.05501325263
6.054380,-0.501184815839,0.436097323587,1.19668046336,1.06349319622,-2.2193264537,-0.502731610243,-3.05513140854
6.064364,-0.501088703433,0.435816046898,1.19634864723,1.06388285661,-2.21927263344,-0.502869567631,-3.05517524216
6.074347,-0.501321558393,0.43605999139,1.1961996147,1.06404949093,-2.21916372356,-0.502911043187,-3.0552119124
6.084330,-0.501267531992,0.435973975352,1.19587521467,1.06402388047,-2.21922403494,-0.502549982144,-3.05492954344
6.094314,-0.501106177561,0.435392439289,1.19560469061,1.06459006217,-2.21939333847,-0.501933904716,-3.05457693724
6.104297,-0.501085483879,0.435038233596,1.19575518772,1.06495889096,-2.2194731887,-0.501665301838,-3.05456640507
6.114280,-0.501413989359,0.434854651091,1.19623826544,1.06513355373,-2.21929965127,-0.501915192252,-3.05464534261
6.124264,-0.501796174778,0.434748104746,1.19663932436,1.06524961386,-2.21902329329,-0.501986776723,-3.05465545628
6.134247,-0.501903892685,0.434764841674,1.19650408667,1.06526801709,-2.21891103483,-0.501806725446,-3.05479724237
6.144230,-0.501817198248,0.434732588234,1.19630115192,1.06545797669,-2.21906633844,-0.501510650273,-3.05491827899
6.154214,-0.501780498357,0.434637826022,1.19639686149,1.06581877639,-2.21931358487,-0.501209006284,-3.05500341352
6.164197,-0.501885371347,0.43453458204,1.196553565,1.06622420661,-2.2194763595,-0.501023238137,-3.05525460033
6.174180,-0.502047317338,0.434418727868,1.19649915822,1.06678231673,-2.21953869614,-0.500937041558,-3.05559354957
6.184163,-0.502166292072,0.434431560698,1.19628133505,1.06749360038,-2.21950303648,-0.500726639959,-3.0556698318
6.194147,-0.502241034235,0.43457659293,1.19595327719,1.06797645955,-2.2194332511,-0.500410520356,-3.05553544026
6.204130,-0.502412865426,0.434423905158,1.19608249666,1.06790677716,-2.21949831156,-0.499883517881,-3.05525695524
6.214113,-0.502548210281,0.43427567696,1.19657622351,1.06802542723,-2.21932899439,-0.499396577531,-3.05510901675
6.224097,-0.502610108679,0.434230692933,1.19637337709,1.06856873752,-2.21914353163,-0.49919387143,-3.05511927429
6.234080,-0.502718589091,0.434015715833,1.19631343535,1.06923103125,-2.21892400405,-0.499302098917,-3.05520311249
6.244063,-0.502629427083,0.433784140063,1.19658487095,1.07004453186,-2.21864049057,-0.499408290579,-3.05541655386
6.254047,-0.502297795608,0.433729135438,1.19660098135,1.07057561073,-2.21849650198,-0.499306563219,-3.0555023874
6.264030,-0.502149108581,0.433761524889,1.19651496302,1.07092589183,-2.21853775267,-0.499130067564,-3.05543056299
6.274013,-0.502465365576,0.433652092455,1.19642871309,1.07128599743,-2.2185749264,-0.499009121608,-3.05520069655
6.283996,-0.503037540007,0.433553291485,1.19642779856,1.0716722516,-2.2185219544,-0.499063620575,-3.05489536789
6.293980,-0.503432191782,0.4336811535,1.19663076605,1.07205646722,-2.21853248236,-0.499258239726,-3.05471771413
6.303963,-0.50348457295,0.433755363311,1.19683729393,1.07237808407,-2.21869458458,-0.499275906504,-3.05475495371
6.313946,-0.503452543522,0.433472227507,1.19677950342,1.0725363778,-2.21879607333,-0.49896885699,-3.05488447418
6.323930,-0.503622331478,0.433132421176,1.19685211251,1.07292460967,-2.21873285814,-0.49876285581,-3.0551683811
6.333913,-0.503757807606,0.433225243204,1.19707999102,1.07325105808,-2.2185636144,-0.498787405488,-3.05524701779
