time,right_s0,right_s1,right_e0,right_e1,right_w0,right_w1,right_w2
0.756453,-0.905561200587,0.236609759486,0.950251539965,1.65239466319,-2.22283448451,-0.627078502658,-3.05947824921
0.766434,-0.905138044625,0.237237490557,0.950961680434,1.6539022639,-2.22234722522,-0.627137308669,-3.05867925623
0.776416,-0.904577234296,0.237631282032,0.95183805639,1.6553996341,-2.22189351926,-0.626907415226,-3.05799393487
0.786397,-0.90400293474,0.238041454454,0.952644327289,1.65651871589,-2.22156040828,-0.626429448044,-3.05752328394
0.796379,-0.903524423217,0.238654911041,0.953338376068,1.65733695194,-2.22119273982,-0.62604127473,-3.05708823199
0.806360,-0.90311082538,0.239292814594,0.953988673621,1.65799027782,-2.22064847134,-0.625976440097,-3.05649868304
0.816342,-0.902666185672,0.239652105985,0.954644071008,1.6585654763,-2.21997570835,-0.626180732609,-3.05572965579
0.826323,-0.902330819839,0.240163097209,0.955142173651,1.65929980543,-2.21952164819,-0.626351658975,-3.05500935401
0.836305,-0.901976709216,0.240969889891,0.955607390565,1.66032584145,-2.21899359204,-0.626390558315,-3.0545476941
0.846286,-0.901662555581,0.241769665241,0.956298281892,1.66121141641,-2.21825003902,-0.626218239136,-3.05417676398
0.856268,-0.901259427907,0.242336809239,0.957042232981,1.66209288761,-2.21757968241,-0.62608412095,-3.05385388522
0.866249,-0.900764174562,0.242655099783,0.957736652307,1.66301376434,-2.21722429476,-0.626157137059,-3.05351457948
0.876231,-0.90030681875,0.242912897269,0.958374745884,1.66387448527,-2.21714602154,-0.62631078445,-3.05312349927
0.886212,-0.899980233333,0.243379222221,0.958977998931,1.66454570716,-2.21707671896,-0.626244572668,-3.05268349507
0.896193,-0.899416141661,0.244131748018,0.959403963914,1.66519633728,-2.21692130423,-0.626041567944,-3.05218841722
0.906175,-0.898686867315,0.244724874468,0.959827603127,1.66578490433,-2.2165345146,-0.626107954267,-3.05155365439
0.916156,-0.898324626096,0.24525238729,0.96026687473,1.66630442116,-2.21606375111,-0.626211069164,-3.05091547285
0.926138,-0.898259409793,0.245596711194,0.960765628915,1.66681917359,-2.21568983333,-0.626178496068,-3.05042896753
0.936119,-0.898321645198,0.245749591243,0.961316489913,1.6674417235,-2.21527388593,-0.626058936854,-3.05011907813
0.946101,-0.898249997376,0.245904888902,0.961870610257,1.66815311254,-2.21476682049,-0.625928606121,-3.04989867041
0.956082,-0.897848969037,0.24631743791,0.962362802013,1.66879642006,-2.21435745892,-0.625794885706,-3.04963156172
0.966064,-0.897421969329,0.24679677411,0.962752509537,1.66933109208,-2.21422037654,-0.625658460109,-3.04925100505
0.976045,-0.897289700026,0.247217297046,0.96320258207,1.67000877067,-2.21411294934,-0.62560922081,-3.04878556168
0.986027,-0.897189796504,0.247617176808,0.963579739526,1.67047484399,-2.2139878281,-0.625499539196,-3.04849768015
0.996008,-0.89707996899,0.247992391812,0.96383055866,1.67082875319,-2.2137427116,-0.625378444218,-3.0483803049
1.005990,-0.896875173162,0.248297698198,0.96397195903,1.67119063401,-2.21344363171,-0.625290321006,-3.0482427308
1.015971,-0.896559152578,0.248445993977,0.964066153008,1.67164350662,-2.21315250031,-0.625262773367,-3.04797807853
1.025953,-0.896196599949,0.248412517961,0.964208061951,1.67219900972,-2.21285241662,-0.625288475935,-3.0476606369
1.035934,-0.895741083078,0.248569872384,0.964557877568,1.67276852743,-2.21257631488,-0.62527221831,-3.0473372507
1.045915,-0.895509060412,0.248906936423,0.96496239776,1.67295002751,-2.21257235562,-0.625155521361,-3.04695364672
1.055897,-0.895436471518,0.249356829483,0.965450690189,1.6731217475,-2.21270011744,-0.62511173322,-3.04663035621
1.065878,-0.895231699352,0.249730770665,0.965855522348,1.67355798689,-2.21271617396,-0.625069648621,-3.04655306788
1.075860,-0.894918640114,0.249932290283,0.966086300601,1.67413871771,-2.21259163173,-0.625133291317,-3.04672386071
1.085841,-0.894676594949,0.249970299268,0.966151977691,1.67461420438,-2.21234053257,-0.625358469916,-3.04684071919
1.095823,-0.89463696443,0.249932047911,0.966131349929,1.67484220169,-2.21196289426,-0.625620950444,-3.04647108973
1.105804,-0.894665879263,0.249916671649,0.966071938868,1.67489682336,-2.21173149291,-0.625716775367,-3.04583840568
1.115786,-0.894475138402,0.250393781003,0.966222260056,1.67489012591,-2.21170790867,-0.625645908644,-3.04559704232
1.125767,-0.894382125725,0.251009891856,0.966552818997,1.67499594559,-2.21158274346,-0.625432936083,-3.04557991458
1.135749,-0.894374313201,0.251344228499,0.966960542908,1.67520874365,-2.21130256892,-0.625211106092,-3.04563434225
1.145730,-0.894405531487,0.251388973634,0.967247336069,1.67557866321,-2.2110495856,-0.625080238661,-3.04557911513
1.155712,-0.894434288038,0.251318959861,0.967328144505,1.67604755878,-2.2109458538,-0.625004253659,-3.04542266201
1.165693,-0.89440387637,0.251267397738,0.967340273446,1.67638124769,-2.21091318809,-0.624836634076,-3.04539377074
1.175674,-0.894074357054,0.251290204618,0.967518953582,1.67636368705,-2.21098262697,-0.624650511966,-3.04548923907
1.185656,-0.893947694335,0.251315355984,0.967717994424,1.67640981514,-2.21106480057,-0.62466822292,-3.04531851846
1.195637,-0.893896543891,0.251329411817,0.967861616217,1.6765752067,-2.21098704655,-0.624723728217,-3.04489438068
1.205619,-0.893796617443,0.251467640921,0.967973610748,1.67673369313,-2.21084732195,-0.624789913423,-3.04457614873
1.215600,-0.893708716472,0.251671439503,0.968101162642,1.67686283959,-2.2107573485,-0.624920393481,-3.04441088285
1.225582,-0.893659776095,0.251752597079,0.968246139633,1.67694127362,-2.21075545365,-0.625119065932,-3.04429218377
1.235563,-0.893513571807,0.251568155862,0.968333138242,1.6768878511,-2.21076371688,-0.625259410733,-3.04416866371
1.245545,-0.893217121801,0.251439730437,0.968258943517,1.67674207965,-2.21058434091,-0.625137165425,-3.04415238088
1.255526,-0.89310619405,0.251659976814,0.968236681769,1.67682412488,-2.21030937485,-0.624899318861,-3.04424140665
1.265508,-0.893240033062,0.251892053575,0.968307991371,1.67707163536,-2.21012649621,-0.624850605519,-3.04434748616
1.275489,-0.893459957629,0.252031695572,0.968556347965,1.67720311598,-2.21007367088,-0.624946160384,-3.04446638955
1.285471,-0.893493408163,0.25212360336,0.96882934158,1.67714180809,-2.21010690643,-0.624949125355,-3.04447579309
1.295452,-0.89325399866,0.25223459722,0.968931430086,1.67699264617,-2.21012769546,-0.624705632611,-3.04427850019
1.305434,-0.892991790487,0.252342916406,0.968842771012,1.67692051033,-2.21004857481,-0.624334822762,-3.04396813138
1.315415,-0.892901853315,0.252312809883,0.968866835634,1.67692622259,-2.21001428111,-0.624108579644,-3.04402538981
1.325396,-0.892803156826,0.252378970089,0.968740371383,1.67699952988,-2.21018521574,-0.624246434102,-3.04422250952
1.335378,-0.892689099458,0.252431865273,0.968704301473,1.67713851186,-2.21031288756,-0.624527891629,-3.04434115659
1.345359,-0.892697881371,0.252284664183,0.96870984395,1.67725749963,-2.21023853321,-0.624573303953,-3.04450623938
1.355341,-0.89284321097,0.252189720688,0.968543112564,1.67733990624,-2.21010226371,-0.624184956656,-3.04464725337
1.365322,-0.89302554019,0.252439369786,0.968095253614,1.67742511641,-2.21008572949,-0.623349378678,-3.0446058943
1.375304,-0.893120097303,0.252935416069,0.967554515001,1.67756837208,-2.21012883353,-0.622102377549,-3.04434405294
1.385285,-0.893188119962,0.253170724886,0.967217225068,1.6778296147,-2.2098034095,-0.619992727592,-3.04421565084
1.395267,-0.893384017765,0.253222835313,0.96726397114,1.67831506791,-2.20922948357,-0.616924314735,-3.04431965778
1.405248,-0.89347401253,0.253263056941,0.967486652225,1.67883915506,-2.20872726333,-0.61340911078,-3.04448067691
1.415230,-0.893367781466,0.253364580391,0.96782252846,1.67933455171,-2.20857381263,-0.609198782155,-3.04462414621
1.425211,-0.893224773232,0.253503654216,0.968180031551,1.67973781913,-2.20877385585,-0.604216025827,-3.0447605573
1.435193,-0.893178935753,0.253656782626,0.968447542625,1.68001907831,-2.20911995635,-0.598698311985,-3.04492992446
1.445174,-0.893100365786,0.25387425404,0.968530743926,1.68023078074,-2.20935269137,-0.593078303053,-3.04512055134
1.455155,-0.892955041746,0.254087352359,0.968384530325,1.68060903656,-2.20940756341,-0.587172477082,-3.04509511249
1.465137,-0.892749619637,0.254306833423,0.968055368022,1.68120246263,-2.20938894775,-0.580463662549,-3.04517855211
1.475118,-0.892263804134,0.254241412204,0.967924963192,1.6819059819,-2.2092861001,-0.57323739334,-3.0454261489
1.485100,-0.891827963183,0.253837727045,0.968148787427,1.68267942092,-2.20930696656,-0.565726318412,-3.04577147501
1.495081,-0.891752577445,0.253512015463,0.968642967512,1.68351961115,-2.20949733214,-0.557856953249,-3.04611895974
1.505063,-0.892047730234,0.253639367454,0.969238059655,1.68441434841,-2.20968134126,-0.54938245011,-3.04645001265
1.515044,-0.892326839078,0.253999707958,0.969856226518,1.68530792512,-2.20955779412,-0.540153805045,-3.04689776596
1.525026,-0.892343856323,0.254003119921,0.970453857095,1.68621122404,-2.20922452535,-0.530492428392,-3.04768539445
1.535007,-0.892172996061,0.253813134907,0.971119974705,1.6869254675,-2.2090823062,-0.520832747893,-3.04856065439
1.544989,-0.891955628994,0.253745376163,0.971889862618,1.68761533894,-2.2091266297,-0.51108537641,-3.04929984899
1.554970,-0.891804422679,0.253676187022,0.972793398659,1.68843802091,-2.20923609409,-0.501365477017,-3.04995912217
1.564952,-0.891727369467,0.253526200713,0.973808136647,1.68929279589,-2.20939069297,-0.491694357944,-3.05064712556
1.574933,-0.891673618344,0.253370417117,0.974896598308,1.69004791451,-2.20954679774,-0.48193698269,-3.05140741289
1.584915,-0.89162059031,0.253402811891,0.976064418555,1.6908349956,-2.20949168809,-0.471875802911,-3.05214840401
1.594896,-0.891640938751,0.253507625612,0.97742038103,1.69174288481,-2.20931510526,-0.461847374356,-3.05273626085
1.604877,-0.89150301129,0.253324296699,0.978896463931,1.69273995464,-2.20935249181,-0.451725164576,-3.0532554498
1.614859,-0.891076346627,0.252982088614,0.980340191125,1.69390392077,-2.20947030213,-0.441740939389,-3.05350926894
1.624840,-0.890623128451,0.252728137176,0.981868056135,1.69508723268,-2.20947410794,-0.432148967665,-3.05350843046
1.634822,-0.890449034238,0.252657118261,0.983521310807,1.69616720103,-2.20930665834,-0.422970089796,-3.05338568198
1.644803,-0.890574351381,0.25272845097,0.985231638832,1.69714277201,-2.20910938587,-0.413967420231,-3.05329779163
1.654785,-0.890515496927,0.25288845715,0.986899988036,1.69814735495,-2.20916686182,-0.40479409215,-3.05332895552
1.664766,-0.889956044213,0.253125099318,0.988629775556,1.69915458416,-2.20931239748,-0.395940134839,-3.05359296089
1.674748,-0.889205503056,0.25332597292,0.990253416047,1.70017947553,-2.2093461699,-0.388087915393,-3.05390272877
1.684729,-0.888552157825,0.253413644341,0.991921239518,1.70123002083,-2.20938864262,-0.381030112961,-3.05413855461
1.694711,-0.888090207755,0.253367990494,0.993710591169,1.70231577612,-2.20937845082,-0.374341798166,-3.05414647306
1.704692,-0.887697086801,0.253228300864,0.995468127859,1.7033392489,-2.2092787058,-0.367832104845,-3.05390140672
1.714674,-0.887196549014,0.25311031734,0.997008663577,1.70419143792,-2.2091386077,-0.36162700751,-3.05360644561
1.724655,-0.886590539042,0.253203463705,0.998427957328,1.70490261573,-2.20908171631,-0.356037278297,-3.05369766361
1.734636,-0.885927523827,0.253557229895,0.999883450539,1.70537956125,-2.20901022035,-0.351146100101,-3.05419903364
1.744618,-0.884895860667,0.254013362085,1.00140240383,1.70574449201,-2.20869901695,-0.34694720241,-3.05449218155
1.754599,-0.88381855363,0.254676543015,1.00304313231,1.70621286583,-2.20816604495,-0.343180613322,-3.05459879672
1.764581,-0.882936736003,0.255407200336,1.00464670286,1.70666645435,-2.2074841949,-0.340045476531,-3.05464929894
1.774562,-0.882124346398,0.255984842563,1.0060653684,1.70692207861,-2.20671404652,-0.337853364781,-3.05471581668
1.784544,-0.881069959086,0.256366082951,1.00728416066,1.70691472974,-2.20585419042,-0.336697740655,-3.05479706357
1.794525,-0.879699076309,0.256937787583,1.00847773286,1.7068247116,-2.20482245434,-0.336158177412,-3.05487485177
1.804507,-0.878394993405,0.257897899747,1.00982599626,1.70667134174,-2.20372478192,-0.336038315266,-3.05484008541
1.814488,-0.876843283992,0.258910303199,1.01099124967,1.70649045502,-2.20294620762,-0.336601207526,-3.05470290215
1.824470,-0.875012951696,0.259945080428,1.01193443382,1.70631974582,-2.20256959784,-0.337782935523,-3.05467154012
1.834451,-0.873062319912,0.261136308889,1.01301193434,1.7060747123,-2.2024503294,-0.3394073495,-3.05481974354
1.844433,-0.871148179243,0.262489266958,1.01448926103,1.70575341587,-2.20238778492,-0.341349602945,-3.05508968395
1.854414,-0.869336199983,0.263847427439,1.01629376647,1.70540553857,-2.20226347246,-0.343547430402,-3.05532103169
1.864396,-0.86756773776,0.265013602516,1.01793751653,1.70498197739,-2.20215332259,-0.34591191978,-3.05532444844
1.874377,-0.865548051209,0.266073597008,1.01930545444,1.70444594667,-2.20224966821,-0.34820773059,-3.05530334396
1.884358,-0.86335717764,0.26745377855,1.02075703723,1.70364366169,-2.20245213165,-0.350647372661,-3.05545997493
1.894340,-0.860978888475,0.26914656334,1.02228547469,1.70269814436,-2.20277207997,-0.353571361968,-3.05561147948
1.904321,-0.858306459455,0.271005486043,1.02379507545,1.70172692394,-2.20322640863,-0.356829507812,-3.05565826267
1.914303,-0.85531277016,0.272930055337,1.02530692985,1.70075842788,-2.20377751344,-0.360197486839,-3.05562893145
1.924284,-0.852105746597,0.274928466985,1.02689369955,1.69977104357,-2.20435668768,-0.363576780525,-3.05563581643
1.934266,-0.848904325284,0.277088631096,1.02844355967,1.69881761401,-2.20494002764,-0.367064983873,-3.05575869631
1.944247,-0.845780760418,0.279271274467,1.0298715066,1.69789010455,-2.20551705001,-0.370815217503,-3.05599254684
1.954229,-0.842682652691,0.281167648747,1.03129197217,1.69676361822,-2.2061470846,-0.374660828338,-3.05619392414
1.964210,-0.839472384156,0.283010829833,1.03285923886,1.69540888242,-2.20676586229,-0.378663394648,-3.0563331156
1.974192,-0.83610224118,0.285004314882,1.03455940383,1.69396069108,-2.20735449265,-0.382830674368,-3.05643339946
1.984173,-0.832619597012,0.287173034797,1.03627224282,1.69253580663,-2.2080299371,-0.387108305807,-3.05652182703
1.994155,-0.829079435568,0.289423184249,1.03783784201,1.69115661036,-2.20892909486,-0.391418392802,-3.05660038004
2.004136,-0.825382643349,0.291773144326,1.03914002688,1.68975651449,-2.20992793602,-0.395733737579,-3.05663207102
2.014117,-0.821626108777,0.294117062351,1.04050704782,1.68826568789,-2.21057542705,-0.399799116813,-3.05657590733
2.024099,-0.817875517678,0.29627852892,1.04224643016,1.68667047392,-2.21094500954,-0.403771298991,-3.05659680651
2.034080,-0.814075410853,0.298404044049,1.0440014767,1.6848168132,-2.21125212502,-0.407855877161,-3.05678526857
2.044062,-0.810164165514,0.300593390692,1.04552677275,1.68272620184,-2.21154072046,-0.411893781495,-3.05714358753
2.054043,-0.805942144601,0.30288729404,1.04684993233,1.68052018737,-2.2117646324,-0.415715229112,-3.05759676533
2.064025,-0.801219744551,0.305264443702,1.04821460951,1.67830635692,-2.21187130932,-0.419323458567,-3.05801660568
2.074006,-0.79622670537,0.307651298832,1.04981076007,1.67602226648,-2.21189773909,-0.422935262254,-3.05826034728
2.083988,-0.791464463847,0.310052676337,1.05163550698,1.67356227435,-2.21193491289,-0.426323616482,-3.05848838857
2.093969,-0.786543382479,0.312393136435,1.05353817286,1.67084445556,-2.21211079258,-0.429576469071,-3.05887891214
2.103951,-0.781391014666,0.314635894653,1.05552185227,1.66781108867,-2.21222449053,-0.432896219841,-3.0594314451
2.113932,-0.776125372999,0.316748236953,1.05751891079,1.66474639768,-2.21222596096,-0.436226767336,-3.06005016105
2.123914,-0.770872445532,0.318810359531,1.05952530139,1.66179153471,-2.21218880299,-0.439340134073,-3.06060247288
2.133895,-0.765677883889,0.320976203128,1.06162837322,1.65876730216,-2.21221976897,-0.442014561072,-3.06101287832
2.143876,-0.760517193159,0.323272211895,1.06392329419,1.65531348244,-2.21229506498,-0.444318782931,-3.06140235597
2.153858,-0.755085029157,0.325290505122,1.06612941378,1.65164807321,-2.21231677858,-0.446562041323,-3.06177583758
2.163839,-0.749297789166,0.327291191293,1.0681211497,1.64799376315,-2.21235330507,-0.44888170941,-3.06197054568
2.173821,-0.743346259602,0.329372842407,1.07009104661,1.64422056397,-2.21245925003,-0.451019725168,-3.06215557843
2.183802,-0.737379639678,0.331314888493,1.07218048482,1.6402218376,-2.21249856736,-0.452745494063,-3.06240710223
2.193784,-0.731421756589,0.332980363083,1.07444492161,1.63586043998,-2.21242758493,-0.454026790755,-3.06270443232
2.203765,-0.725368637343,0.334485119893,1.07685964402,1.63103805994,-2.2123953068,-0.455005018175,-3.06296324763
2.213747,-0.719073733627,0.336079312758,1.07937021474,1.62593722589,-2.21262126591,-0.455719932145,-3.06310528589
2.223728,-0.712612274673,0.337706957857,1.08190769594,1.62089332294,-2.2127224485,-0.45615865788,-3.06302514255
2.233710,-0.706133477314,0.339398311667,1.08448850889,1.6158578094,-2.21272728221,-0.456524918053,-3.06295557374
2.243691,-0.699473579972,0.34100799021,1.08710294051,1.61059543113,-2.2128233463,-0.456706120878,-3.06300894234
2.253673,-0.692663346383,0.342472434704,1.08969937703,1.6050131829,-2.21299391721,-0.456607593328,-3.06309452411
2.263654,-0.685868638675,0.343786378585,1.09225556595,1.5992394563,-2.21313585972,-0.456311345464,-3.06316077371
2.273636,-0.679205763712,0.344950078363,1.09478957536,1.59352489677,-2.2131737791,-0.456057361968,-3.06328971214
2.283617,-0.672351514652,0.345869544065,1.0972744373,1.58788283559,-2.21315603053,-0.455973901058,-3.0635679373
2.293598,-0.665220501544,0.346527267503,1.09978061761,1.58208443047,-2.21314996485,-0.45620943701,-3.06374049573
2.303580,-0.657961166489,0.347175712973,1.10240195919,1.57613066031,-2.21313077998,-0.456536450888,-3.06378893936
2.313561,-0.650660674785,0.348020662634,1.10502028145,1.57000176012,-2.21318607134,-0.456883900952,-3.0637973616
2.323543,-0.643323574153,0.348875480822,1.1075406245,1.56364868956,-2.21323716695,-0.457234819013,-3.06376804043
2.333524,-0.635944461968,0.349493009705,1.10995348709,1.557095308,-2.21313847812,-0.457569701359,-3.0637437043
2.343506,-0.628541331883,0.349821805896,1.11232095677,1.55048882645,-2.21278402823,-0.457842997948,-3.06384119771
2.353487,-0.621106927338,0.350107882042,1.11464027632,1.54408013248,-2.21219966354,-0.458012812916,-3.06411516723
2.363469,-0.61352550812,0.350312297362,1.11682766079,1.53799494857,-2.21115934171,-0.457799850693,-3.06438631776
2.373450,-0.605992144313,0.350466579974,1.11887589903,1.53199155383,-2.20972178066,-0.457467255097,-3.06455570618
2.383432,-0.598535974035,0.35058125796,1.12078733791,1.52577545423,-2.20799407623,-0.457271255485,-3.06452196536
2.393413,-0.591134030867,0.350612088854,1.12258467389,1.51936030709,-2.20601206809,-0.457199663973,-3.06432546088
2.403395,-0.583750197696,0.350519245069,1.12434092545,1.51296388161,-2.20379800508,-0.457151109185,-3.06415328363
2.413376,-0.576351767492,0.350327167889,1.12615269107,1.50680999901,-2.20143179055,-0.457092918319,-3.06424327451
2.423357,-0.568874359965,0.350195189227,1.12798579408,1.50079036341,-2.19914847992,-0.457127567817,-3.06460434301
2.433339,-0.561219965222,0.350441688209,1.12976303099,1.49462362882,-2.19730750791,-0.457227159095,-3.06470929019
2.443320,-0.553676913572,0.350528870118,1.13172564774,1.48824785233,-2.19594927953,-0.457281215191,-3.06464445628
2.453302,-0.546348117528,0.350385200192,1.1337448118,1.48173207479,-2.19495093614,-0.457368541282,-3.06461889071
2.463283,-0.539196063455,0.350338857225,1.13573488606,1.47526545462,-2.19404775035,-0.457561496704,-3.06463585885
2.473265,-0.53219281625,0.350615483286,1.13770480548,1.46904941568,-2.19294327657,-0.457823450668,-3.06466900233
2.483246,-0.525375370805,0.351005799882,1.13971473766,1.46315877244,-2.19141468494,-0.457992122902,-3.06476758852
2.493228,-0.518626653253,0.350949222719,1.141651114,1.45729840203,-2.1893750311,-0.457925991593,-3.0648712192
2.503209,-0.511634042968,0.350412408441,1.1436289053,1.45128214176,-2.18677346657,-0.457779780413,-3.06493930306
2.513191,-0.504611794464,0.349917212172,1.14566637316,1.44524515477,-2.18380990083,-0.457661229701,-3.06508929912
2.523172,-0.497758827184,0.349766914179,1.14761931662,1.43935800256,-2.18061270385,-0.457728857841,-3.0652129232
2.533154,-0.491159545851,0.350018462104,1.14944400288,1.43363104312,-2.17731830341,-0.457990049428,-3.06520721601
2.543135,-0.484846851788,0.35045335931,1.15117960962,1.42789636415,-2.17403941757,-0.4582898019,-3.06513271656
2.553117,-0.478813253919,0.350682956389,1.15290850521,1.42189507583,-2.17081522114,-0.458425624218,-3.06521991061
2.563098,-0.472755427115,0.350553922545,1.15476972509,1.41557422594,-2.16747889539,-0.458586016544,-3.06546972938
2.573079,-0.466220012139,0.350167723125,1.1568323371,1.40931089198,-2.16395415344,-0.458852524777,-3.06550609703
2.583061,-0.459670057625,0.349713040756,1.15887286056,1.40321895647,-2.16044339732,-0.458958821324,-3.06547253597
2.593042,-0.453447519714,0.349542842594,1.16086376188,1.39715007339,-2.15713193902,-0.458964464029,-3.06547188226
2.603024,-0.447516895048,0.349773796223,1.1628313591,1.39107623273,-2.15408861113,-0.459039930703,-3.06556027907
2.613005,-0.441676441885,0.350163981154,1.16475006584,1.38505671452,-2.15126776261,-0.459338847339,-3.0657302807
2.622987,-0.435826516556,0.35018769686,1.16649085223,1.37912368559,-2.14856009611,-0.459901096235,-3.06590315718
2.632968,-0.430209257838,0.349520472296,1.16792105274,1.3730323969,-2.14593466474,-0.460636109998,-3.06589336384
2.642950,-0.424761749064,0.348798418909,1.16944744062,1.36685550619,-2.14333580249,-0.461346683514,-3.06584190257
2.652931,-0.419160507292,0.348372149442,1.17135962875,1.36082179377,-2.14070442686,-0.461997476308,-3.06581511593
2.662913,-0.413484149517,0.348142984062,1.1734187506,1.3548666606,-2.13800869795,-0.462547807714,-3.06584820809
2.672894,-0.407949716355,0.347959880066,1.1753672118,1.34889773995,-2.13524488527,-0.462991972248,-3.06605399409
2.682876,-0.402695902246,0.347760148036,1.17709237874,1.34289517399,-2.13237833795,-0.463347985971,-3.06644401256
2.692857,-0.397629292438,0.347640657705,1.17866979263,1.33696204044,-2.12931512306,-0.463635901756,-3.06678268531
2.702838,-0.392484800807,0.347849597946,1.18013668726,1.33131485411,-2.12602488067,-0.463845318827,-3.06665460737
2.712820,-0.387335145463,0.348191342405,1.18139399969,1.32610687309,-2.12285684774,-0.463980263082,-3.06639955327
2.722801,-0.382252236757,0.348031052579,1.18262476994,1.321146863,-2.120031028,-0.464112274271,-3.06626830931
2.732783,-0.377267216769,0.347445107083,1.18390676291,1.31613103226,-2.11755207192,-0.464409317153,-3.0662417152
2.742764,-0.372370784627,0.346851102794,1.18510150352,1.31091025672,-2.11533925279,-0.464921943415,-3.06631719772
2.752746,-0.367493502503,0.346595443688,1.18606442422,1.30549913475,-2.11330274804,-0.465554410904,-3.0664694333
2.762727,-0.362528177637,0.346620737468,1.18688359412,1.30000351678,-2.1114230902,-0.46613122024,-3.06659556412
2.772709,-0.357580154931,0.346624325866,1.18798166664,1.29449746165,-2.10994539502,-0.466732007475,-3.06664254598
2.782690,-0.352838376491,0.346385959608,1.18932864783,1.28930398657,-2.10922756359,-0.467285122872,-3.06678975821
2.792672,-0.348200373488,0.34604416478,1.19047636976,1.28438028354,-2.10895119462,-0.467521829389,-3.06692758417
2.802653,-0.343583515966,0.345815037851,1.19133315003,1.27954623816,-2.10880367019,-0.467607599477,-3.0669836492
2.812635,-0.338983567251,0.345711724012,1.19207223729,1.27472244616,-2.10868375365,-0.467754469389,-3.06701030343
2.822616,-0.334425430969,0.345575613801,1.19289328254,1.26995011944,-2.10863090349,-0.467995027494,-3.06709346599
2.832598,-0.329904812503,0.345221577408,1.19379232027,1.2653330688,-2.10867246209,-0.468088075141,-3.06722539363
2.842579,-0.325507540309,0.344732078414,1.1947362155,1.2609120947,-2.10874482969,-0.467995681547,-3.06722379958
2.852560,-0.321389802234,0.344372152456,1.19563923701,1.25659534074,-2.10881628988,-0.467970981205,-3.06715080516
2.862542,-0.317409621412,0.3442137732,1.19640247175,1.25232282492,-2.10885474668,-0.467770395754,-3.06721380129
2.872523,-0.31340886805,0.344138487461,1.19703496292,1.24800380981,-2.10880590307,-0.467363020936,-3.06731306909
2.882505,-0.309329804056,0.344000941157,1.19753108805,1.24359053476,-2.1086672516,-0.467002818739,-3.06731190723
2.892486,-0.305254159287,0.343768175308,1.19790221939,1.23913554675,-2.1085122605,-0.466960081873,-3.06719318187
2.902468,-0.301382927553,0.343603949279,1.19821658703,1.23482704417,-2.10848051983,-0.467189112406,-3.0671413324
2.912449,-0.297919666295,0.343638526084,1.19835953798,1.23105814167,-2.10868718102,-0.467300399338,-3.06728771523
2.922431,-0.294545197621,0.343621137531,1.19835052728,1.22765722114,-2.1089578139,-0.467432726513,-3.06734253973
2.932412,-0.291137014817,0.343437354973,1.19847134283,1.2241398455,-2.10907046855,-0.467698181821,-3.06719173592
2.942394,-0.287801115827,0.343158738812,1.19868616059,1.22052823946,-2.10900551097,-0.46802114053,-3.06705751569
2.952375,-0.284423071939,0.342767219247,1.19882560164,1.21704745,-2.10885563498,-0.468374849503,-3.06709306706
2.962357,-0.280790185531,0.342192196182,1.19878448085,1.21388428527,-2.10874238496,-0.468782108018,-3.06725749038
2.972338,-0.276917612406,0.341453423224,1.1986985284,1.21097116286,-2.10873224918,-0.469257805585,-3.06732058314
2.982319,-0.273664515083,0.340876197664,1.19875114199,1.20808736566,-2.1088882843,-0.469985217855,-3.06715148403
2.992301,-0.271157610773,0.340349368321,1.19855800634,1.2051657183,-2.1089961296,-0.470862546124,-3.06690537712
3.002282,-0.268677953807,0.339863658849,1.19814438329,1.20227727493,-2.10893607335,-0.471552116825,-3.06684702606
3.012264,-0.265930727873,0.339489198175,1.19789396695,1.19946900724,-2.10886958989,-0.47212374162,-3.06695561226
3.022245,-0.262998802121,0.339191417246,1.19792834644,1.1967806168,-2.10893317716,-0.472802246416,-3.06704736512
3.032227,-0.260113665815,0.338867930422,1.19806558431,1.19420783906,-2.1090997411,-0.473761899962,-3.06696818528
3.042208,-0.257324820217,0.338475447779,1.19804308635,1.19166144625,-2.10913694363,-0.474950654181,-3.06680576626
3.052190,-0.254527698077,0.338182577478,1.1979724211,1.18907164023,-2.10893221959,-0.476373590104,-3.06681658706
3.062171,-0.251774451686,0.337956860948,1.19781300298,1.18652859867,-2.10866416948,-0.477955645559,-3.06689812992
3.072153,-0.249051883754,0.337738679182,1.19761642817,1.18401627662,-2.10841395301,-0.479479434634,-3.06694759933
3.082134,-0.246337280547,0.337543998856,1.19741573186,1.18153600167,-2.10820119372,-0.481000685817,-3.06703417367
3.092116,-0.243666498299,0.337417016735,1.19721334345,1.17909214431,-2.1079761292,-0.482613442463,-3.06715042628
3.102097,-0.241134776675,0.337363007535,1.1970384027,1.17667655604,-2.10767479369,-0.484341537791,-3.06720015913
3.112079,-0.238848269956,0.337271095122,1.19701875498,1.17425989203,-2.10730705392,-0.486095276332,-3.06710407986
3.122060,-0.236642183084,0.33683260786,1.1970727462,1.17196766136,-2.10698682221,-0.488014079435,-3.06710885418
3.132041,-0.234235704228,0.336257102711,1.19704779767,1.16976225616,-2.10656151834,-0.49005537743,-3.06718722532
3.142023,-0.231719433397,0.335814366478,1.1969870709,1.16743617895,-2.10584308016,-0.491976169742,-3.06715042772
3.152004,-0.229210157338,0.335531160244,1.19699977087,1.16503342519,-2.10489751774,-0.493841438098,-3.06701356982
3.161986,-0.226828858955,0.335294058104,1.19715827945,1.16267787431,-2.10384617526,-0.49576422425,-3.06690092564
3.171967,-0.224635067069,0.335008658318,1.19738935988,1.16045762945,-2.10274939005,-0.497759888616,-3.0669187205
3.181949,-0.222542483948,0.334793979657,1.1973911904,1.1583355266,-2.10153866829,-0.499665536008,-3.06700565709
3.191930,-0.220151272437,0.334811638032,1.19714105976,1.15633795364,-2.10025113237,-0.501499551483,-3.06703267481
3.201912,-0.217462718856,0.334702838816,1.19701743581,1.15438436944,-2.09900017192,-0.503362567263,-3.06721143578
3.211893,-0.21478614983,0.334372244577,1.19699936331,1.15231321913,-2.09789433083,-0.505186963139,-3.06748479219
3.221875,-0.212336726575,0.333822930806,1.19697614821,1.1501399229,-2.09699144036,-0.506866445008,-3.06760285249
3.231856,-0.21013357066,0.333149564203,1.19689411908,1.14796015459,-2.09624077943,-0.508409551745,-3.06745883283
3.241838,-0.207989748138,0.332539305525,1.19678918959,1.14583735121,-2.09554213112,-0.509874162349,-3.06715963215
3.251819,-0.205595949595,0.33226382844,1.19673600872,1.14367729384,-2.09488341058,-0.511163787912,-3.06691235364
3.261800,-0.203050790116,0.332388360679,1.19654634123,1.1414644103,-2.09426616994,-0.512257299892,-3.06673175071
3.271782,-0.200822130296,0.332472484886,1.19634582415,1.13937147448,-2.0936774689,-0.513295466712,-3.06666422121
3.281763,-0.198573927542,0.332120147525,1.19638416212,1.13732675055,-2.09307837533,-0.513976096679,-3.06664921626
3.291745,-0.195906602294,0.331536419848,1.19656754125,1.13525003946,-2.09227681564,-0.514427715982,-3.06661908691
3.301726,-0.192770903826,0.33106383826,1.19665401745,1.13311612654,-2.09113869379,-0.514837734187,-3.06656627991
3.311708,-0.189511212134,0.330805780553,1.19648498171,1.13096098609,-2.08971344924,-0.515237045794,-3.06652878225
3.321689,-0.186600122252,0.330305624099,1.19625533749,1.12883948457,-2.08828969863,-0.515398704757,-3.066510113
3.331671,-0.18409995834,0.329544677811,1.196123047,1.1268055227,-2.08693924964,-0.515661919242,-3.06662916193
3.341652,-0.181505575513,0.328972812271,1.19600951736,1.12477760665,-2.0852303489,-0.51571527813,-3.06681669167
3.351634,-0.178809535962,0.328578590508,1.19604406811,1.12268711831,-2.0830527034,-0.515441912009,-3.06696489327
3.361615,-0.176018071128,0.328162538304,1.19626126024,1.12050991861,-2.08047215801,-0.515108684112,-3.06698095111
3.371597,-0.173095362771,0.327540015118,1.19652483021,1.11824288207,-2.07758802354,-0.514958837284,-3.06687012013
3.381578,-0.170037563292,0.326699875459,1.19659285554,1.11590348197,-2.07448475202,-0.515044539209,-3.06675433831
3.391560,-0.167068914893,0.325927431885,1.1963177215,1.11354903291,-2.07126864564,-0.515270916046,-3.06682966558
3.401541,-0.164395265842,0.325185588805,1.19601094805,1.1110579814,-2.06814144037,-0.515152625623,-3.06699148942
3.411522,-0.16160898879,0.324378636745,1.19575377812,1.10858743533,-2.06512563757,-0.514612188278,-3.06701666922
3.421504,-0.158650203463,0.323432926532,1.19551009885,1.10620648521,-2.06220578317,-0.513764526782,-3.06691797059
3.431485,-0.155581261468,0.322372492569,1.19540376593,1.10378754898,-2.0594636484,-0.512770807464,-3.0667962654
3.441467,-0.152444989479,0.321337179467,1.1955155379,1.10125308518,-2.05695657827,-0.511805505317,-3.06666763276
3.451448,-0.149247961073,0.32044781412,1.19577934358,1.09864638733,-2.05460215263,-0.510981308609,-3.06643665132
3.461430,-0.146081851686,0.319492675834,1.19597727838,1.09601397675,-2.05205555116,-0.510222678808,-3.06602489275
3.471411,-0.1431536909,0.318539385945,1.19575957523,1.09352346998,-2.04894456121,-0.509606918438,-3.06575907182
3.481393,-0.140364531432,0.317639556101,1.19546615211,1.09095879591,-2.0454645685,-0.509138942037,-3.06559919649
3.491374,-0.137482246029,0.316752474314,1.19518137521,1.08822536371,-2.04158306911,-0.508504912667,-3.06548255181
3.501356,-0.134473450557,0.315896632321,1.19491442244,1.08556495468,-2.03733149504,-0.507646501481,-3.06543835696
3.511337,-0.131399441135,0.314971235835,1.19476747736,1.08314268658,-2.03283652749,-0.506697689347,-3.06548914384
3.521319,-0.128329955888,0.313799611367,1.19483819466,1.08085644401,-2.0282661265,-0.505830721864,-3.06558739921
3.531300,-0.125285052549,0.312467117893,1.19475359474,1.07841604466,-2.02366566101,-0.504986026229,-3.06559015659
3.541281,-0.122266229801,0.311237785895,1.19426784086,1.07581353103,-2.01914462967,-0.504185832454,-3.06540485463
3.551263,-0.119138927433,0.310092304698,1.19395994034,1.07322453804,-2.01452658025,-0.503234354175,-3.06521912978
3.561244,-0.116013035641,0.309087073256,1.19389098391,1.07069076282,-2.00993817146,-0.50201521559,-3.06504157514
3.571226,-0.113008506213,0.308171005536,1.19401900162,1.06811557984,-2.00565440043,-0.500795152454,-3.06485642122
3.581207,-0.110045560072,0.307243149096,1.19426638156,1.06544818214,-2.00172060671,-0.499679064888,-3.06469979133
3.591189,-0.106885728772,0.306209544049,1.19451461733,1.06274826004,-1.99790784574,-0.498419350993,-3.06464848355
3.601170,-0.103549412389,0.305027278676,1.19447204071,1.06006951747,-1.99417585587,-0.496754670256,-3.06467752258
3.611152,-0.100544780098,0.303723133747,1.19427533044,1.05735733393,-1.99075868507,-0.495112067714,-3.06469830157
3.621133,-0.097601678209,0.30240266552,1.19411907049,1.05473633866,-1.98756379228,-0.493244809255,-3.06472519352
3.631115,-0.0945246312848,0.30114080141,1.19409465696,1.05211149435,-1.98464424427,-0.491140198845,-3.06474782976
3.641096,-0.0913545386353,0.299948110412,1.19413116912,1.04941038674,-1.9819567102,-0.489064427544,-3.06467784771
3.651078,-0.0882275737034,0.298792591997,1.19409034416,1.04661656069,-1.97944938004,-0.4871440918,-3.06434495219
3.661059,-0.0852343432248,0.297617769779,1.19388737579,1.04375350691,-1.97713676796,-0.485188427727,-3.06361224039
3.671040,-0.0822960967585,0.296337038564,1.1936614905,1.04079062045,-1.97515900451,-0.482927808297,-3.06272348961
3.681022,-0.0793874293745,0.295234720102,1.19355430182,1.03778496621,-1.9732583152,-0.480579564657,-3.06204470064
3.691003,-0.0767012789197,0.294303173084,1.19345281982,1.03498154399,-1.97140171226,-0.478038377688,-3.06138511704
3.700985,-0.0740529851063,0.293295973567,1.19342405115,1.03231247402,-1.96982252011,-0.475262571806,-3.06082128961
3.710966,-0.0712324543595,0.292275195585,1.19342129261,1.02963377285,-1.96865682114,-0.472367591735,-3.06042590848
3.720948,-0.0682515182103,0.291379723637,1.1933603366,1.02690462612,-1.96784186634,-0.46947683407,-3.06014369626
3.730929,-0.0653887789524,0.290630026401,1.19319610155,1.02421268245,-1.96716556418,-0.466649430432,-3.0597895438
3.740911,-0.0628708302105,0.289889216993,1.1929613779,1.0214762367,-1.96659763136,-0.464015302051,-3.05926991635
3.750892,-0.0605068519664,0.289249170273,1.19273881517,1.01871837101,-1.9663128372,-0.461310339404,-3.05877016214
3.760874,-0.0580460516558,0.288569236641,1.19273207929,1.01626646144,-1.9660722005,-0.458105340836,-3.05841248673
3.770855,-0.0555162252782,0.28775421159,1.19291386377,1.01382672955,-1.96583127673,-0.45467928104,-3.05818827757
3.780837,-0.0530050703877,0.286891144049,1.19305022327,1.01122735612,-1.96562435778,-0.451433693624,-3.05808962708
3.790818,-0.0505662011574,0.286169540357,1.19299926123,1.00850279479,-1.9654616173,-0.448526294332,-3.05808185441
3.800800,-0.0481968046489,0.285775839958,1.19288150943,1.00582683939,-1.96526871568,-0.445755236237,-3.0581028178
3.810781,-0.0459923844406,0.285802428451,1.19292496802,1.00320997697,-1.96491444165,-0.442986525822,-3.05816021619
3.820762,-0.0440237514011,0.285838506839,1.1930304821,1.00068853288,-1.96446895588,-0.440431300979,-3.05831961217
3.830744,-0.0419777906093,0.285641455918,1.19306688772,0.998226781165,-1.9638797511,-0.438046576792,-3.05850648656
3.840725,-0.0397269269467,0.285336504201,1.1930181094,0.995800386663,-1.96296160679,-0.435832452071,-3.05850498706
3.850707,-0.0374365516812,0.285035080259,1.19285041146,0.993342573902,-1.96186964935,-0.433794518413,-3.05832023516
3.860688,-0.0353122541695,0.284858441261,1.192565024,0.990858719927,-1.96092363088,-0.431924361802,-3.05812873165
3.870670,-0.0333921216647,0.284935230899,1.19224442842,0.988493866507,-1.96032878986,-0.430206994393,-3.05813873057
3.880651,-0.0315897196134,0.285208575891,1.19206664833,0.986472706661,-1.95974455853,-0.428736719679,-3.05833468197
3.890633,-0.0297771305778,0.285509008965,1.1921195841,0.984488696638,-1.95927285123,-0.42771032768,-3.05840725282
3.900614,-0.0278224917531,0.285734110458,1.19234109723,0.982371770286,-1.95911940655,-0.426964887399,-3.05829163278
3.910596,-0.0258561165392,0.285876300434,1.19252318067,0.980302011788,-1.95915967545,-0.426581475606,-3.05816193726
3.920577,-0.0240792015444,0.285912500179,1.19241208621,0.978375307201,-1.95914940256,-0.426511400434,-3.05807309329
3.930559,-0.0225367248281,0.285866842798,1.19194306075,0.976529490274,-1.95883936993,-0.426563228176,-3.05801264024
3.940540,-0.0210236332202,0.285851715575,1.19140490549,0.974612793911,-1.95811094521,-0.426503078215,-3.05798386744
3.950521,-0.0194404084418,0.285995624043,1.19147498511,0.972814172639,-1.95726387964,-0.426416306091,-3.05800835245
3.960503,-0.0181443628818,0.286258884119,1.19179054768,0.971378570807,-1.95678180767,-0.426433393304,-3.05804725135
3.970484,-0.0167798320975,0.286533375879,1.19199066035,0.969907086035,-1.95650326513,-0.426410465823,-3.05814215863
3.980466,-0.0153442043285,0.286645880893,1.19205562529,0.968392022361,-1.95619922472,-0.4263311722,-3.05822598844
3.990447,-0.0140772437845,0.286530492682,1.19200598549,0.967016168873,-1.95580885667,-0.42629984778,-3.05827020995
4.000429,-0.0131191259377,0.286305749395,1.19189275177,0.965902704091,-1.95542221797,-0.426382763078,-3.05829420728
4.010410,-0.0122525883712,0.286254592977,1.19179317689,0.964940985735,-1.95520017413,-0.426507216921,-3.05834649527
4.020392,-0.0111146078784,0.286558644248,1.19168190198,0.963993677121,-1.9553119853,-0.426735335886,-3.05847879186
4.030373,-0.00982737460119,0.286813229952,1.19162719553,0.963164948542,-1.95568463632,-0.426944408898,-3.05861093715
4.040355,-0.0087352559076,0.286917323759,1.19166995313,0.962503321414,-1.95597319995,-0.427064235572,-3.05862514165
4.050336,-0.00787223637614,0.286795570608,1.19171585141,0.962034561459,-1.95603120998,-0.427162404379,-3.05859066648
4.060318,-0.00709983969393,0.286551568345,1.19174510817,0.961608146859,-1.95584397193,-0.427264238154,-3.05856467075
4.070299,-0.00630912702486,0.286369928936,1.19180857449,0.961062433161,-1.95552416912,-0.427363493392,-3.05853511221
4.080281,-0.00558845005794,0.286344539235,1.19195641212,0.96043502149,-1.95527590997,-0.427459527968,-3.05842752747
4.090262,-0.00515096121858,0.286148030119,1.19201890022,0.960181141613,-1.95527880693,-0.427536836516,-3.05830592026
4.100243,-0.00471549971891,0.285868630434,1.19193659194,0.96030108726,-1.95523464149,-0.427593060293,-3.0582824751
4.110225,-0.00412687059074,0.28567233177,1.19189205308,0.960405058657,-1.95507150484,-0.427759861586,-3.05836075362
4.120206,-0.00352126998594,0.285500808467,1.19178048735,0.960332174378,-1.95493511036,-0.42786587294,-3.05844377562
4.130188,-0.00307516954083,0.28537678412,1.19161973413,0.960143956051,-1.95486191953,-0.427772487993,-3.05848688042
4.140169,-0.00285914807404,0.28539496319,1.19156105024,0.959974528874,-1.95482321767,-0.427516277919,-3.05850092623
4.150151,-0.00275863814799,0.285602275697,1.19175860466,0.959868212427,-1.95483694789,-0.427344063246,-3.05851479431
4.160132,-0.00265004749813,0.285540253259,1.19187560959,0.959922875499,-1.95496710651,-0.427421708565,-3.05852846645
4.170114,-0.00247741337619,0.28539310888,1.19182374861,0.960236325108,-1.95507804169,-0.427221244065,-3.05854195099
4.180095,-0.0021353797451,0.285483382243,1.19189065694,0.960580703002,-1.95519619978,-0.4268877919,-3.05855526483
4.190077,-0.0017555974867,0.285703133071,1.19193343548,0.960774303446,-1.95528539821,-0.426764801648,-3.05856840993
4.200058,-0.00147837332605,0.285858803042,1.19171406158,0.960870484329,-1.95529867065,-0.426880901743,-3.05858138822
4.210040,-0.00133761568181,0.285857375841,1.19112315292,0.960972125668,-1.95525093309,-0.427025929271,-3.05859420162
4.220021,-0.00121602083476,0.285819446112,1.19035060974,0.960989590068,-1.95526479873,-0.427025987476,-3.05860685205
4.230002,-0.00109239743492,0.285917171083,1.18989779522,0.960899401686,-1.95538403815,-0.427151600034,-3.05861932114
4.239984,-0.000890092723103,0.285959328332,1.18959245523,0.961035964648,-1.95545352668,-0.427508163732,-3.05858705996
4.249965,-0.000752916137778,0.285970451762,1.18897398363,0.96120460929,-1.95542267843,-0.427852954728,-3.05845762319
4.259947,-0.000737773436324,0.28593621504,1.18815438517,0.961430768017,-1.95538154243,-0.427998568866,-3.05832687916
4.269928,-0.000776334225324,0.285801631461,1.18734151727,0.961761456024,-1.95538922317,-0.427945413443,-3.05826461544
4.279910,-0.000766528062309,0.285537637435,1.18666446296,0.962151871399,-1.95546654965,-0.427831244875,-3.05825728728
4.289891,-0.000715082583748,0.285239187497,1.18609533638,0.96240719773,-1.95563615903,-0.427795825977,-3.05822191159
4.299873,-0.000909377319569,0.285393895861,1.18553532467,0.962452451765,-1.9558999144,-0.427830814796,-3.05836800551
4.309854,-0.00104512501946,0.285719507689,1.18483426334,0.96241723429,-1.95603074697,-0.427943455111,-3.05849256207
4.319836,-0.0010532298007,0.285863403783,1.18415104525,0.962454878625,-1.95601275969,-0.42809136471,-3.05854603938
4.329817,-0.00104227296473,0.285805877848,1.18365132635,0.962568733509,-1.95596762006,-0.428222321344,-3.05861692358
4.339799,-0.00111361124291,0.285570965058,1.1832830038,0.96267727801,-1.95597108234,-0.428369642412,-3.0587158823
4.349780,-0.00129467384297,0.285236638821,1.18280814697,0.962774007615,-1.95604393921,-0.428576155102,-3.05880399974
4.359762,-0.00152678730356,0.285013988219,1.18196952817,0.963079011486,-1.95620841779,-0.428759632914,-3.05889849303
4.369743,-0.00176184458735,0.284999207854,1.18079137037,0.963493050454,-1.95646931095,-0.428723304382,-3.05889949178
4.379724,-0.00169291400796,0.284851142317,1.17948165876,0.963498402656,-1.95654031546,-0.428661742056,-3.05864891865
4.389706,-0.00136593535032,0.284598269421,1.17831319972,0.963283408297,-1.95626586576,-0.428586852804,-3.05842022653
4.399687,-0.00116559064948,0.284422830572,1.17746476788,0.963093625732,-1.95584736977,-0.428534910887,-3.05840338708
4.409669,-0.00128649586054,0.284284043783,1.17676431852,0.962996546023,-1.95560231719,-0.428564461091,-3.05853077575
4.419650,-0.00158768909841,0.284032463119,1.17589309174,0.962933167095,-1.95569810589,-0.428701570815,-3.0585926252
4.429632,-0.00167764679912,0.283740536523,1.1748145837,0.962913517009,-1.95590007348,-0.42887213029,-3.05850731816
4.439613,-0.00160422352701,0.283636086325,1.17392929398,0.963024727185,-1.95585531942,-0.429029882171,-3.05848689748
4.449595,-0.00176362193519,0.283702061428,1.17337222988,0.963115597474,-1.95576562887,-0.429122172485,-3.05858785446
4.459576,-0.00197559191159,0.284035593595,1.17291175344,0.963212786331,-1.95580057686,-0.429213990642,-3.05875019848
4.469558,-0.0020568291575,0.28432679369,1.17226215259,0.963288631704,-1.95597495143,-0.429273096518,-3.05890288654
4.479539,-0.00196591679344,0.284348847009,1.17144944585,0.963291914152,-1.95614659215,-0.429233334641,-3.05897035108
4.489521,-0.00182776180495,0.284105102111,1.17076011918,0.963211656334,-1.95617349512,-0.429107864375,-3.05891394301
4.499502,-0.00186288538132,0.283780811266,1.17041385803,0.963148998909,-1.95615556091,-0.429113611013,-3.05878889642
4.509483,-0.00203818386951,0.283540478544,1.16968020292,0.963051907849,-1.95623137401,-0.429260056429,-3.05884223251
4.519465,-0.00205519216343,0.283315926752,1.16855896964,0.962901019899,-1.95615356545,-0.429266608883,-3.05890257343
4.529446,-0.00203979917393,0.283253551538,1.16782710884,0.96276217003,-1.9560334391,-0.429304811992,-3.05892735041
4.539428,-0.00204902472978,0.28338602184,1.16774351693,0.962705578949,-1.95594669832,-0.429406692153,-3.05892481125
4.549409,-0.00208314359242,0.28357370171,1.16802296122,0.962827576719,-1.95590660569,-0.429485852008,-3.05888846381
4.559391,-0.00211674099757,0.283612505917,1.16815449567,0.963161503189,-1.95592169301,-0.429452771427,-3.05881304427
4.569372,-0.0021509006763,0.283455647528,1.16798804773,0.96352487466,-1.95610093069,-0.429397558314,-3.05875873947
4.579354,-0.0022441870961,0.283083628773,1.16766597007,0.963642830727,-1.95602037798,-0.429434545107,-3.05877672582
4.589335,-0.00252675800076,0.2827375359,1.16748481224,0.963669202338,-1.95581437818,-0.429511769127,-3.05879444986
4.599317,-0.00281248734216,0.282639835147,1.16758609482,0.963692698472,-1.95562377966,-0.429606799637,-3.05884509789
4.609298,-0.00289720612856,0.282789468567,1.16780736723,0.963757379692,-1.95560322025,-0.429733618875,-3.05880831567
4.619280,-0.0028399322319,0.283063998213,1.16803719053,0.963847058158,-1.95581308225,-0.430013343859,-3.05865461858
4.629261,-0.00285752898616,0.283285555741,1.16825530438,0.963911336535,-1.9560962308,-0.430563567167,-3.05851041841
4.639243,-0.00291099595932,0.283272361243,1.16833832281,0.963929961703,-1.95596096936,-0.431247653554,-3.05858215089
4.649224,-0.00273422864834,0.283017545701,1.16820723084,0.964017859772,-1.95563617789,-0.432039199658,-3.05873200675
4.659205,-0.00252310775865,0.282882270837,1.16802854014,0.963994952761,-1.95559640645,-0.432899448335,-3.05880034764
4.669187,-0.00231554346554,0.282830355324,1.16808686685,0.963870454584,-1.95568921485,-0.433871832394,-3.0587560647
4.679168,-0.00217260212243,0.282754176822,1.16832798514,0.963721519767,-1.95568183868,-0.43486402935,-3.05868650409
4.689150,-0.00215628000396,0.282586218045,1.16842644521,0.963631949013,-1.95549486475,-0.435799459301,-3.05865067849
4.699131,-0.00225447271116,0.282364927498,1.16810468317,0.963675555544,-1.9552728394,-0.436724417987,-3.05863320009
4.709113,-0.00225576601917,0.28225967964,1.16770139778,0.963940367056,-1.9553030167,-0.437879025066,-3.05858845356
4.719094,-0.0023329716879,0.282355522577,1.16769345594,0.963992529,-1.95555984351,-0.439109885855,-3.05868642906
4.729076,-0.00249571258542,0.282415154127,1.1677872424,0.963714256216,-1.9557012868,-0.440286098465,-3.05873955084
4.739057,-0.00262165815762,0.28241892478,1.16775500239,0.963516303955,-1.95569673764,-0.44148166684,-3.05864637135
4.749039,-0.0027270569568,0.282354600112,1.16770322849,0.963535816447,-1.95568601295,-0.442783007258,-3.05860910976
4.759020,-0.00282666681548,0.282235699452,1.16780877067,0.963658408672,-1.95573195477,-0.444241330697,-3.05872328694
4.769002,-0.00287357158486,0.28212822056,1.1680626618,0.96366400274,-1.95574241359,-0.445807434929,-3.05889783539
4.778983,-0.00278071928853,0.282192665064,1.16799806545,0.963511772497,-1.95556896655,-0.447237719257,-3.05913355904
4.788964,-0.00264310514053,0.282431673462,1.16763300866,0.963605091047,-1.95545895031,-0.448484539286,-3.05906656301
4.798946,-0.0025237802112,0.282559565223,1.1675758395,0.963836919791,-1.95544583388,-0.449746341974,-3.05895720454
4.808927,-0.00253068215595,0.282517134892,1.16768651048,0.964142990823,-1.95540285547,-0.45105332307,-3.05890562042
4.818909,-0.00265391033408,0.282384090595,1.16761398391,0.964348608201,-1.95540493536,-0.452335782072,-3.05881668013
4.828890,-0.00280009712512,0.282271676077,1.16731402495,0.96433331104,-1.95552890991,-0.453566700424,-3.05871004562
4.838872,-0.00287220799418,0.282267615586,1.16710212445,0.964098026152,-1.95570754731,-0.454763751809,-3.05877597208
4.848853,-0.0029100148947,0.282452778124,1.16712274618,0.963707667979,-1.95563602177,-0.455800457548,-3.05910917803
4.858835,-0.00301762085537,0.282544506083,1.16711362707,0.963625182264,-1.95532804192,-0.456721192797,-3.05921290701
4.868816,-0.0030971903134,0.282406132423,1.16717388671,0.963684289107,-1.95519645422,-0.457696067768,-3.05918355406
4.878798,-0.00308168087073,0.282276149458,1.16711446976,0.963758540696,-1.95518485872,-0.458549902847,-3.05925887481
4.888779,-0.00307232423816,0.282321828691,1.16697505505,0.963784974798,-1.95528911172,-0.459322358491,-3.05943672451
4.898761,-0.00312967286447,0.282521778823,1.16683553524,0.963733805145,-1.95542177389,-0.460058314127,-3.05957808591
4.908742,-0.00318527526085,0.282677364989,1.16667595769,0.963656514478,-1.95539886911,-0.460691175898,-3.05949238406
4.918723,-0.00313485107071,0.282583158194,1.16631239816,0.963892161887,-1.95512210454,-0.461073733809,-3.0589518551
4.928705,-0.00326671950559,0.282138538674,1.16601982699,0.9640539886,-1.95481278398,-0.461468041813,-3.05867950575
4.938686,-0.0034091796366,0.28172655194,1.16585600553,0.963937358662,-1.95450643266,-0.462169403439,-3.05879560501
4.948668,-0.00341038963534,0.281681073621,1.1658170113,0.96380142041,-1.95432855308,-0.462797125108,-3.05901210962
4.958649,-0.00338196954927,0.281843241367,1.16584168968,0.963799889527,-1.95427771113,-0.463137701566,-3.05916599482
4.968631,-0.00337275631605,0.28190389057,1.16576618121,0.963929153459,-1.95429284197,-0.463217918235,-3.05925252802
4.978612,-0.00326928981953,0.28173316964,1.16540607862,0.964066059613,-1.95432783369,-0.463238774582,-3.0593651531
4.988594,-0.00314484897464,0.281673518207,1.16488019231,0.964112139864,-1.95442616468,-0.463335822174,-3.05951367691
4.998575,-0.00313937451941,0.281526719718,1.16424200253,0.963977039305,-1.95449399484,-0.46347361884,-3.05948070863
5.008557,-0.00292199558518,0.281149957572,1.16383546896,0.964080602801,-1.95442421295,-0.463463152252,-3.05932695056
5.018538,-0.00271207410731,0.280830287324,1.16361391468,0.96438991428,-1.95430819369,-0.463324013328,-3.05911439012
5.028520,-0.00263853280155,0.280700999842,1.16316134526,0.964606256799,-1.95427288797,-0.463109818396,-3.05893873002
5.038501,-0.0026995240757,0.28072731049,1.16229336359,0.964607297618,-1.9544211779,-0.462908811306,-3.05891177094
5.048483,-0.00281299504622,0.280744327354,1.16132793745,0.964615706435,-1.9547337188,-0.462851386714,-3.05906009193
5.058464,-0.00298769587321,0.280488252044,1.16066537501,0.964795704488,-1.95481862448,-0.463149255947,-3.05899334397
5.068445,-0.00299487609727,0.280001585442,1.15985976462,0.965029848706,-1.95456833786,-0.463411629284,-3.05878424563
5.078427,-0.00309784765037,0.27952732577,1.15878097298,0.965039511331,-1.95436633849,-0.463430631774,-3.05878472331
5.088408,-0.00323074705086,0.279250650944,1.15800611486,0.965009237559,-1.95432690602,-0.463302575157,-3.05890898968
5.098390,-0.00323120233705,0.278935266279,1.15749293591,0.965086137532,-1.95447052009,-0.463130273418,-3.05907942626
5.108371,-0.00314215544581,0.278402233971,1.1569808701,0.965318925109,-1.95466645955,-0.462972348414,-3.05924617049
5.118353,-0.00326406913552,0.27784636095,1.15635642947,0.965633288339,-1.95469287966,-0.462861171291,-3.05936658295
5.128334,-0.0035872519147,0.277653844678,1.15557546759,0.965767398029,-1.95461568815,-0.462972846507,-3.05934301393
5.138316,-0.00363565957847,0.277536845183,1.15467913002,0.965967998247,-1.9545375789,-0.463102735427,-3.05919080018
5.148297,-0.00352717981548,0.277269309188,1.15398362897,0.966197636126,-1.95440911728,-0.463048329453,-3.05918074871
5.158279,-0.00344025916851,0.276760276541,1.15323471655,0.966381796266,-1.95442963392,-0.463021790946,-3.05917127161
5.168260,-0.00341403793987,0.276027824324,1.15233468833,0.966509990525,-1.95450713788,-0.463021728692,-3.05908108332
5.178242,-0.00339368253753,0.275187206493,1.15133522962,0.966634221762,-1.95442590992,-0.462977705962,-3.05894750895
5.188223,-0.00332043816025,0.27439646739,1.15033897002,0.966833740721,-1.95409716893,-0.462910874657,-3.05887880337
5.198204,-0.00326955337884,0.273699739612,1.14935314647,0.967127343328,-1.95389714192,-0.462933240824,-3.05880673089
5.208186,-0.00337356758638,0.273490474591,1.14842504525,0.966917857457,-1.95377949937,-0.46303269802,-3.05885007676
5.218167,-0.00346462317121,0.273329172753,1.14740724443,0.966678915746,-1.95339505194,-0.463307572556,-3.05912662091
5.228149,-0.00355123059611,0.27287809485,1.14618577808,0.966828638771,-1.95287888109,-0.463421176204,-3.05931108798
5.238130,-0.00359608510942,0.272211057118,1.14495725963,0.967214455526,-1.95240446021,-0.463185471953,-3.05920894435
5.248112,-0.00354615852026,0.271605295353,1.14396783482,0.967530029837,-1.95205868147,-0.462768340584,-3.05893464998
5.258093,-0.00341197640879,0.27127052908,1.14324209804,0.967751795435,-1.95177504057,-0.462637040061,-3.05886528162
5.268075,-0.00347399990459,0.271170375369,1.14248780447,0.968223316787,-1.95128305148,-0.46281080914,-3.05904545022
5.278056,-0.00362717521754,0.270723445627,1.14184387183,0.968861592954,-1.95026277681,-0.462873912182,-3.05910511119
5.288038,-0.00372320284995,0.270200760511,1.14123061065,0.969282607723,-1.94914986633,-0.462962238248,-3.05912244875
5.298019,-0.00370558478342,0.269908979768,1.14047245265,0.969455423207,-1.94809782816,-0.46303714752,-3.05907240677
5.308001,-0.00366965559539,0.269702245738,1.13960303926,0.969460868144,-1.94701595335,-0.46306519589,-3.05903765923
5.317982,-0.00368625985151,0.269342810018,1.1387840306,0.969471235174,-1.94581802538,-0.463029606951,-3.05910696233
5.327964,-0.00366267944715,0.268881830863,1.13813515745,0.969695642622,-1.94463406465,-0.46292554622,-3.0592482767
5.337945,-0.00351225283775,0.268532263432,1.13745307677,0.970097788843,-1.94370626274,-0.46278682434,-3.05922527293
5.347926,-0.00362679117702,0.268032690493,1.13661557989,0.970056212731,-1.94317439595,-0.462966739883,-3.0591549474
5.357908,-0.00375893853963,0.267401161578,1.13579807435,0.969956608201,-1.94301650219,-0.463242128512,-3.05914255105
5.367889,-0.00369665883567,0.266978064233,1.13499300835,0.970036653327,-1.94292413448,-0.46327565078,-3.05908217552
5.377871,-0.00345986587319,0.266714843291,1.13438978134,0.970379110067,-1.94263039095,-0.463095435733,-3.05895691891
5.387852,-0.00325756804829,0.266493794375,1.134142754,0.970884943546,-1.94211575653,-0.462915085307,-3.05883134161
5.397834,-0.00334109565878,0.266460731539,1.13408363478,0.971300434589,-1.94164078837,-0.462856345127,-3.05879298695
5.407815,-0.00367973228811,0.266309691384,1.1335933625,0.971338489325,-1.9410799652,-0.462947970985,-3.05897752588
5.417797,-0.00366658853585,0.265906414262,1.13279729192,0.971285780328,-1.93996129823,-0.462939013607,-3.05903734675
5.427778,-0.00363305079432,0.265433213894,1.13220123246,0.971417726559,-1.93839740331,-0.462951722546,-3.05893515637
5.437760,-0.00377595753134,0.26504486871,1.1318032023,0.971624883715,-1.9366904601,-0.463115261391,-3.05899965904
5.447741,-0.00395510167288,0.264717264189,1.13156089007,0.971696019884,-1.93504526307,-0.463317753476,-3.05925720976
5.457723,-0.00397210422267,0.264332149369,1.13143264062,0.971491658752,-1.9335666856,-0.463354215496,-3.05947761372
5.467704,-0.00389271875673,0.263842760294,1.13133853945,0.971085953333,-1.93234083545,-0.463149440423,-3.05942563763
5.477685,-0.00381287582754,0.263566701425,1.13106729355,0.970893959712,-1.93158754663,-0.462797103016,-3.05928396176
5.487667,-0.00358168614517,0.263478005295,1.1308455141,0.971054387791,-1.93126536895,-0.462486820324,-3.05928644641
5.497648,-0.00356191978917,0.263532697657,1.13065931058,0.971276882035,-1.93107236949,-0.462292728928,-3.05942164977
5.507630,-0.00373316073714,0.263552041087,1.13043922866,0.971409269657,-1.93092203244,-0.462292196232,-3.05948160122
5.517611,-0.00390551645395,0.263388802047,1.13012325801,0.971408426245,-1.93081287699,-0.462389394809,-3.05947358789
5.527593,-0.00392460467618,0.26305059262,1.12978197215,0.971325429851,-1.930793427,-0.462506863954,-3.05951206389
5.537574,-0.00383445627161,0.262756836653,1.12968161807,0.971274682402,-1.930917952,-0.462792316538,-3.05958894622
5.547556,-0.00356992696312,0.262704338623,1.12979715944,0.971465797422,-1.93108151656,-0.463096466935,-3.05958204244
5.557537,-0.00344447833983,0.262603113387,1.12994295046,0.971627615771,-1.93117460477,-0.463103895101,-3.05967562782
5.567519,-0.00356096607635,0.262474531037,1.13011996845,0.97180046675,-1.93112994974,-0.46316619823,-3.05974827744
5.577500,-0.0038807316523,0.262472076292,1.13008003109,0.972121498708,-1.93105462611,-0.463189709329,-3.05972695889
5.587482,-0.00411082082009,0.262640707665,1.12998057927,0.972425855389,-1.93098265804,-0.462991699761,-3.05964575393
5.597463,-0.00397587709253,0.262859947415,1.13009922338,0.972466579736,-1.93085961527,-0.462614378663,-3.05961057399
5.607445,-0.00360394750451,0.26290528687,1.13030535654,0.972301726446,-1.93062864184,-0.462508211859,-3.0597037532
5.617426,-0.00386859547411,0.263023275331,1.13028872667,0.97223003735,-1.93058435731,-0.462379857918,-3.05967209941
5.627407,-0.00422453313894,0.263005173557,1.12997642292,0.972148346192,-1.93075275993,-0.461980574043,-3.05944198894
5.637389,-0.00411306029553,0.262949850304,1.12979451388,0.972139589226,-1.93085416398,-0.461655420109,-3.05926841081
5.647370,-0.00375739235296,0.262922891077,1.12984535496,0.972344356112,-1.93094540103,-0.461694995623,-3.05926875962
5.657352,-0.00346560695888,0.262921660701,1.12994897347,0.972607273924,-1.93104240435,-0.462142127462,-3.05943547455
5.667333,-0.00335540002407,0.262878850588,1.12991227153,0.972616460399,-1.93107967994,-0.462734581522,-3.05968295323
5.677315,-0.00327883041146,0.262706141537,1.12987122589,0.972251016073,-1.93099260724,-0.462993986776,-3.05991143402
5.687296,-0.00359769680096,0.262543165072,1.13004721712,0.971942976291,-1.93083554805,-0.463075242003,-3.05978700444
5.697278,-0.00381234223043,0.262547164448,1.13013435922,0.971776854113,-1.93084270532,-0.463068177635,-3.05964220874
5.707259,-0.00381265970306,0.262412078115,1.1299523437,0.971804660706,-1.93091682258,-0.462807337082,-3.05960610417
5.717241,-0.0037325696918,0.262300414175,1.12976445044,0.972037973945,-1.93095443494,-0.462570940089,-3.0595051956
5.727222,-0.00368999589924,0.262378996901,1.12976215141,0.972200267899,-1.93095815255,-0.462521157805,-3.05929443664
5.737204,-0.00368490100976,0.262660692403,1.12995121972,0.972016194148,-1.93097700087,-0.462529646226,-3.05909422746
5.747185,-0.0035934458268,0.262982768927,1.13021366025,0.971716837962,-1.93097585811,-0.462233872219,-3.05904556414
5.757166,-0.00361928495848,0.263128588916,1.13016340256,0.9718494658,-1.93108851199,-0.462021964188,-3.05923018879
5.767148,-0.00369701657848,0.262982871118,1.13011424839,0.972146794153,-1.93116829214,-0.462162877853,-3.05955424245
5.777129,-0.00365517871968,0.262821080703,1.13003400638,0.97228572741,-1.9311960193,-0.462383180582,-3.05975302866
5.787111,-0.00362491929038,0.262761414054,1.13004769269,0.972212699829,-1.93120158914,-0.462435642318,-3.05981366064
5.797092,-0.0037062429325,0.262767327494,1.13014799049,0.972072958103,-1.93117592824,-0.462340677457,-3.05974561693
5.807074,-0.0038434903126,0.262739297844,1.13019525347,0.972029260226,-1.93111544058,-0.462335607005,-3.05955276074
5.817055,-0.00382629131698,0.262670284162,1.13008976824,0.972017535378,-1.93112801589,-0.462619183649,-3.05930223565
5.827037,-0.00374824153544,0.26257764437,1.13023211014,0.972119619457,-1.93123537371,-0.462644775459,-3.0592539061
5.837018,-0.00382712810207,0.262820399797,1.1302019039,0.97211215667,-1.93115306652,-0.462513692343,-3.05923535936
5.847000,-0.00378688071916,0.2630033053,1.12996856007,0.971925379253,-1.93114991457,-0.462408387598,-3.05930642049
5.856981,-0.00360562590338,0.262923733313,1.12963388658,0.971770219576,-1.93125668952,-0.462469292681,-3.05944168862
5.866963,-0.00348947307105,0.262763688912,1.12946161136,0.971862099378,-1.93139333528,-0.462646685442,-3.05960583434
5.876944,-0.00362479224434,0.262864286845,1.12960083772,0.972219833956,-1.93144773025,-0.462750239909,-3.0597430465
5.886926,-0.00378411262372,0.263199252943,1.12963813028,0.972522115477,-1.93134239669,-0.462647899362,-3.05972041194
5.896907,-0.00385918335618,0.26307119038,1.1296610732,0.972500339157,-1.93110727401,-0.462665860295,-3.05954727203
5.906888,-0.00403720496719,0.26268501205,1.12973980097,0.972348404264,-1.93100741357,-0.462739689607,-3.05946692358
5.916870,-0.00413804913611,0.262527986715,1.12969638272,0.972245422297,-1.93118816117,-0.462693621201,-3.05956795837
5.926851,-0.00422087345341,0.262596027263,1.12952185949,0.972212171636,-1.93130886539,-0.46260656917,-3.05978873155
5.936833,-0.00428547848205,0.262761002692,1.12930738931,0.972242844476,-1.93122420924,-0.462591662749,-3.05994686885
5.946814,-0.00422499012325,0.262902175496,1.1292403498,0.97232964983,-1.93110448642,-0.462678171608,-3.05988876948
5.956796,-0.00396695732116,0.262884694401,1.1296301872,0.972413540561,-1.93112620619,-0.462763578764,-3.05973578116
5.966777,-0.00381497762912,0.262800829541,1.12994663211,0.972307003151,-1.93102684407,-0.462743337529,-3.05973914397
5.976759,-0.00388208076037,0.26295142422,1.12997024675,0.972231346138,-1.93103024966,-0.462680401302,-3.05997614298
5.986740,-0.00390757520399,0.263121148506,1.13010484396,0.972208549574,-1.93104102776,-0.462526353228,-3.06010266232
5.996722,-0.00385768313016,0.263102211767,1.13028284296,0.972252751094,-1.93094816425,-0.462447931876,-3.06004041971
6.006703,-0.00383872550165,0.262922050081,1.13031827036,0.972369875408,-1.93080737998,-0.462494681164,-3.05996119239
6.016685,-0.00394237366349,0.262765894,1.13015978627,0.972527528877,-1.93076700329,-0.462566452022,-3.06008028735
6.026666,-0.00401553529217,0.262611055119,1.13007299856,0.972596813253,-1.93075355435,-0.462653031068,-3.06025829743
