time,right_s0,right_s1,right_e0,right_e1,right_w0,right_w1,right_w2
0.487043,-0.0358771401018,0.267418219638,1.13246870161,1.00036720145,-1.87675305483,-0.482574577092,-3.05825601482
0.497028,-0.0354768607048,0.268254934194,1.13243765551,1.00180900749,-1.87649829846,-0.482833042523,-3.05792947147
0.507013,-0.0351501211449,0.26865516859,1.1325944869,1.00324222738,-1.87607629849,-0.482931289576,-3.05765617122
0.516999,-0.0347651439485,0.269108365502,1.13336906539,1.0045689604,-1.87559137823,-0.48328528461,-3.05734544186
0.526984,-0.034304182433,0.269556110402,1.13412454371,1.00561149783,-1.87525686348,-0.48388815964,-3.05680675043
0.536969,-0.0340301688281,0.270087473363,1.13452716031,1.00643705412,-1.8748904012,-0.484108710246,-3.05623433661
0.546954,-0.0339017171072,0.270745358537,1.13499408922,1.00725396071,-1.87445351235,-0.484204433769,-3.05584623111
0.556940,-0.0336499904506,0.271492161447,1.13553406966,1.00810493777,-1.87410385198,-0.484448301666,-3.05551028247
0.566925,-0.0334157757382,0.272191992011,1.13603417705,1.00913415751,-1.87384150006,-0.484733252591,-3.05513707396
0.576910,-0.0333947862742,0.27257306863,1.13665808085,1.01031697178,-1.87347837541,-0.484940539158,-3.05489359925
0.586895,-0.0332664231768,0.272508238335,1.13727508855,1.01126941353,-1.87293909222,-0.485016045382,-3.05477747948
0.596881,-0.0328114023502,0.272356418655,1.13737731619,1.01200362345,-1.8723995776,-0.484902422587,-3.05445593211
0.606866,-0.0323710517177,0.272538324711,1.13730880186,1.01290477113,-1.87211932563,-0.485003549028,-3.05395187885
0.616851,-0.032137829878,0.273481860977,1.13772650501,1.01388151608,-1.87187161373,-0.485307074559,-3.05338270674
0.626836,-0.0321187785882,0.274578159286,1.13832832987,1.01477979842,-1.87149205394,-0.48547441326,-3.0528864852
0.636822,-0.0317910837083,0.27518396882,1.13885432021,1.0156275607,-1.87111295065,-0.485803712374,-3.05270554054
0.646807,-0.0315104566662,0.275517034863,1.13930106874,1.01656648508,-1.87083852921,-0.486055798129,-3.05256038972
0.656792,-0.0313791033535,0.276057951144,1.13963572438,1.01723060731,-1.87048229619,-0.486202663834,-3.05248539269
0.666777,-0.0311865441289,0.276593205693,1.13989947783,1.01784796816,-1.8702045355,-0.486412032052,-3.0521893784
0.676763,-0.0310727524758,0.276954949774,1.14016589146,1.01850916793,-1.87001465968,-0.48681065538,-3.05172945277
0.686748,-0.0309278488419,0.277166238248,1.14052504827,1.01894481885,-1.86969870234,-0.487177740077,-3.05132472209
0.696733,-0.0307890448307,0.277413023647,1.14072029065,1.01935389088,-1.86937043248,-0.487434065768,-3.05107999035
0.706718,-0.0307614192145,0.277815081414,1.14075329875,1.02000831832,-1.86930214418,-0.487419708747,-3.05093480238
0.716704,-0.0306803124386,0.278243419194,1.14090113108,1.02070249597,-1.86934771235,-0.487182490333,-3.05079863415
0.726689,-0.0304222463797,0.278473210169,1.14107150874,1.02130988845,-1.86915666257,-0.487312147953,-3.0506687203
0.736674,-0.0301944421658,0.278486627997,1.14139947443,1.02205765902,-1.86890263616,-0.487667339702,-3.05055186126
0.746659,-0.0298435407142,0.278432092527,1.14219862794,1.02263393023,-1.86869645683,-0.487971642607,-3.05033023807
0.756645,-0.0295375555885,0.278524516068,1.14262977714,1.02307246283,-1.86850439038,-0.488199393891,-3.05026354162
0.766630,-0.0294955744546,0.2789685159,1.14281723589,1.02366981975,-1.86831960755,-0.488131408924,-3.049948642
0.776615,-0.0292733167295,0.279386658991,1.14294149636,1.02397331811,-1.86814147849,-0.487917689563,-3.04953117238
0.786600,-0.0289032314335,0.279648722021,1.14305578102,1.0240201357,-1.86789527291,-0.488122095801,-3.04924554046
0.796586,-0.0288709275473,0.27982762749,1.14317667601,1.02437849814,-1.86763811101,-0.488694890044,-3.04912019349
0.806571,-0.0290503856043,0.280012371328,1.14314681826,1.02503725441,-1.86751884359,-0.488932900067,-3.04904972315
0.816556,-0.0290114436828,0.280402061495,1.14312653217,1.02563162286,-1.86744872516,-0.488893203647,-3.04887136352
0.826541,-0.0288203537016,0.28086804502,1.14331791434,1.02606374406,-1.86738667265,-0.488780878031,-3.0486845332
0.836526,-0.0287617983078,0.28128655199,1.14374119124,1.02653185677,-1.86738004528,-0.488881994432,-3.04862897979
0.846512,-0.028802184524,0.281604784038,1.14416364568,1.02691338721,-1.867356169,-0.489247360137,-3.04863232841
0.856497,-0.0287598508669,0.281672230468,1.14427796632,1.02697043773,-1.86719677412,-0.489426531394,-3.04853753693
0.866482,-0.0286695801909,0.281452155728,1.144106342,1.02720934855,-1.86698857561,-0.489267121894,-3.04833127859
0.876467,-0.0284674413023,0.281074093889,1.14405517181,1.02793622381,-1.86679900551,-0.489301364743,-3.04815556101
0.886453,-0.0282266656737,0.281350836989,1.1444784089,1.02836686862,-1.86666512164,-0.489227459929,-3.04822712166
0.896438,-0.0280444976255,0.282042282241,1.14502628918,1.02839690802,-1.86668204413,-0.489050112306,-3.04828578492
0.906423,-0.0281465850797,0.281964947945,1.14526959574,1.02852941133,-1.86627755156,-0.488932981553,-3.04793151209
0.916408,-0.028244541857,0.282077167808,1.14516222598,1.02872609606,-1.86594702246,-0.48903727513,-3.04757186895
0.926394,-0.0280657218274,0.282303230001,1.14517079075,1.02922439089,-1.86599908458,-0.489410123616,-3.04765134073
0.936379,-0.0277681222326,0.282407839699,1.14518994247,1.02956847921,-1.86617676198,-0.489606675891,-3.04781239432
0.946364,-0.0277274508155,0.282382601935,1.14501781367,1.02978083413,-1.8661112943,-0.489698135011,-3.04776123576
0.956349,-0.027896742949,0.282466427343,1.14492430936,1.02971449954,-1.86600988823,-0.489856315338,-3.04755692045
0.966335,-0.027880138164,0.282787940784,1.14501511913,1.02937555563,-1.86593891235,-0.490070283099,-3.04730727463
0.976320,-0.0276567624557,0.28312488706,1.14514078001,1.02927782536,-1.86585044828,-0.490253558319,-3.04709053882
0.986305,-0.0274800329718,0.283247150843,1.1452319969,1.02968508232,-1.86579477994,-0.490385965674,-3.04702197111
0.996290,-0.0272781310843,0.28325875938,1.14533367792,1.03000203293,-1.86570169254,-0.49055037805,-3.04714961691
1.006276,-0.0270129401108,0.283286100804,1.14548094516,1.02981984096,-1.86557541921,-0.490799934161,-3.04731490958
1.016261,-0.0268984805951,0.283450335627,1.14553278696,1.02968732669,-1.86561822204,-0.490723978526,-3.04725327669
1.026246,-0.0271439078221,0.283899392674,1.14532947277,1.03007875338,-1.86553332097,-0.490578690529,-3.04722314032
1.036231,-0.0273355004666,0.283839235602,1.14540168818,1.03044950414,-1.86541886802,-0.490722918419,-3.04717454059
1.046217,-0.0274434663899,0.283601523883,1.14577549682,1.0305146105,-1.86519863608,-0.490531084163,-3.04687568132
1.056202,-0.0273367504014,0.283592610871,1.14609618315,1.03047580849,-1.86504095724,-0.490493732721,-3.04665951188
1.066187,-0.0273078617454,0.283635501833,1.1462917745,1.03045852406,-1.86519629589,-0.490464777835,-3.04657090589
1.076172,-0.0273967598083,0.283548845711,1.14636584713,1.03058271515,-1.86528446946,-0.490359256947,-3.04659066296
1.086158,-0.0275491606928,0.283580575774,1.14646795237,1.03074696405,-1.86529207932,-0.490353477739,-3.04675603774
1.096143,-0.027618100669,0.283657888521,1.14654838364,1.03090686263,-1.86527536278,-0.490498135365,-3.04690259748
1.106128,-0.0275635278756,0.283637075949,1.14642332896,1.03114469005,-1.86516179261,-0.490518713478,-3.04685057261
1.116113,-0.0275632802007,0.283744976405,1.14614120131,1.03130639337,-1.8650594864,-0.490347766661,-3.04675918319
1.126099,-0.0276991410136,0.284049377079,1.14602713734,1.03105998441,-1.86515546687,-0.490245863232,-3.04683418297
1.136084,-0.0277168027915,0.284078785927,1.14619927448,1.03060056086,-1.86520597447,-0.490219421583,-3.04680255983
1.146069,-0.0275364671211,0.283976282291,1.14626741366,1.03060730324,-1.86495179727,-0.49023259062,-3.04648413377
1.156054,-0.027379006896,0.283987346614,1.1462278508,1.03083181942,-1.86478971575,-0.4902338381,-3.04641638488
1.166039,-0.0272500414472,0.28405978279,1.14641517787,1.0309704473,-1.86512512419,-0.490580620628,-3.04683257924
1.176025,-0.0272690571207,0.284093205015,1.146677564,1.0308989194,-1.86519472019,-0.490932266616,-3.04708296263
1.186010,-0.0270884744799,0.283690065916,1.14672529822,1.03082895805,-1.86505775177,-0.490953589936,-3.04698797607
1.195995,-0.0270643617119,0.283536082925,1.14659732139,1.03073870026,-1.86517308006,-0.49098688476,-3.04674240963
1.205980,-0.0272539977755,0.283879819743,1.14649136976,1.03063939963,-1.86526925752,-0.49076456061,-3.0466148264
1.215966,-0.027396141554,0.284093889933,1.1465077857,1.03071007635,-1.8652467876,-0.490661320281,-3.0465728977
1.225951,-0.0275013101357,0.283988574718,1.14663704115,1.03091253909,-1.8651753741,-0.490894126725,-3.04667449574
1.235936,-0.0276854593194,0.283896401912,1.14672260235,1.0310671017,-1.86500305088,-0.491169386027,-3.0468199553
1.245921,-0.027918444542,0.284058188723,1.14657947723,1.03110282072,-1.86484966035,-0.491269149676,-3.04677688381
1.255907,-0.0281137513724,0.284293306375,1.14628626932,1.03104948562,-1.86494181414,-0.491243801677,-3.04656864366
1.265892,-0.028341105142,0.284299905155,1.14615360301,1.03090405626,-1.86515596985,-0.491172945618,-3.04647730528
1.275877,-0.028651337483,0.284117624709,1.14620582041,1.03068512101,-1.86521346811,-0.491284302212,-3.04657415945
1.285862,-0.0285511143356,0.283923153941,1.14618356111,1.03047212469,-1.86509552915,-0.491567146899,-3.04676121585
1.295848,-0.0283518746126,0.283786479943,1.14645125692,1.03032064893,-1.86500126251,-0.491540658637,-3.04687273593
1.305833,-0.0285106663059,0.283756045691,1.14633502673,1.03051162414,-1.86546602569,-0.490781151703,-3.04699044845
1.315818,-0.0290061721339,0.283164921437,1.14537073787,1.0309447456,-1.86566116855,-0.489482725361,-3.04711007312
1.325803,-0.0297075730332,0.28220795602,1.14415115027,1.03154629747,-1.86530468129,-0.487849620026,-3.04693562226
1.335789,-0.0303685080772,0.281543193222,1.1431967075,1.03258346169,-1.86468397387,-0.485846511332,-3.04676506028
1.345774,-0.0309685975324,0.280865409969,1.14251627119,1.03403591787,-1.86405358241,-0.483890496341,-3.04697374434
1.355759,-0.0315837946076,0.280043378741,1.14213073963,1.03569365858,-1.86365089055,-0.482217954095,-3.0471827057
1.365744,-0.0323678157822,0.279287765673,1.14217551926,1.03718381549,-1.86361602015,-0.480902100437,-3.04712954599
1.375730,-0.0333552118464,0.27887250274,1.14235773792,1.03834831868,-1.86383651299,-0.479959200223,-3.04700053435
1.385715,-0.0343814930878,0.278707252714,1.1423184128,1.03951456673,-1.86406276374,-0.479359466151,-3.04697032588
1.395700,-0.0353172018666,0.278491498315,1.14225391489,1.04096010885,-1.86414686499,-0.478903333921,-3.04699133144
1.405685,-0.0363144386242,0.278115348655,1.14249807639,1.04242631223,-1.8640888581,-0.478271865889,-3.04700214952
1.415671,-0.037596527728,0.277313294284,1.14283980434,1.04391557712,-1.86396079891,-0.477400194291,-3.04687823093
1.425656,-0.0389441936062,0.276332185986,1.14297176164,1.04559302435,-1.86390918432,-0.476037340436,-3.04684881255
1.435641,-0.0403345022219,0.275429828559,1.14254299418,1.04761924922,-1.86393173824,-0.474413998302,-3.04713270929
1.445626,-0.0417101527448,0.274570599948,1.14212201046,1.04972961083,-1.8638119298,-0.473097376406,-3.04734761139
1.455612,-0.0429421033067,0.273752647964,1.14233806364,1.05215552106,-1.863881327,-0.471922281846,-3.04757751304
1.465597,-0.0443448165662,0.27332022678,1.14239548399,1.05505378314,-1.86436603823,-0.470680224549,-3.04787759696
1.475582,-0.0459981234301,0.272784272532,1.14221696292,1.05798093973,-1.86466383196,-0.468961060104,-3.04817727067
1.485567,-0.0477092450367,0.271909090429,1.14207435066,1.06086533114,-1.86474639373,-0.466793416479,-3.04871703517
1.495552,-0.0496473498325,0.271123020098,1.14201625723,1.06389852873,-1.86466960712,-0.46453911721,-3.04947102203
1.505538,-0.0518114394985,0.270574017758,1.14187648269,1.06720032346,-1.86449255645,-0.46249494336,-3.05027191407
1.515523,-0.0539678804687,0.270017808941,1.14179011215,1.07067832483,-1.86441403397,-0.460666585899,-3.05111712769
1.525508,-0.0560049679824,0.269312640298,1.14201416768,1.07429690381,-1.8645791466,-0.45885330247,-3.05200033544
1.535493,-0.0580711088653,0.268511424765,1.1423890785,1.07804210333,-1.86481357848,-0.456958618516,-3.05267937905
1.545479,-0.0603173431739,0.267638328563,1.14254478853,1.08154712446,-1.86486061607,-0.455180241,-3.05302870644
1.555464,-0.0624068331403,0.266761191652,1.14227416844,1.08488817168,-1.86484876202,-0.453696042838,-3.05337412192
1.565449,-0.0645363107671,0.265956643981,1.14205075311,1.08849393247,-1.86488468022,-0.452539776566,-3.05358982441
1.575434,-0.0667937536582,0.264836320804,1.14213437783,1.09210317097,-1.86501095635,-0.451655588757,-3.0539208146
1.585420,-0.0686946661781,0.263752117163,1.14186313222,1.0957342357,-1.86530192213,-0.450802214128,-3.05439187127
1.595405,-0.0705963758125,0.263190541004,1.14133423902,1.09950141375,-1.8654821975,-0.449813623004,-3.05488191632
1.605390,-0.0731565396006,0.262587966118,1.14112798099,1.10322377879,-1.86543221047,-0.448852186464,-3.05570513195
1.615375,-0.0759884070484,0.26186818923,1.14109979872,1.10688287434,-1.86543547649,-0.448191469727,-3.05697522494
1.625361,-0.0784452523083,0.261233312875,1.14091569503,1.11050380757,-1.86562384797,-0.447681419874,-3.05834584238
1.635346,-0.0804657839342,0.260771616805,1.14073754181,1.11416229273,-1.86597207203,-0.447009191465,-3.05931976486
1.645331,-0.0825110393775,0.260336459317,1.14081067874,1.11789822002,-1.86634087185,-0.446113586046,-3.05982002112
1.655316,-0.0848243259645,0.259695875714,1.1410118527,1.12168145845,-1.86666719826,-0.445042070042,-3.06006565392
1.665302,-0.0871841484503,0.258906994131,1.14106578209,1.12549480048,-1.86702044623,-0.443814973999,-3.06021720627
1.675287,-0.0894274199271,0.258272636673,1.14089116278,1.12937810985,-1.8673679381,-0.442502674684,-3.06038485968
1.685272,-0.0917338480179,0.257658309515,1.14049684096,1.13330745012,-1.86752094597,-0.4410300649,-3.06058981934
1.695257,-0.0943414805008,0.257128209212,1.14009893182,1.13709209197,-1.8675168395,-0.439565554189,-3.06066109519
1.705243,-0.0967948446142,0.257110263584,1.14006872367,1.14064435037,-1.86773463137,-0.438163129744,-3.06064045535
1.715228,-0.0992757038951,0.256826901776,1.14016176254,1.14415649597,-1.86795170898,-0.436534282123,-3.06092232116
1.725213,-0.102017222781,0.256184538326,1.13998729489,1.14801776802,-1.86811987361,-0.434809864287,-3.06124818696
1.735198,-0.104765027383,0.255363942219,1.13975099097,1.15191392006,-1.86852486529,-0.433192056178,-3.06118045918
1.745184,-0.107319456125,0.254878368044,1.13968307983,1.15546643578,-1.86908056335,-0.431842553439,-3.06099535614
1.755169,-0.109846875435,0.254488523409,1.13984124129,1.15907899383,-1.86965811156,-0.430724847174,-3.06104916274
1.765154,-0.112439558972,0.254086649906,1.14012223538,1.16269572065,-1.87053510274,-0.429495022098,-3.06126051023
1.775139,-0.115065126857,0.253618223037,1.14013571446,1.16616342922,-1.87175049127,-0.428128770161,-3.06137771369
1.785125,-0.117770560213,0.252984739279,1.13977821651,1.16954871717,-1.87302497547,-0.426879827378,-3.06137166356
1.795110,-0.12057798068,0.252261852062,1.13939587396,1.17295076197,-1.87411064946,-0.425811603544,-3.06137337682
1.805095,-0.12341211665,0.251643141795,1.13921905995,1.17634320275,-1.87504505888,-0.424774903987,-3.06142167909
1.815080,-0.126362284046,0.251076644944,1.13915793293,1.17967655324,-1.8761232519,-0.423701619553,-3.06146775874
1.825065,-0.129483726823,0.250470384869,1.13922551357,1.18301768801,-1.87738054236,-0.422453485752,-3.06145210477
1.835051,-0.132494279741,0.249922931378,1.1391026212,1.18656853748,-1.87854319874,-0.421234534022,-3.06142778587
1.845036,-0.135106672715,0.249312072117,1.13876983332,1.19015207668,-1.87974908207,-0.420821528758,-3.06163247443
1.855021,-0.137666075841,0.248464120956,1.13904301262,1.19330422193,-1.88113719989,-0.420400009921,-3.06187022564
1.865006,-0.140542255805,0.24783936223,1.1393907554,1.1961585202,-1.88231945178,-0.419414392838,-3.0618427356
1.874992,-0.143766411837,0.247484825516,1.13946542299,1.19913239255,-1.88353425433,-0.418226560773,-3.0617371004
1.884977,-0.146889229671,0.246814610809,1.13942539451,1.20231977047,-1.88491684183,-0.417352561558,-3.06173294768
1.894962,-0.14961020068,0.245955630539,1.13916358343,1.20557156073,-1.88634503533,-0.416741512389,-3.06182550319
1.904947,-0.152275942072,0.2452818553,1.13871129044,1.20867092031,-1.88767168273,-0.416234448673,-3.06209764828
1.914933,-0.155175791284,0.244755531981,1.13845533098,1.21171902201,-1.88891153151,-0.415607258846,-3.06242801503
1.924918,-0.158077489806,0.244194474316,1.13853591321,1.21487014916,-1.89013803001,-0.414582445221,-3.06256192837
1.934903,-0.16073045443,0.243612656942,1.13864397897,1.21802493301,-1.89131376225,-0.413197882818,-3.06250928061
1.944888,-0.163415838933,0.243039155428,1.13859110702,1.22110305016,-1.89237589328,-0.411863737086,-3.06247843899
1.954874,-0.166552581695,0.242395046899,1.13842893102,1.22422951274,-1.89346028651,-0.410639246095,-3.06242902951
1.964859,-0.170110594387,0.24146406708,1.13810646599,1.22735495895,-1.89473070258,-0.409125551699,-3.06235100122
1.974844,-0.173708814355,0.240721698391,1.13777959596,1.23048788047,-1.89612553432,-0.407243910244,-3.06244384603
1.984829,-0.177211743529,0.240297532943,1.13764900042,1.23384221355,-1.89736808361,-0.405708874049,-3.06276081797
1.994815,-0.180363557463,0.239528216091,1.1379224054,1.23731436002,-1.89847127716,-0.404545024992,-3.06286548265
2.004800,-0.183410855887,0.238635501253,1.13829009076,1.24079335379,-1.89956620941,-0.403637211874,-3.0628864496
2.014785,-0.186448233137,0.238156288057,1.13832880097,1.24450864446,-1.90103800616,-0.402722475654,-3.06285736009
2.024770,-0.189672549214,0.23774544242,1.13805228505,1.2483871913,-1.90267805236,-0.401788246048,-3.06297570056
2.034756,-0.193221994849,0.23718148848,1.13768785806,1.25218480007,-1.90416450847,-0.400944158036,-3.06325020603
2.044741,-0.197055415453,0.236535320066,1.1374542369,1.25599130829,-1.90554962658,-0.400280491397,-3.06337534474
2.054726,-0.200948063186,0.235933019254,1.13735860075,1.26003466717,-1.90687994024,-0.399831326255,-3.06330007207
2.064711,-0.204737753208,0.235391604178,1.13726088717,1.26423969929,-1.90811568532,-0.399453662593,-3.06326877232
2.074697,-0.208485533264,0.234816212941,1.13713089642,1.26832243726,-1.90944168583,-0.398958727948,-3.06341594739
2.084682,-0.212230720379,0.234129677744,1.13701521045,1.27222677817,-1.91100731031,-0.398354190278,-3.06369736457
2.094667,-0.215784184065,0.233391426051,1.13669916991,1.27611638696,-1.91241831706,-0.397470194713,-3.06383471821
2.104652,-0.219176308031,0.232478220273,1.13630869751,1.28035523291,-1.91359303646,-0.396622248544,-3.06369409442
2.114638,-0.223021441013,0.231610325892,1.13616720537,1.28507390563,-1.91488729327,-0.396011023091,-3.06348418411
2.124623,-0.227277699018,0.231611132091,1.13603480966,1.2898460123,-1.91603336602,-0.395132244808,-3.06355065281
2.134608,-0.231395136958,0.231631846625,1.13586043759,1.29439483703,-1.91723861096,-0.394095730476,-3.06376426239
2.144593,-0.235651348061,0.231186412444,1.13601164648,1.29890057809,-1.9186816142,-0.392635713047,-3.06375868589
2.154578,-0.240226529649,0.230518202856,1.13616700549,1.30342089683,-1.92029150823,-0.390541890138,-3.06376249469
2.164564,-0.244793508919,0.229902563283,1.13606196755,1.30808174902,-1.92181348043,-0.388133801827,-3.06395373416
2.174549,-0.248994496144,0.229476945282,1.13568569003,1.31277351014,-1.92318727436,-0.385719320619,-3.06405465771
2.184534,-0.253033841981,0.229192286935,1.13528860448,1.31737009994,-1.92471120296,-0.383263035421,-3.06394060275
2.194519,-0.257299221869,0.228846811516,1.13510017531,1.32187434364,-1.92655214973,-0.380870687264,-3.0639160062
2.204505,-0.261848876317,0.228465247442,1.13501847526,1.32632582215,-1.92854560246,-0.378764066056,-3.06419601644
2.214490,-0.266454297894,0.228374762829,1.13480725027,1.33071593101,-1.93063452236,-0.376738323179,-3.06452523133
2.224475,-0.270827684147,0.228477423558,1.13462783797,1.33503324812,-1.93297402638,-0.374555073569,-3.06463585092
2.234460,-0.275098131358,0.228362314967,1.13474997359,1.3394284164,-1.93540771037,-0.372572708103,-3.06461791901
2.244446,-0.279632291085,0.228217393582,1.13510522593,1.34394995789,-1.9377459745,-0.371476150152,-3.06459546263
2.254431,-0.284208171401,0.227964541958,1.13519845116,1.348808109,-1.93995930547,-0.371149209983,-3.06454723466
2.264416,-0.28888042125,0.227461153055,1.13516689638,1.35374181849,-1.94229907998,-0.370450689794,-3.0647850605
2.274401,-0.293620582744,0.226840479811,1.13505410531,1.35837300321,-1.94485165312,-0.369288439404,-3.06498428354
2.284387,-0.298174732784,0.226453667105,1.13478455974,1.36292793385,-1.94749051807,-0.367560261854,-3.0648592904
2.294372,-0.302503355962,0.226216528557,1.13456838583,1.36754550368,-1.94999186802,-0.36558283238,-3.0647352445
2.304357,-0.306962656036,0.22596155471,1.13439684878,1.37206650125,-1.95234937722,-0.364215918642,-3.06476423208
2.314342,-0.311712536721,0.225561300231,1.13413464933,1.37659892304,-1.95475954257,-0.36346363147,-3.06488758542
2.324328,-0.316626818293,0.225148647996,1.13371335547,1.38136027801,-1.95734857056,-0.362470746121,-3.0650653837
2.334313,-0.321598159883,0.224889009119,1.13331046928,1.38630284582,-1.96003322085,-0.360791375178,-3.06523764553
2.344298,-0.32656087905,0.224690758419,1.13315094692,1.39112591359,-1.96270967917,-0.358765136291,-3.06527981556
2.354283,-0.331345184489,0.224488777616,1.13312351696,1.39557830939,-1.96545763051,-0.356674853191,-3.0652000809
2.364269,-0.336005995371,0.224476952268,1.13306938849,1.39979199449,-1.96831625307,-0.35466217045,-3.06513867676
2.374254,-0.340879861553,0.22453620636,1.13286047721,1.40429070517,-1.97101031174,-0.35271534931,-3.06503542718
2.384239,-0.345959010973,0.224534213519,1.13255067671,1.40891189642,-1.97350814106,-0.350597946735,-3.06489684186
2.394224,-0.350941090811,0.224303640468,1.13229141534,1.41351470952,-1.97604528335,-0.348213645608,-3.06504796981
2.404210,-0.355894047232,0.224258282087,1.13198656477,1.41821344629,-1.97841247403,-0.34576220241,-3.06532816847
2.414195,-0.360838362974,0.224313667171,1.13171310351,1.42302297752,-1.98042869881,-0.343474237517,-3.0655938657
2.424180,-0.36567509408,0.224271823071,1.13162176346,1.42785582842,-1.98223300409,-0.341329422881,-3.06578144428
2.434165,-0.370359449368,0.224042813087,1.13163100943,1.43274481296,-1.98411374418,-0.339139542166,-3.06584260526
2.444151,-0.37502840207,0.223797089198,1.13158512211,1.43767095421,-1.9860981954,-0.336886080779,-3.0658204351
2.454136,-0.379930172529,0.223621484096,1.13142541094,1.44253811117,-1.98800485327,-0.334845152765,-3.06581619152
2.464121,-0.385103851146,0.223377913847,1.13122760893,1.44734718538,-1.98975295671,-0.333255723165,-3.06582808553
2.474106,-0.390386707291,0.223100390578,1.13108913276,1.4522277743,-1.99141867387,-0.331884782086,-3.06580073976
2.484091,-0.395673579368,0.22309558888,1.13098150226,1.45718195135,-1.99308315625,-0.330298363147,-3.06576294769
2.494077,-0.400840814134,0.223276905,1.1307608739,1.46197931495,-1.99479182207,-0.328581982196,-3.06573531974
2.504062,-0.405698989713,0.223205637475,1.13040614132,1.46668035217,-1.99644786645,-0.326758644951,-3.06576470359
2.514047,-0.41051262336,0.222914861646,1.13026195437,1.47155307758,-1.99795159997,-0.324596410717,-3.06589178269
2.524032,-0.415769422301,0.222713078431,1.13041642513,1.47649156466,-1.99942513751,-0.322529073036,-3.06588527379
2.534018,-0.421201259459,0.222617146397,1.13043416557,1.48137109621,-2.0008850244,-0.320901058631,-3.06591466893
2.544003,-0.426621199672,0.222493287408,1.1302217209,1.48639373032,-2.00241182583,-0.319375163011,-3.06596198222
2.553988,-0.43200198971,0.222239286678,1.12985634498,1.49166126214,-2.00391170138,-0.317618487443,-3.06595371108
2.563973,-0.43742546768,0.221961309301,1.12945247821,1.49688923603,-2.00524243661,-0.315653854817,-3.0660131286
2.573959,-0.442846721783,0.221753224533,1.12907712244,1.50191235622,-2.00642173539,-0.313540947634,-3.06613413619
2.583944,-0.448098854336,0.221516758451,1.12878018076,1.50680143549,-2.0075719444,-0.311409777037,-3.06620079268
2.593929,-0.453197168277,0.22123625952,1.12853492493,1.51171572749,-2.00875503756,-0.309195173939,-3.06615263375
2.603914,-0.458408648745,0.221030341521,1.12834821789,1.51683858624,-2.00989963335,-0.306683421126,-3.06605747814
2.613900,-0.463843978013,0.220896180507,1.12826685906,1.52225545115,-2.01096175649,-0.303948489036,-3.06605598964
2.623885,-0.469259106645,0.220679162754,1.12820117085,1.52775994602,-2.01208867118,-0.301395231222,-3.06625259034
2.633870,-0.474681227948,0.220389287407,1.1280511319,1.5330478707,-2.01340056929,-0.299132746074,-3.06660363185
2.643855,-0.480436522351,0.220260159137,1.12772135525,1.53816480204,-2.01476565891,-0.296891952549,-3.06686133716
2.653841,-0.486168508421,0.220142073417,1.1270975385,1.54318450429,-2.01605754848,-0.29452680566,-3.06689388279
2.663826,-0.491664302162,0.219856108097,1.12667462355,1.54817017773,-2.01734560969,-0.291947083513,-3.06678305126
2.673811,-0.497086762144,0.219595541378,1.12650875167,1.55328112463,-2.01874647846,-0.289254400767,-3.06670735974
2.683796,-0.502571746711,0.219292619396,1.12640508707,1.55856100736,-2.02036713118,-0.286437464004,-3.06671021166
2.693782,-0.508280631489,0.218971240006,1.12617006418,1.56397897063,-2.02207222071,-0.283426097601,-3.06670254096
2.703767,-0.514168236285,0.218605479124,1.12599135859,1.56929910793,-2.02379093042,-0.280307044437,-3.06666198725
2.713752,-0.520045651498,0.218194817191,1.12599159057,1.57454318234,-2.02555833526,-0.277258806864,-3.06668891245
2.723737,-0.525776622469,0.217934692402,1.12600399076,1.57988380724,-2.02743702844,-0.274320368493,-3.0667974247
2.733723,-0.531479857952,0.21789718177,1.12590956489,1.58535077521,-2.02954662049,-0.271288957138,-3.0668767803
2.743708,-0.537365344526,0.217866183363,1.12579526643,1.59080135019,-2.03195737592,-0.267966829158,-3.06684112542
2.753693,-0.543305885179,0.217747110165,1.12573019442,1.59614583471,-2.03448536588,-0.264448043603,-3.06675302804
2.763678,-0.548921983851,0.217776198402,1.12569536529,1.60147489129,-2.03685039698,-0.260997389269,-3.06676341406
2.773664,-0.554469344839,0.217815600826,1.12571414589,1.60685196302,-2.0392055326,-0.25769756129,-3.06686373425
2.783649,-0.560409571799,0.217513454552,1.12576294823,1.61225217855,-2.04189115628,-0.254328767885,-3.06686593257
2.793634,-0.566349072251,0.217296399592,1.12573788162,1.61776594546,-2.0445662442,-0.250901036285,-3.06693630977
2.803619,-0.572372989306,0.217209840628,1.12569863958,1.62359153745,-2.04712901915,-0.247603110244,-3.06713677253
2.813604,-0.578572837279,0.217095951005,1.1254399429,1.62948005162,-2.04978310102,-0.244188682104,-3.06723477171
2.823590,-0.584529838261,0.216913722476,1.1249000209,1.63508996667,-2.05238988803,-0.240682442334,-3.06738695465
2.833575,-0.590232384677,0.216511508594,1.12446755141,1.64047586272,-2.05488613873,-0.237400409002,-3.06755166827
2.843560,-0.59602504938,0.216028823443,1.12431841728,1.64590928343,-2.05745198311,-0.234298625775,-3.0676079917
2.853545,-0.602033050061,0.215698606914,1.12419706664,1.65146156738,-2.06013184303,-0.231203339657,-3.06764769388
2.863531,-0.608317253489,0.21557103586,1.12390883086,1.65699171558,-2.06284306285,-0.228123398494,-3.06772150092
2.873516,-0.614837398995,0.215645299909,1.12359168853,1.66247718059,-2.06562439921,-0.225121587307,-3.06777513604
2.883501,-0.621258575262,0.215833514127,1.12342548836,1.66806694671,-2.0685357223,-0.222153180342,-3.06782887182
2.893486,-0.627325272577,0.215861615261,1.12333370525,1.67378007944,-2.07139191739,-0.21923643332,-3.06788646459
2.903472,-0.63338464329,0.215843512381,1.123130164,1.67944842253,-2.07400057427,-0.216552209912,-3.06773620535
2.913457,-0.639708215824,0.216037695675,1.12266469826,1.68486418654,-2.07639573651,-0.214078731436,-3.06745004535
2.923442,-0.645960817543,0.21611313693,1.12231483379,1.69010701677,-2.07880893487,-0.211585167226,-3.06737318259
2.933427,-0.651936407268,0.215921969866,1.12242082099,1.69558612153,-2.08118918699,-0.209189498337,-3.06753662975
2.943413,-0.657892556175,0.215877211024,1.12219844116,1.70122669514,-2.08342432848,-0.207017346057,-3.0676393643
2.953398,-0.664117005728,0.215658474001,1.1214739642,1.70680076007,-2.08564867198,-0.205089926191,-3.06762705224
2.963383,-0.670703077587,0.2151772295,1.12071044215,1.71217481612,-2.08794491312,-0.203415012061,-3.06767215529
2.973368,-0.677293530696,0.214933741321,1.11997730973,1.71742136864,-2.0902401732,-0.201906995739,-3.06778150961
2.983354,-0.683620175587,0.215054635114,1.11922717652,1.72268910868,-2.09243510743,-0.200462237052,-3.0678702526
2.993339,-0.689681962256,0.21519108625,1.11853126453,1.72796526225,-2.09453498931,-0.199117294042,-3.06788844381
3.003324,-0.695623675186,0.215081512816,1.11789856504,1.73315900763,-2.09663360794,-0.197982979793,-3.06784815746
3.013309,-0.701640296902,0.214881099736,1.11722938708,1.73816774638,-2.09878080404,-0.197078914387,-3.06783180795
3.023295,-0.707834961319,0.214858806845,1.11647672523,1.74294233528,-2.10092852215,-0.196366724662,-3.0679155022
3.033280,-0.714091672134,0.21494314358,1.11564393529,1.74766053823,-2.10299656862,-0.195847252392,-3.06804063784
3.043265,-0.720391732131,0.214876258841,1.11475175831,1.75249452856,-2.10486894852,-0.195346220368,-3.06816019657
3.053250,-0.726599891027,0.214682784008,1.11400306209,1.75748044275,-2.10659863838,-0.194871394866,-3.06828324073
3.063236,-0.732732209643,0.214514079502,1.11358541455,1.76248352115,-2.10820089965,-0.194615626522,-3.06822722863
3.073221,-0.738954775125,0.214387357872,1.11317246229,1.76726615963,-2.10944457798,-0.194598844823,-3.06812710307
3.083206,-0.744884835575,0.214098075713,1.11248266052,1.77207552956,-2.11063518238,-0.194899562274,-3.06823031978
3.093191,-0.750657444739,0.213751050954,1.11165889849,1.77690635166,-2.11208286025,-0.195243601014,-3.06833264792
3.103177,-0.756704752595,0.213521257647,1.1108184636,1.78149310165,-2.11367096591,-0.195405488444,-3.06833490626
3.113162,-0.762936693428,0.213401141672,1.11004531193,1.78587635352,-2.11529266083,-0.195405553679,-3.06828863052
3.123147,-0.769152181216,0.21344378263,1.10945679426,1.79034007254,-2.11684988446,-0.195393958756,-3.06825950206
3.133132,-0.775343421928,0.213548769692,1.10894108943,1.79500716093,-2.11834548418,-0.195513635722,-3.06832970723
3.143117,-0.781476445497,0.21345005672,1.10831031908,1.79971386511,-2.11987907264,-0.195622199658,-3.06846223684
3.153103,-0.787350849008,0.213041404667,1.10761214643,1.80424181165,-2.12143035645,-0.195408370292,-3.06851550678
3.163088,-0.792901966095,0.212522320295,1.10699868629,1.80856110733,-2.1228595104,-0.194906950358,-3.06850175649
3.173073,-0.798400290112,0.212146922993,1.10643684079,1.81282695681,-2.12428753655,-0.194488874479,-3.06857785888
3.183058,-0.803986216247,0.211953445307,1.10593592723,1.8171917046,-2.12584746785,-0.19425597383,-3.06875263388
3.193044,-0.809641133285,0.211595894078,1.10557268068,1.82151933419,-2.12741238938,-0.194023920595,-3.06885075894
3.203029,-0.815406654219,0.211144287698,1.10522605545,1.82564381508,-2.12898851435,-0.193806360131,-3.06881185764
3.213014,-0.821088840177,0.210969233904,1.1047764536,1.82983670992,-2.1307714917,-0.193790744906,-3.06875930534
3.222999,-0.826886962874,0.210818099795,1.10435622038,1.83399545902,-2.13260311887,-0.193873870371,-3.06873667013
3.232985,-0.833046819528,0.210567664403,1.10395930046,1.83807161887,-2.1343590384,-0.193880900595,-3.06885060706
3.242970,-0.839112892457,0.210309799676,1.10360988482,1.84222747975,-2.13607749676,-0.193772953882,-3.06889070102
3.252955,-0.844596323886,0.209950702156,1.10330223517,1.84629835188,-2.13775157683,-0.193640347108,-3.06877878603
3.262940,-0.849640670065,0.209370398158,1.10300487903,1.850065906,-2.13938493816,-0.193539657151,-3.06871386326
3.272926,-0.854644199125,0.208813443578,1.10270842009,1.85362830461,-2.14097810998,-0.193428848631,-3.06875782175
3.282911,-0.85981022304,0.208589861378,1.10245245077,1.85727034211,-2.14250344385,-0.193270326213,-3.06884095081
3.292896,-0.865171018154,0.208564234852,1.1023463592,1.86110082088,-2.14397513002,-0.193108562695,-3.06898545245
3.302881,-0.870624963031,0.208421068275,1.10245954112,1.86499514618,-2.14549576542,-0.192992997816,-3.06911469506
3.312867,-0.875913829161,0.208187268015,1.10250549607,1.86883582655,-2.14713886084,-0.192891180035,-3.06911168425
3.322852,-0.881230855971,0.207802866243,1.10224207256,1.87264955959,-2.14879142947,-0.192628184007,-3.06915992319
3.332837,-0.886900015707,0.207192274689,1.10201675126,1.87646364936,-2.15028706553,-0.192204564561,-3.0691758776
3.342822,-0.892468703623,0.206640497629,1.10196903878,1.88028050317,-2.15177745644,-0.191763722627,-3.06899150799
3.352808,-0.897752859052,0.20620174256,1.10188264979,1.88414593618,-2.15330553346,-0.191309856551,-3.06890003391
3.362793,-0.902924814324,0.205846384079,1.10186457401,1.88813830401,-2.15474258217,-0.190951467083,-3.06900035447
3.372778,-0.908078139253,0.20553901555,1.10191637858,1.89221350608,-2.15598690988,-0.190593348092,-3.06915044809
3.382763,-0.913194818752,0.205133692594,1.10198048134,1.89619715227,-2.15698803925,-0.189956915562,-3.06923931999
3.392749,-0.918175215383,0.204629632511,1.10207734623,1.89996143064,-2.1578013539,-0.188986595608,-3.06927694111
3.402734,-0.923007574502,0.204183889549,1.10216717045,1.90347780842,-2.15853106513,-0.18795244149,-3.06927587535
3.412719,-0.927875972026,0.203806675277,1.10218297685,1.90689691867,-2.15920302945,-0.187089622173,-3.06920793368
3.422704,-0.93297165061,0.203353462134,1.10220561361,1.91055792767,-2.15971644524,-0.186305189063,-3.0691062687
3.432690,-0.938255322582,0.202807412652,1.10236630551,1.91462447977,-2.15997917022,-0.185391162792,-3.06911384404
3.442675,-0.943574817427,0.202263229498,1.10254968115,1.91870383124,-2.16008508589,-0.184390906809,-3.06931592951
3.452660,-0.948836355616,0.201851867308,1.10263505258,1.92256934332,-2.16017607347,-0.183354789451,-3.06955018481
3.462645,-0.953962083275,0.201470453103,1.10265885225,1.92640489123,-2.16025466727,-0.18226503812,-3.0696342133
3.472630,-0.958811609385,0.200751247917,1.10267280319,1.93006259002,-2.16044905653,-0.181406151195,-3.06955458069
3.482616,-0.963219447502,0.199927933524,1.10285230459,1.93352540716,-2.16062206826,-0.18074009581,-3.06934091967
3.492601,-0.967304583162,0.199084887157,1.10287004259,1.93681891956,-2.1606149354,-0.180017071347,-3.06931836116
3.502586,-0.971456047373,0.198407431206,1.10268788129,1.94006325792,-2.16057799432,-0.179298833407,-3.06953927609
3.512571,-0.97583360505,0.197726409062,1.10260205058,1.94358961771,-2.16052921968,-0.178834940706,-3.06963861779
3.522557,-0.980235983597,0.196757029362,1.10260140101,1.94749195398,-2.1604457415,-0.178537796704,-3.06953860414
3.532542,-0.984505021962,0.195794912441,1.10264875571,1.95137488697,-2.1603787797,-0.178128938474,-3.06946054172
3.542527,-0.988748511162,0.194923843076,1.10270310662,1.95492540958,-2.1603799108,-0.177621950631,-3.06951793762
3.552512,-0.993129074582,0.193691354175,1.10262595714,1.95830550541,-2.16044391353,-0.177200765263,-3.06961228068
3.562498,-0.997598053273,0.192028484283,1.10242936698,1.96185118394,-2.1604899713,-0.176850962552,-3.06965599845
3.572483,-1.00198030727,0.190578827228,1.1023915514,1.96562295335,-2.16039265188,-0.176527182404,-3.06967616311
3.582468,-1.00624859366,0.189487709436,1.10246848601,1.9693463219,-2.16021730671,-0.176405262911,-3.06969028114
3.592453,-1.01044225431,0.18846713669,1.1025265297,1.9726051156,-2.16020361107,-0.17641546157,-3.06965451073
3.602439,-1.0144966945,0.187462042674,1.10255667842,1.97576641703,-2.16029915434,-0.17625507993,-3.06952804523
3.612424,-1.01846521063,0.186396257646,1.10252179568,1.97932462863,-2.16028310339,-0.175935423426,-3.069415374
3.622409,-1.02231547167,0.185297981131,1.10264584442,1.98318419946,-2.16019132525,-0.175625821261,-3.06934906664
3.632394,-1.02594702182,0.183998225911,1.10292328904,1.98707497881,-2.1601026584,-0.175277441625,-3.0692727572
3.642380,-1.02957329984,0.182329221188,1.10321983769,1.99065269452,-2.15993544453,-0.174765594154,-3.06931272991
3.652365,-1.03329186678,0.180530205587,1.10341633583,1.99403653439,-2.15965134593,-0.174321570641,-3.06951367974
3.662350,-1.03715954381,0.178830287718,1.10348643819,1.99741079153,-2.15927572894,-0.174162339055,-3.06970437926
3.672335,-1.04103698248,0.1772703968,1.10348420082,2.00077792696,-2.15888847261,-0.174181749473,-3.06979805465
3.682321,-1.04455901697,0.175730926394,1.10344547972,2.0040372418,-2.15865248569,-0.174224007799,-3.06992204303
3.692306,-1.04770358099,0.174048611328,1.10334608657,2.00713796758,-2.15864890276,-0.174339642825,-3.07007215052
3.702291,-1.05098888827,0.172226144114,1.10319742981,2.0101850108,-2.15872977509,-0.174630255941,-3.06995593248
3.712276,-1.05453250573,0.17049675758,1.10312834963,2.013387037,-2.15875580483,-0.175018252902,-3.06957308337
3.722262,-1.05793710005,0.168860886786,1.10321478422,2.0166465665,-2.15875898717,-0.175194478511,-3.06949378645
3.732247,-1.06132392463,0.167071862161,1.1032337839,2.01994093426,-2.15880401328,-0.175069714165,-3.0698801749
3.742232,-1.06470294354,0.165341901327,1.10310162843,2.02340955415,-2.15880633863,-0.174999035304,-3.07004421019
3.752217,-1.06747786565,0.164000729354,1.10318865625,2.02679065727,-2.1585677649,-0.174956794902,-3.06991444252
3.762203,-1.07016352424,0.162712265901,1.10335107289,2.03018525268,-2.15833856275,-0.174784490673,-3.06988929843
3.772188,-1.07312531385,0.161285084532,1.10342377169,2.03362659651,-2.15824015251,-0.174456463913,-3.06997760679
3.782173,-1.07611028759,0.159695935312,1.1035706704,2.0369577596,-2.15807535214,-0.174056620543,-3.07001682041
3.792158,-1.07904026174,0.157996195549,1.10376831238,2.0402287563,-2.15791774054,-0.17380448186,-3.06996720662
3.802144,-1.081844164,0.156297759811,1.10394727999,2.04347147291,-2.15792007627,-0.173793287018,-3.06991854403
3.812129,-1.08448732241,0.154625345578,1.10404648218,2.04668229877,-2.15804126879,-0.173958891921,-3.06993726675
3.822114,-1.08712251631,0.152893082849,1.10399531683,2.04998693394,-2.1581195973,-0.174224895803,-3.07000165625
3.832099,-1.08982209137,0.151074309391,1.103883698,2.05339695942,-2.1580964161,-0.174546487223,-3.07003558307
3.842084,-1.09234036793,0.149313770695,1.10403432773,2.05650651894,-2.15805704088,-0.174853422696,-3.07001506592
3.852070,-1.0946706303,0.147766501921,1.10456051172,2.05913578111,-2.15805052841,-0.1751016335,-3.07009609065
3.862055,-1.09700681307,0.146265448341,1.10516860732,2.06184610639,-2.15789678174,-0.175275426422,-3.07025676351
3.872040,-1.09915690889,0.1446242508,1.10543530332,2.06507808713,-2.157704515,-0.175157930438,-3.07024393306
3.882025,-1.10148540554,0.142900759728,1.10558589312,2.06833752623,-2.15772831214,-0.174926580628,-3.07017639808
3.892011,-1.1039576355,0.141226679147,1.10589819423,2.07129987906,-2.15772513881,-0.174838158864,-3.0700161906
3.901996,-1.10612446202,0.139558376569,1.10626239125,2.07397795817,-2.15771454321,-0.174680891087,-3.06991303786
3.911981,-1.10818288581,0.137877493567,1.10686392028,2.07653502071,-2.1578645566,-0.174209248894,-3.07010054691
3.921966,-1.11045874979,0.136303983681,1.10775418365,2.07932763775,-2.1580211179,-0.173596121782,-3.07025916385
3.931952,-1.11289384525,0.134828640804,1.10881389532,2.08252782925,-2.15801136349,-0.17313360332,-3.07012585375
3.941937,-1.11518655548,0.133382726178,1.10990504829,2.08581467422,-2.15788920042,-0.172971949809,-3.06990290152
3.951922,-1.11713731648,0.131936919262,1.11089005925,2.08870606476,-2.15783310535,-0.173103382824,-3.06990479412
3.961907,-1.11877974772,0.130476532476,1.11177382566,2.0911120709,-2.15791919536,-0.173402480907,-3.0701615321
3.971893,-1.12034190964,0.128961665141,1.1127571873,2.09342244541,-2.15799349456,-0.17369355516,-3.07042831792
3.981878,-1.12218371216,0.127375197575,1.11390653356,2.09604385573,-2.15778938553,-0.173905165077,-3.07042682088
3.991863,-1.12451725014,0.125803263794,1.11516967345,2.09892716133,-2.15736675575,-0.174079915169,-3.0702450825
4.001848,-1.12693050407,0.124327030968,1.11670774113,2.10148512863,-2.15697219202,-0.174215232741,-3.07014177188
4.011834,-1.12887577134,0.122970192417,1.11846041163,2.10388510681,-2.1566127015,-0.174208450674,-3.07001320332
4.021819,-1.1304691517,0.121756928035,1.12028150052,2.10650336884,-2.15612931957,-0.174115749663,-3.06988719134
4.031804,-1.1321251457,0.120537905034,1.12223520193,2.10910496864,-2.1553841121,-0.17410571326,-3.06977486968
4.041789,-1.13378191011,0.119280091477,1.12430910722,2.11159068955,-2.15450528615,-0.174187499201,-3.06957261126
4.051775,-1.13520521787,0.118052253015,1.1264706856,2.11408019813,-2.15351959296,-0.174243729443,-3.06944840536
4.061760,-1.13632484219,0.116920434116,1.12879465973,2.11670871849,-2.15225283114,-0.174257710833,-3.06952925021
4.071745,-1.13742987827,0.115872773849,1.13143784442,2.11943581181,-2.15057710449,-0.174281482494,-3.06958891906
4.081730,-1.13883672476,0.114854085319,1.13438011645,2.12209256715,-2.1484828232,-0.174350627233,-3.0693946416
4.091716,-1.1404189093,0.113976202193,1.13737826056,2.12457418215,-2.14623555141,-0.174427348452,-3.06903198041
4.101701,-1.14173407284,0.113363985148,1.14027327854,2.12695832317,-2.14434600612,-0.174454983538,-3.06867743961
4.111686,-1.14260669502,0.112802427979,1.143236528,2.12942357718,-2.14308008846,-0.174452556402,-3.06820449553
4.121671,-1.14321700844,0.112111859287,1.14653038882,2.1320375981,-2.14209404393,-0.174449613727,-3.06734760686
4.131657,-1.14378281603,0.111489778216,1.15012801788,2.13462374445,-2.1409033883,-0.174399401485,-3.06625565856
4.141642,-1.14460746602,0.110873444101,1.15412742905,2.13687615529,-2.13954115329,-0.174306317336,-3.0651651509
4.151627,-1.14538053042,0.110211937438,1.15815090436,2.13889712942,-2.13829097839,-0.174257814808,-3.06382020194
4.161612,-1.14601578257,0.10988260193,1.16168912923,2.14124302999,-2.13708557951,-0.174225244843,-3.06245088676
4.171597,-1.14679022937,0.109702587779,1.16509567507,2.1435939479,-2.13565964255,-0.174129791784,-3.06154003853
4.181583,-1.14728690129,0.109406563333,1.168659234,2.14574293742,-2.13386395712,-0.174109504776,-3.06111233716
4.191568,-1.14735546369,0.109198714957,1.17248393652,2.1478799084,-2.13179629676,-0.174229622811,-3.06106226089
4.201553,-1.14724883723,0.109238320786,1.17655551674,2.15002475609,-2.12949148565,-0.174446679324,-3.06116270885
4.211538,-1.14715038188,0.109340262949,1.18071554117,2.15206172322,-2.126867157,-0.174585026316,-3.06121440245
4.221524,-1.14710238843,0.10930100232,1.1848196757,2.15403631889,-2.12392683334,-0.174544966013,-3.06125550778
4.231509,-1.14692104967,0.109143824668,1.18879397729,2.15594807688,-2.12085552276,-0.174375921619,-3.06138340622
4.241494,-1.14632071637,0.108986394114,1.19264282159,2.15759757884,-2.11777746286,-0.174137738426,-3.06148798234
4.251479,-1.14554279563,0.108922765122,1.19656332391,2.15908789982,-2.11455216825,-0.173894336373,-3.06141242233
4.261465,-1.14513190173,0.109027634093,1.20068374933,2.16079096926,-2.1111680568,-0.17381804985,-3.06115048688
4.271450,-1.14497484435,0.109165399922,1.20475009131,2.16254700007,-2.10767780357,-0.17397899118,-3.06092622222
4.281435,-1.14440250839,0.10916382487,1.2086496554,2.16429405426,-2.10391302637,-0.174022785328,-3.0609992301
4.291420,-1.1432387105,0.108993822973,1.21263474271,2.1661872198,-2.09991598948,-0.173886577185,-3.06115106975
4.301406,-1.14193446772,0.108793096244,1.21657723855,2.16827153108,-2.09598917829,-0.173816790673,-3.0612146035
4.311391,-1.14080875457,0.108824453286,1.22042384117,2.17054958822,-2.09221068681,-0.174018722884,-3.06123394005
4.321376,-1.13972992226,0.109056622798,1.22429266238,2.17271607629,-2.08841212317,-0.174349186528,-3.06127300569
4.331361,-1.13840300932,0.109273410932,1.22820408625,2.17445431056,-2.0846211715,-0.17444057878,-3.06133631186
4.341347,-1.13699254361,0.109376814111,1.23213141476,2.17582624785,-2.08093378273,-0.174256922082,-3.06134470718
4.351332,-1.13581690482,0.109433726455,1.23604147149,2.17709370198,-2.07734635962,-0.174002529376,-3.06130289233
4.361317,-1.13477658532,0.109541190868,1.23982934196,2.17835425288,-2.07383883726,-0.173812910196,-3.06127183668
4.371302,-1.13340912974,0.109637331465,1.24334600443,2.17958430823,-2.07041262836,-0.173727715404,-3.0612539274
4.381288,-1.1315783237,0.109551808557,1.2466337362,2.18086230345,-2.06703074319,-0.173816868406,-3.06128480272
4.391273,-1.12980446878,0.109369531748,1.25003156971,2.18214485321,-2.06375399058,-0.174109827278,-3.06148368593
4.401258,-1.1282112944,0.109243779749,1.2536254146,2.18310624003,-2.06071496696,-0.174463758608,-3.06158264875
4.411243,-1.1262520059,0.109188099313,1.25712629605,2.18369370057,-2.05788055295,-0.174747855366,-3.06143507707
4.421229,-1.12381836686,0.109201455499,1.2605379446,2.18460681849,-2.05503642655,-0.174759266997,-3.06142606542
4.431214,-1.12131116091,0.109257097002,1.26364240142,2.1858619164,-2.05245573468,-0.174571194812,-3.06159509747
4.441199,-1.11894418955,0.109444457244,1.26649698092,2.18712065854,-2.05009602041,-0.174433030773,-3.06155429727
4.451184,-1.11670785797,0.109555426547,1.26937507004,2.18806485169,-2.0476837562,-0.174304919402,-3.06135502078
4.461170,-1.11431207847,0.109579921066,1.27226745897,2.18873882599,-2.0454070876,-0.174132878848,-3.06127648962
4.471155,-1.11166069776,0.109556530812,1.27519021902,2.18946761504,-2.04337283332,-0.17393252874,-3.06144815059
4.481140,-1.10896908093,0.109505125872,1.27825919138,2.19013059644,-2.04141795558,-0.173720485983,-3.06172170553
4.491125,-1.10631383335,0.109491265111,1.28137900469,2.19045376638,-2.03950302462,-0.173606346763,-3.06183404132
4.501110,-1.10347972661,0.109516482014,1.28433656203,2.19066363502,-2.03771830572,-0.173621810794,-3.06171113952
4.511096,-1.10032723399,0.109453659856,1.28718434419,2.19114918184,-2.03596439184,-0.173600023963,-3.06155810072
4.521081,-1.09698225544,0.109306719928,1.29013903988,2.19167406263,-2.03408879678,-0.17351318097,-3.06153469699
4.531066,-1.09349625821,0.109274231937,1.29315639424,2.19194722297,-2.03221819494,-0.173520895611,-3.06145723397
4.541051,-1.08976376124,0.109148219649,1.29612794143,2.19195527627,-2.03046206574,-0.17361283772,-3.06139382704
4.551037,-1.08597857594,0.108962900135,1.29894384217,2.19181769717,-2.0286368729,-0.173554066962,-3.06160404638
4.561022,-1.08220459302,0.109204153578,1.30161698774,2.19149059716,-2.02683841377,-0.17325736516,-3.06180248693
4.571007,-1.0785394119,0.109670810161,1.30466527993,2.19113209519,-2.02516226909,-0.173191446091,-3.06190082806
4.580992,-1.07488049382,0.109884603317,1.30818925506,2.19091556907,-2.02346358181,-0.173465530906,-3.06200384884
4.590978,-1.07113862438,0.109865023695,1.31150526543,2.19072333083,-2.02173470376,-0.173754746112,-3.06199907278
4.600963,-1.06725951948,0.109877641325,1.31436866158,2.19042738932,-2.0198051476,-0.173939506708,-3.06179022992
4.610948,-1.06328701443,0.109948356973,1.31723669757,2.18991444186,-2.01765155443,-0.17398907656,-3.06162394308
4.620933,-1.05921586426,0.110067998625,1.32037384161,2.18923301386,-2.01542335396,-0.173877905992,-3.06169927024
4.630919,-1.05498883756,0.110253696893,1.3235104541,2.1885727683,-2.01317588966,-0.173702479375,-3.06186954594
4.640904,-1.05057175051,0.110383621852,1.32635195618,2.18797951731,-2.01083690587,-0.173553541739,-3.06194471254
4.650889,-1.04598894644,0.110328889008,1.32909610825,2.18731560096,-2.00842430032,-0.173311019022,-3.06200266379
4.660874,-1.04134049184,0.110278663581,1.33215691102,2.18663015917,-2.00599728957,-0.172938506002,-3.06208437541
4.670860,-1.03656579355,0.11043356128,1.33504274597,2.18590040582,-2.00337622901,-0.172680145972,-3.06201839677
4.680845,-1.03175207157,0.110490237941,1.33785365489,2.18511546498,-2.00033566629,-0.172539639024,-3.06172023053
4.690830,-1.02713406551,0.110379941653,1.34116759153,2.18431687093,-1.9971118502,-0.172555860425,-3.0616166828
4.700815,-1.02243808828,0.11033127103,1.34461140824,2.18337982002,-1.99390969578,-0.172749491839,-3.06169390174
4.710801,-1.01753176904,0.110323187805,1.34816356637,2.18234926624,-1.99069234441,-0.17280366515,-3.06165733025
4.720786,-1.01253085944,0.110321547829,1.35178143485,2.18135789011,-1.98745873902,-0.172675418291,-3.06164218828
4.730771,-1.00761689887,0.110342983959,1.3550638672,2.18043189043,-1.98411563535,-0.172646496693,-3.06173781251
4.740756,-1.00273219172,0.110414944537,1.35807625656,2.1793418622,-1.98062593272,-0.172759014461,-3.06186876577
4.750742,-0.997592088046,0.110470341261,1.36125586008,2.17799048026,-1.97693714925,-0.172886950949,-3.06190141093
4.760727,-0.992141851445,0.110430160583,1.36472782675,2.17645102132,-1.97299694882,-0.173049522248,-3.06188242954
4.770712,-0.986726734084,0.110343639138,1.36830172374,2.17484167204,-1.96888862752,-0.173261917063,-3.06198590284
4.780697,-0.981503259801,0.110339968172,1.37183078215,2.1732259004,-1.96477085939,-0.173352191998,-3.0622300498
4.790683,-0.976074655367,0.110485268937,1.3752645932,2.17140041128,-1.96057961435,-0.173236160933,-3.06246108973
4.800668,-0.970463184661,0.110801135308,1.37886382412,2.16888593322,-1.9560967204,-0.173009176835,-3.06267679525
4.810653,-0.964903639653,0.111012883603,1.3826911566,2.16603240188,-1.95175917209,-0.172736981974,-3.06289045446
4.820638,-0.95935827088,0.110965419166,1.38621805114,2.1639367366,-1.94752013724,-0.172529492679,-3.06286209777
4.830623,-0.953967715234,0.110996339941,1.38948340274,2.16190548312,-1.94316967358,-0.172553230826,-3.06273834828
4.840609,-0.948632710328,0.110920297719,1.39283903965,2.15911960843,-1.93900550353,-0.17272386679,-3.06278933999
4.850594,-0.94305120629,0.110777087326,1.39641643572,2.15610740836,-1.93465998294,-0.172830628117,-3.06284322256
4.860579,-0.936939194988,0.110678996355,1.40033611151,2.15338081773,-1.93001680178,-0.172826097522,-3.06283766764
4.870564,-0.930694432164,0.110626810474,1.40429898965,2.15064761626,-1.92526095188,-0.173013180472,-3.0627471031
4.880550,-0.924578890609,0.110745100406,1.40803281107,2.14754588722,-1.92059922297,-0.173318325819,-3.0626085237
4.890535,-0.918446564966,0.111070926118,1.41174028759,2.14417002134,-1.91599952122,-0.173606817347,-3.06254482081
4.900520,-0.912268475859,0.111357681878,1.41566644577,2.14072959367,-1.91133830966,-0.17384095954,-3.06265598292
4.910505,-0.906150510408,0.111369724782,1.41960472126,2.13714824382,-1.90668058442,-0.173917254733,-3.0629052646
4.920491,-0.899891747084,0.111198591707,1.42321759891,2.13332745235,-1.90220757463,-0.17373614443,-3.06318765543
4.930476,-0.893323589947,0.111059110797,1.42665770984,2.12943409496,-1.89789924612,-0.17338748482,-3.06349638836
4.940461,-0.886768419681,0.111189824318,1.4303466585,2.125181125,-1.89366342954,-0.173006936477,-3.06384361722
4.950446,-0.880168993066,0.111346236938,1.4340125325,2.12059314402,-1.8895469407,-0.172926871461,-3.06408447924
4.960432,-0.873056479841,0.111166287258,1.43723788405,2.11598666617,-1.88564286373,-0.17319739551,-3.06423629865
4.970417,-0.865757599991,0.11106945723,1.44043559845,2.11128369661,-1.88196560469,-0.173467061075,-3.06390568351
4.980402,-0.858627005985,0.111029478929,1.44385745795,2.10637546678,-1.87840326783,-0.17343042605,-3.06356971113
4.990387,-0.851544225721,0.110943589652,1.44738156514,2.10133680147,-1.87498118451,-0.173124918708,-3.0636801384
5.000373,-0.844463188683,0.110892005574,1.45084395368,2.09604391626,-1.87200626997,-0.17295094254,-3.06385795887
5.010358,-0.837302768731,0.110948736733,1.454048461,2.09070673285,-1.86930697164,-0.173046912265,-3.06392908068
5.020343,-0.830090631995,0.111038998846,1.45709242902,2.0854406883,-1.86656348513,-0.173199776425,-3.06401710727
5.030328,-0.822927837748,0.11112329651,1.46026217475,2.07978882712,-1.86388888741,-0.173262821968,-3.06415142048
5.040314,-0.815719373947,0.111194561783,1.46349964267,2.07347096683,-1.86148729357,-0.173314925751,-3.0642014657
5.050299,-0.808300913731,0.111188263166,1.46642386156,2.0667646234,-1.85928518204,-0.173432288234,-3.06412260909
5.060284,-0.800802403528,0.11113945194,1.46900169993,2.05978665944,-1.85731419179,-0.173606320424,-3.06408159643
5.070269,-0.793256988124,0.111227175353,1.47162135441,2.0527508856,-1.8556774233,-0.173922066908,-3.06427441359
5.080255,-0.785506071466,0.111343876895,1.47479799325,2.04566275403,-1.85413419343,-0.174147121689,-3.06440550999
5.090240,-0.777890948628,0.111287947393,1.47814256918,2.03844942507,-1.85279379919,-0.174066843844,-3.06422725609
5.100225,-0.770662511784,0.111228095883,1.48099402377,2.03138062758,-1.8518128834,-0.173976801553,-3.06409876274
5.110210,-0.763039198444,0.111282436101,1.48379349938,2.0242141687,-1.85073616501,-0.173750813027,-3.06437975039
5.120196,-0.755192635104,0.111423133474,1.48658257669,2.01701771433,-1.84979016677,-0.173539314128,-3.0646703824
5.130181,-0.747539552601,0.111423482955,1.48927450567,2.00968656083,-1.84896620786,-0.17343104812,-3.06457220623
5.140166,-0.740035877778,0.111213834555,1.49176156384,2.00219107233,-1.84803566242,-0.173339319889,-3.06434964097
5.150151,-0.732410896619,0.111235067235,1.49420451646,1.99438862223,-1.84682368392,-0.173293938815,-3.06436523753
5.160136,-0.72472008402,0.111379069853,1.49676342745,1.98628972377,-1.84554576668,-0.173370218532,-3.06450537771
5.170122,-0.717029002706,0.111257615669,1.49932005574,1.97808560216,-1.84443433358,-0.173398877692,-3.06453971137
5.180107,-0.709288186864,0.111044490193,1.50166233105,1.97003009003,-1.84344082535,-0.173196502412,-3.06443001423
5.190092,-0.701607166871,0.111071811076,1.50383963976,1.96221912489,-1.84241002457,-0.17297590084,-3.06423659409
5.200077,-0.693981025038,0.111031224918,1.50606108918,1.95432484625,-1.84116301683,-0.173010296412,-3.06422933516
5.210063,-0.686191767532,0.110938654662,1.50823067757,1.94613714402,-1.83959527471,-0.173122424438,-3.06468511918
5.220048,-0.678242917556,0.111101689729,1.5104259129,1.93782472568,-1.83813274151,-0.173346785598,-3.06517866754
5.230033,-0.670431266275,0.111154826287,1.51248430881,1.92926476585,-1.83690998842,-0.17351459073,-3.06516986254
5.240018,-0.662659394908,0.110955022139,1.51455885886,1.92055630221,-1.83593359426,-0.173391250505,-3.06492687021
5.250004,-0.654957776035,0.110831462507,1.51671777346,1.91185206214,-1.8350198719,-0.17338754873,-3.0648466012
5.259989,-0.64743272775,0.110817776347,1.51868083204,1.90311147631,-1.83398684194,-0.173507682592,-3.06502581102
5.269974,-0.639794661887,0.110792291725,1.52048640231,1.89424073598,-1.83305505992,-0.173467331802,-3.06526501048
5.279959,-0.63202528556,0.110689885663,1.5223121067,1.88538102558,-1.83246812673,-0.173235383114,-3.06544840755
5.289945,-0.624358975834,0.110475542448,1.524179478,1.87656746379,-1.83198751276,-0.172922715145,-3.06556600181
5.299930,-0.616907811193,0.110294281259,1.52615780165,1.86768047547,-1.83135794784,-0.172705294092,-3.06566683167
5.309915,-0.609598399117,0.11027907126,1.52826463634,1.85858125982,-1.83076380628,-0.172646619072,-3.0658058898
5.319900,-0.602244966349,0.110302748995,1.53027100285,1.84935106556,-1.8304292448,-0.17265390148,-3.06593402775
5.329886,-0.594600542637,0.110165070285,1.53204113228,1.84032443115,-1.83015575104,-0.172695672173,-3.06591223067
5.339871,-0.586694524569,0.10987393177,1.53385084545,1.83148161935,-1.82985373861,-0.172786379798,-3.06576214021
5.349856,-0.578871998627,0.109656212914,1.53568988977,1.82227429502,-1.82961154761,-0.172813243763,-3.06553304371
5.359841,-0.571271966066,0.10949227486,1.53755249562,1.81268710401,-1.82925911102,-0.17269770341,-3.06558994626
5.369827,-0.563813170561,0.109466133155,1.53943585986,1.80345304769,-1.82901841084,-0.17267279476,-3.06582882295
5.379812,-0.556428362283,0.109487022993,1.54104994052,1.79451113874,-1.82895232176,-0.17273884423,-3.0658186141
5.389797,-0.549133654789,0.109273150088,1.54272191986,1.78521237769,-1.82877353163,-0.172720233921,-3.0656045117
5.399782,-0.541845840786,0.108996662585,1.54463649092,1.77584612708,-1.82855262698,-0.172688033985,-3.06554635389
5.409768,-0.534631300238,0.108952486901,1.54657746884,1.76666529104,-1.82831769347,-0.172799901208,-3.06559294843
5.419753,-0.527416890554,0.108947524095,1.54830885477,1.75745361345,-1.82810434907,-0.172757499317,-3.06562677601
5.429738,-0.52022949105,0.108975480427,1.54994611864,1.74795866481,-1.82796019427,-0.172366440871,-3.06568038269
5.439723,-0.513148183376,0.109136141821,1.5517212568,1.73841151158,-1.82770081975,-0.171874930835,-3.06570325052
5.449709,-0.506107363118,0.109267756109,1.55347535343,1.72919106939,-1.82712751728,-0.171680423659,-3.0656235102
5.459694,-0.498931103038,0.109130015691,1.55484670918,1.72008776651,-1.82633111778,-0.171878419433,-3.06564270471
5.469679,-0.491542500599,0.108779858676,1.55602464602,1.71058326972,-1.82537578676,-0.172155119892,-3.06599484755
5.479664,-0.484167739401,0.108645821143,1.55736687531,1.70108644011,-1.82426384231,-0.172168739594,-3.06642270761
5.489649,-0.477136799827,0.108620501752,1.55862860509,1.69194987655,-1.82309322411,-0.171864793134,-3.06646982781
5.499635,-0.470505882105,0.108541727768,1.55994594624,1.68281603391,-1.82174693199,-0.171197836178,-3.0664523581
5.509620,-0.463637255099,0.108592125614,1.56166850599,1.67377676667,-1.82058394049,-0.170268481855,-3.06668102122
5.519605,-0.456565903135,0.108680023801,1.56321782255,1.66487251416,-1.81936152888,-0.169338014535,-3.06690128031
5.529590,-0.449657808184,0.108354419906,1.56454265679,1.65558985045,-1.81789124049,-0.168575864131,-3.06702205278
5.539576,-0.442805828249,0.107853703096,1.5657697318,1.64601783452,-1.81606984194,-0.167630507522,-3.06720949121
5.549561,-0.43607374534,0.10762897895,1.56698915977,1.63646654686,-1.8141639422,-0.16642276486,-3.0674126415
5.559546,-0.429494636726,0.107619246533,1.56821794024,1.62699880969,-1.81235001797,-0.165063922605,-3.06743028066
5.569531,-0.422878967241,0.107497378135,1.56946332521,1.6174186572,-1.81059112932,-0.163535008781,-3.06743755597
5.579517,-0.416142222131,0.107145016875,1.57059447322,1.60764571348,-1.80888011532,-0.161899852521,-3.06770755747
5.589502,-0.409530657912,0.10669465103,1.57148690488,1.5979667621,-1.80723244811,-0.160274632673,-3.06807908885
5.599487,-0.403168218947,0.106276249555,1.57235964649,1.58862215876,-1.80546061621,-0.158465064,-3.0682803846
5.609472,-0.396675397526,0.105846791463,1.57340228057,1.57922600805,-1.80339184372,-0.156348507842,-3.06849951976
5.619458,-0.390176694103,0.105162510751,1.57421546236,1.56980300272,-1.80125983342,-0.15403796577,-3.06866258486
5.629443,-0.38392330236,0.104200391274,1.57483101943,1.56048747232,-1.79954671095,-0.151594944834,-3.06845449594
5.639428,-0.377471706522,0.103124858388,1.57518902006,1.55130720325,-1.79797237149,-0.149200413856,-3.06817904676
5.649413,-0.371197259371,0.102134912324,1.57558318972,1.54199637842,-1.79664823868,-0.146868698269,-3.06825255895
5.659399,-0.365180868033,0.100996783783,1.57625323593,1.53266502818,-1.79548496344,-0.144479763637,-3.06846542641
5.669384,-0.359298598547,0.0996782786098,1.57678651288,1.52339909699,-1.79433686348,-0.141834429205,-3.068474542
5.679369,-0.353255718128,0.0983446039992,1.57714283551,1.51412602101,-1.79312793667,-0.138823161988,-3.06848703665
5.689354,-0.346979668872,0.0970660627324,1.57737273887,1.50485935659,-1.79196988082,-0.135618979083,-3.06848993058
5.699340,-0.340512460588,0.0958158735416,1.57745723257,1.49564494527,-1.79081106743,-0.132288683883,-3.06848380273
5.709325,-0.334157799668,0.0946205303246,1.5773763069,1.48649823894,-1.78951967582,-0.128777452914,-3.06846868899
5.719310,-0.328248854004,0.0934981265733,1.57714612201,1.47729282516,-1.78798327573,-0.125084754356,-3.06833929007
5.729295,-0.32266369355,0.0923220744493,1.57684444021,1.46797829402,-1.7861542859,-0.121284821601,-3.06818522394
5.739281,-0.31706182405,0.0909568386534,1.57665993622,1.4589099684,-1.78423978728,-0.11737637092,-3.06833973648
5.749266,-0.311527063283,0.0895295208468,1.57670483803,1.45008990456,-1.78245054729,-0.113098800704,-3.06854020549
5.759251,-0.306003497472,0.0885041509936,1.57683461296,1.44113605166,-1.78077694958,-0.108698668691,-3.06856735404
5.769236,-0.300367137414,0.0875715365902,1.57683263363,1.43235434323,-1.7790378263,-0.10428902563,-3.06843008508
5.779222,-0.294490511072,0.0857923677567,1.57668518368,1.42396306238,-1.77703985322,-0.0997444910218,-3.0681652014
5.789207,-0.28869516505,0.0835184339506,1.57642236063,1.41560955926,-1.77501439929,-0.0950040273479,-3.06805952113
5.799192,-0.283050166254,0.0814056285681,1.57588872554,1.40680364822,-1.77296100953,-0.0897432012767,-3.06822010811
5.809177,-0.277542215692,0.0794646259396,1.57504731323,1.39754009544,-1.77084962566,-0.0840433488394,-3.06833147363
5.819162,-0.272121605609,0.0774575415629,1.57439105432,1.38825662438,-1.76879411014,-0.0775885397849,-3.06811628098
5.829148,-0.266658614077,0.0755866815487,1.57409934629,1.37941543312,-1.76673395386,-0.0702144387895,-3.06766465358
5.839133,-0.261218277281,0.0737951500663,1.57408921517,1.37101232168,-1.76458949985,-0.0623414641479,-3.06724995191
5.849118,-0.255794188759,0.0719186421181,1.5743004008,1.3628151938,-1.76248804507,-0.0544790810695,-3.06694901743
5.859103,-0.250341450482,0.0702313757237,1.57454943765,1.35474499046,-1.76057861326,-0.0467744453499,-3.06663810274
5.869089,-0.245054380263,0.0689650526372,1.5745795605,1.34679395199,-1.75867085805,-0.0391514432983,-3.06631202896
5.879074,-0.239818974103,0.067708831493,1.5745812101,1.33888566369,-1.75643331857,-0.0313833258986,-3.06609345267
5.889059,-0.234602339565,0.0662690571231,1.57456586776,1.33093232482,-1.75426741675,-0.0232158122267,-3.06588325818
5.899044,-0.229803743354,0.0645151871982,1.57474280458,1.32337183193,-1.7524936372,-0.0145555607489,-3.06561372934
5.909030,-0.225280471507,0.062918479801,1.57461889086,1.31617429348,-1.750760075,-0.00549275056558,-3.06538744491
5.919015,-0.220414101187,0.0616940884069,1.5744977801,1.30936049555,-1.74873974532,0.00370139943538,-3.06543395784
5.929000,-0.215358728208,0.0603207038884,1.57475769759,1.30236910085,-1.74655339353,0.0124779514824,-3.06547698025
5.938985,-0.210626435001,0.058486269091,1.57498978087,1.29516015186,-1.7444657584,0.0207817920937,-3.06539764438
5.948971,-0.206120493194,0.0564983637425,1.5748301411,1.28807513582,-1.74265332403,0.0291165268939,-3.06522094583
5.958956,-0.201507321389,0.0547751161243,1.57437088151,1.28123179149,-1.74097192512,0.0374153067692,-3.06495722736
5.968941,-0.196870258115,0.0530401808131,1.57403988351,1.27474609012,-1.73943642622,0.0455168129704,-3.06455396399
5.978926,-0.192546367003,0.0512033780744,1.57409514267,1.26856683551,-1.73812343733,0.0537194611797,-3.0640584293
5.988912,-0.188534574629,0.0495891165064,1.57437788708,1.26252429669,-1.73696086927,0.0622417160146,-3.06362869987
5.998897,-0.184563603047,0.0482156284496,1.57450510023,1.25663780202,-1.73591118668,0.070664119445,-3.06335349424
6.008882,-0.180623036353,0.0468453944037,1.57430926697,1.25094649347,-1.73509983571,0.0785671745885,-3.06312042175
6.018867,-0.176630228715,0.0454284312784,1.57419182506,1.24521596518,-1.73453439282,0.0862744456697,-3.06266670271
6.028853,-0.172555812252,0.0441186137724,1.57416808464,1.23967019561,-1.73433107495,0.0940908562777,-3.06211745316
6.038838,-0.168446892256,0.0427590162719,1.57414468127,1.23378300051,-1.73377550383,0.101913952846,-3.06143879952
6.048823,-0.16458254501,0.0414452723608,1.57410737905,1.22753948891,-1.73308367583,0.109442409512,-3.06062467662
6.058808,-0.161215143165,0.0401857992232,1.57398019901,1.22198620865,-1.73301942572,0.116725565652,-3.05985552909
6.068794,-0.157948406067,0.0388464395457,1.57380515563,1.21720299245,-1.7331548662,0.123748463594,-3.05934447396
6.078779,-0.15479176377,0.037520618766,1.5738049684,1.21276396594,-1.73312704787,0.130287804732,-3.05905631082
6.088764,-0.151643608596,0.0362746249378,1.57405154549,1.20847287681,-1.73315429894,0.13656380927,-3.05895227271
6.098749,-0.148491875304,0.0351771834564,1.57423776799,1.20443041949,-1.7332502708,0.142506522364,-3.05900344063
6.108735,-0.145410074459,0.0342776017185,1.57416178159,1.20051156235,-1.73336233645,0.148072903131,-3.05915153904
6.118720,-0.142380846612,0.0333708732328,1.57405082905,1.19663972935,-1.73346350282,0.153427545315,-3.05928088918
6.128705,-0.13951720403,0.0321984408667,1.57405351836,1.1930875518,-1.73341541204,0.15862414144,-3.05931563041
6.138690,-0.136972140799,0.0308957179986,1.57393298375,1.18984760097,-1.7332250546,0.163532162751,-3.05928589389
6.148675,-0.134320619835,0.0297892078017,1.57377024651,1.1863178271,-1.7333293707,0.168200628127,-3.05921971716
6.158661,-0.131936617462,0.0290240685558,1.57368238255,1.18291909114,-1.73363396159,0.172791125413,-3.05925456309
6.168646,-0.130281997841,0.0285037242116,1.57367008495,1.18010726699,-1.73329361264,0.176687958813,-3.05935360343
6.178631,-0.128671354799,0.0278082924022,1.57355393518,1.17760582733,-1.73285269648,0.179454184601,-3.0593009091
6.188616,-0.126731232903,0.0267205073428,1.57367765116,1.17499318289,-1.73275473856,0.181684923843,-3.05923273128
6.198602,-0.124693005645,0.02593069832,1.57388906395,1.17245576232,-1.73288352542,0.183402023358,-3.05907907499
6.208587,-0.122826410662,0.0255507378239,1.57385391747,1.17037624461,-1.73324312871,0.184238074638,-3.05936560635
6.218572,-0.121339355958,0.0254025753199,1.57362778871,1.1684486421,-1.73358592613,0.184242987504,-3.05981204652
6.228557,-0.120151914182,0.0251039988481,1.57341530238,1.16650724268,-1.73362404233,0.184121372201,-3.05997414269
6.238543,-0.118941786196,0.0245760786376,1.57334304295,1.16466119813,-1.73356999982,0.184158036229,-3.0597407421
6.248528,-0.117633240817,0.0241067815563,1.57328291397,1.16289132528,-1.73372579808,0.184227107189,-3.05927512726
6.258513,-0.116554161239,0.0236866616402,1.57319869857,1.16124985933,-1.73397922573,0.184256655551,-3.05884292543
6.268498,-0.115817780056,0.02305481112,1.57316220726,1.16003494129,-1.73408338482,0.184282974787,-3.0586655218
6.278484,-0.114998434725,0.0225192364658,1.5729319707,1.15924431591,-1.73413830685,0.184270314958,-3.05875400549
6.288469,-0.114148231658,0.0223587049281,1.57256202051,1.15849253556,-1.73428311629,0.184134241844,-3.05894261237
6.298454,-0.11352312237,0.0222196142883,1.57228934795,1.15765701633,-1.7344934927,0.184264004669,-3.05909736924
6.308439,-0.112629950643,0.0218037641961,1.57185679876,1.1567449669,-1.73467175059,0.184436265351,-3.05916698992
6.318425,-0.111791151615,0.02119956856,1.57130417324,1.15576597774,-1.73477218065,0.184324317462,-3.05906018998
6.328410,-0.111539723882,0.0209047440893,1.57085067481,1.15511743556,-1.73479950754,0.184004178221,-3.05909078178
6.338395,-0.111088110307,0.0208786720165,1.57036272009,1.15481871664,-1.73500363441,0.183688351602,-3.05916624224
6.348380,-0.110348376043,0.02062086706,1.56972346059,1.15461428521,-1.73518283132,0.183362986343,-3.05918062357
6.358366,-0.10984538817,0.0202254290646,1.56891875243,1.15437812167,-1.73525379695,0.18297345039,-3.05925359699
6.368351,-0.109704677329,0.0197793740146,1.56789732669,1.15437478594,-1.73547643267,0.182626660638,-3.05928997375
6.378336,-0.109679767426,0.0192287496276,1.56674683963,1.15463785774,-1.73589377221,0.182239247357,-3.05935114001
6.388321,-0.109550544854,0.0186615158185,1.56566356604,1.15489479351,-1.73636626998,0.181610828974,-3.05958509813
6.398307,-0.109298811897,0.0182708208062,1.56466511493,1.15509115884,-1.73692341611,0.180695730113,-3.05973987157
6.408292,-0.109043728284,0.0180296688595,1.56355054374,1.15540742713,-1.73767085446,0.179574120947,-3.05943317839
6.418277,-0.108906401774,0.0177266314109,1.56229146404,1.15569351166,-1.73856555315,0.178295504124,-3.05905089147
6.428262,-0.10895968945,0.0173595930118,1.56117846798,1.15584408114,-1.73964916021,0.176843585294,-3.05919536846
6.438248,-0.109259734246,0.0169097130795,1.56031242234,1.15606626538,-1.74032923315,0.17523529526,-3.05953529944
6.448233,-0.109790091439,0.0164890695308,1.55923221365,1.15663859844,-1.74043660641,0.17341353708,-3.05932078465
6.458218,-0.110030686766,0.0162368492617,1.55817046762,1.15710261845,-1.74043737081,0.171150939913,-3.05921474477
6.468203,-0.109728328286,0.0157698247014,1.55685433122,1.15705448282,-1.73997617098,0.168516771362,-3.05910191158
6.478188,-0.109315651564,0.0151803921831,1.55545740167,1.15690507393,-1.73939892832,0.166082615582,-3.05912583487
6.488174,-0.109393249937,0.0147166114454,1.55415882118,1.15678521483,-1.7390310935,0.163901773867,-3.05933989291
6.498159,-0.109808959109,0.0142069171968,1.55302730077,1.15683153672,-1.73868380604,0.161722131729,-3.05946505959
6.508144,-0.110170093134,0.0136681030174,1.55180665935,1.1571371592,-1.73852095644,0.159416729775,-3.05938166605
6.518129,-0.11022725103,0.0131356330735,1.55041033674,1.15745626632,-1.7384588532,0.157314122898,-3.05941415408
6.528115,-0.110054302812,0.0124272627249,1.54887493607,1.15745907581,-1.73822116016,0.155656420356,-3.05971200967
6.538100,-0.110089597264,0.0115855513053,1.54715621323,1.15725962171,-1.73787829332,0.154202341927,-3.05994239951
6.548085,-0.110498490761,0.0110429749801,1.54541463475,1.15719159771,-1.737561647,0.152812199369,-3.05988275269
6.558070,-0.110414443984,0.0107114464238,1.54387274634,1.15706486644,-1.73731062358,0.151740927176,-3.05952199256
6.568056,-0.110065008765,0.0103401334797,1.54254842141,1.15715080975,-1.73698610901,0.15087832474,-3.05889932531
6.578041,-0.110228613296,0.0100073757801,1.54115970018,1.15771262005,-1.73620758339,0.149674837372,-3.05888548448
6.588026,-0.110421398971,0.00952662158975,1.53971483826,1.15784500632,-1.73555904877,0.147968123212,-3.05924331884
6.598011,-0.110457117408,0.00899929631708,1.53825034565,1.15753952742,-1.73535583246,0.146469150378,-3.05929355086
6.607997,-0.110437545152,0.00829092772809,1.53654434599,1.15754880278,-1.73524840205,0.145136305459,-3.05922933572
6.617982,-0.110392046003,0.00758646129246,1.53474963368,1.15756391157,-1.73551611999,0.143518791002,-3.0592227222
6.627967,-0.110494630066,0.00695571784441,1.53303844617,1.15756002111,-1.7357691594,0.141653873038,-3.05915012896
6.637952,-0.110437728829,0.00627087309848,1.53132394922,1.15759629368,-1.73579245225,0.139802244339,-3.05912362467
6.647938,-0.110248182103,0.00567341234582,1.5297875242,1.15771022699,-1.73570896575,0.137803643555,-3.05913142122
6.657923,-0.110375174144,0.00515886782242,1.52837502792,1.15791219493,-1.73562969806,0.135496598381,-3.05903112449
6.667908,-0.110818735698,0.00449080272406,1.52690945034,1.15819138353,-1.73543482305,0.133060127464,-3.05892099057
6.677893,-0.111027658609,0.00361384247538,1.52548324037,1.15846385207,-1.73505690653,0.130665951856,-3.05901517567
6.687879,-0.110960337513,0.00255570095485,1.5238398768,1.1584874369,-1.73480706061,0.128360866438,-3.0591836028
6.697864,-0.11104424123,0.00163140771597,1.52225762374,1.15815472732,-1.73473227411,0.12639355351,-3.0593486836
6.707849,-0.110937094678,0.0010567090846,1.52114150518,1.15832902778,-1.73453181517,0.125457254252,-3.05930149973
6.717834,-0.110723177572,0.000378918582357,1.51967295118,1.15863528029,-1.7342715667,0.124444104254,-3.0591156016
6.727820,-0.111010800102,-0.000405135235905,1.51819073076,1.15863788295,-1.73423297571,0.12337490336,-3.05904561691
6.737805,-0.111286099475,-0.00131223531552,1.5165484608,1.15901678577,-1.73413315764,0.122544073528,-3.05894983537
6.747790,-0.11125439446,-0.00210311802823,1.51502957709,1.15937882075,-1.73415598159,0.121451692716,-3.05886994809
6.757775,-0.11122933997,-0.00299206558168,1.51373092206,1.15971431158,-1.73431092969,0.120374057837,-3.05901234899
6.767761,-0.111303724127,-0.00394094437633,1.51240356247,1.15989179092,-1.73436059332,0.119768031497,-3.05918485757
6.777746,-0.111368860023,-0.00474075004935,1.51117935138,1.15984041187,-1.73424951235,0.119312616786,-3.05912337081
6.787731,-0.111094721439,-0.00549364213289,1.51018153394,1.15980544658,-1.73418027791,0.118824495652,-3.05898789955
6.797716,-0.11059510307,-0.00651065732815,1.50913596981,1.15987492508,-1.73417049684,0.118311517969,-3.05909107424
6.807701,-0.110462918377,-0.00766774866523,1.50784582267,1.15983600695,-1.7339498269,0.117473065869,-3.05934504893
6.817687,-0.110723842763,-0.00842040787653,1.50664797724,1.15974811489,-1.73350461248,0.116284974903,-3.05935845691
6.827672,-0.110860199999,-0.00884270411317,1.50580452815,1.15983163716,-1.73323700155,0.115365009996,-3.05904056152
6.837657,-0.110802055099,-0.00934564514765,1.5049226556,1.15991946134,-1.73312513241,0.114462186421,-3.05871273191
6.847642,-0.110750109975,-0.00996624838857,1.50416021277,1.15963071664,-1.73282667021,0.113679289682,-3.0588062999
6.857628,-0.110813463827,-0.0106867368854,1.50303330306,1.15952996565,-1.73164185829,0.112435775069,-3.05874091126
6.867613,-0.11074300562,-0.0110855459136,1.50191644036,1.15995320729,-1.73046874674,0.111123644173,-3.05868309142
6.877598,-0.110876825047,-0.0114595435825,1.50127144626,1.1601476702,-1.72981668291,0.110379304869,-3.05876224977
6.887583,-0.11122651694,-0.0120624484423,1.50068010398,1.16007520633,-1.72915100032,0.109907806539,-3.05893069957
6.897569,-0.111322733759,-0.0127413412055,1.50007174503,1.16001391316,-1.72838422184,0.109468213743,-3.05896272245
6.907554,-0.111095119685,-0.0133886245508,1.49939134286,1.16003070459,-1.72752993234,0.108938125531,-3.0587735577
6.917539,-0.110934088957,-0.0138400242006,1.49850037649,1.16017673745,-1.72634879446,0.108494950042,-3.05861074645
6.927524,-0.111039221856,-0.0142549167224,1.49750607098,1.16040955805,-1.72471422336,0.108058626417,-3.05872552847
6.937510,-0.111218169027,-0.014916424927,1.49666012972,1.16047483779,-1.72288506687,0.107375985651,-3.05897646889
6.947495,-0.111353924715,-0.0156287923032,1.49593309315,1.16029139822,-1.72129979402,0.106642780128,-3.05903731395
6.957480,-0.111623551928,-0.0160761255964,1.49505713565,1.16021732769,-1.72015609229,0.106175713861,-3.05891870545
6.967465,-0.111991078524,-0.0164527706032,1.49398921116,1.1602210956,-1.71908208609,0.105805943862,-3.05874383902
6.977451,-0.112038066856,-0.0167814383781,1.49350851686,1.16005648585,-1.7185968368,0.105652177224,-3.05867238086
6.987436,-0.111876605844,-0.0171611910769,1.49320544155,1.16001871869,-1.71809164641,0.105227162009,-3.05846733613
6.997421,-0.111743550083,-0.017569174855,1.49257668697,1.1604842171,-1.71709059083,0.104557530099,-3.0582794637
7.007406,-0.111587427211,-0.0181049735059,1.49178804242,1.16073823175,-1.71615039154,0.104412434142,-3.05847778574
7.017392,-0.111598787558,-0.0185259012718,1.4913327654,1.16080944374,-1.7155228911,0.104218432288,-3.05863983765
7.027377,-0.111766273351,-0.0189074038203,1.49108619309,1.16084210323,-1.71496119664,0.103742107792,-3.0586843391
7.037362,-0.111840484286,-0.0193283775525,1.49070701775,1.16087461614,-1.7146251712,0.103125948869,-3.05868817561
7.047347,-0.111748467699,-0.0198466725686,1.49000872331,1.16096269582,-1.71447775214,0.102345308884,-3.05880174698
7.057333,-0.111598684652,-0.0203307331912,1.48924734546,1.16108978169,-1.71433827668,0.101664571778,-3.05899284726
7.067318,-0.111571819995,-0.0207935834768,1.48855964481,1.16120551637,-1.71416693264,0.101324411616,-3.05895760559
7.077303,-0.111778979731,-0.0213816781938,1.48785103649,1.16139154319,-1.71412267823,0.101110614295,-3.05867289021
7.087288,-0.112009290422,-0.0219094426675,1.48739023596,1.16169928874,-1.71443964488,0.100823387883,-3.05865172934
7.097274,-0.111856216874,-0.022222268952,1.48732791127,1.16185157563,-1.71502901714,0.10060948135,-3.05896944383
7.107259,-0.111739105946,-0.0226114557571,1.48685900801,1.16198639034,-1.7150021154,0.100616264902,-3.05929066405
7.117244,-0.111652050793,-0.0233816981693,1.48571323076,1.16220537789,-1.7145625949,0.100488416147,-3.05937375261
