time,right_s0,right_s1,right_e0,right_e1,right_w0,right_w1,right_w2
0.568349,0.0872681832623,0.0401688634003,-0.0532773941332,-0.0269195289468,1.65234967524,1.24802041103,-1.58640547848
0.578331,0.0880213598751,0.0404420694861,-0.0522585790265,-0.0263661910041,1.65329141239,1.24756635665,-1.58626900346
0.588313,0.0885701480065,0.0404282570089,-0.0510745964855,-0.0257432116718,1.65383181162,1.24714060464,-1.58610742157
0.598295,0.089180046764,0.0403522739647,-0.0502499272083,-0.0251399749995,1.65450296618,1.24651950525,-1.58583787203
0.608277,0.0895486954772,0.0403754573214,-0.0496698741078,-0.0246990531869,1.65552770031,1.2459835745,-1.58561694741
0.618259,0.0901657561893,0.0405078376156,-0.0491034224554,-0.0243622583809,1.65660487177,1.24566547052,-1.58560355368
0.628241,0.0911584021085,0.0405684187135,-0.0485400545777,-0.0240673279995,1.65728584362,1.24526977975,-1.58556396737
0.638224,0.0920228543151,0.0405080791675,-0.0479664454793,-0.0237389957178,1.65763758356,1.24455807391,-1.58523822745
0.648206,0.0924301294827,0.0405456353285,-0.0471904581293,-0.0232531297712,1.65824608251,1.2438578374,-1.58484568995
0.658188,0.0926115857552,0.0405757583293,-0.0463790508565,-0.0227614925763,1.65900976536,1.24359726394,-1.5846507713
0.668170,0.0931022997967,0.0407644225053,-0.0455528508614,-0.0223872752071,1.65964291398,1.24351544559,-1.5844524886
0.678152,0.0936565089827,0.0407764155599,-0.0447824801879,-0.0218737135301,1.66020543224,1.24312913799,-1.58423161904
0.688134,0.0941115883077,0.0406669399289,-0.044008334222,-0.0214334170088,1.66065786189,1.24284304638,-1.58388980709
0.698116,0.0946472462393,0.0405499300086,-0.0434176859138,-0.0210545626148,1.66108500078,1.24268207413,-1.58381110691
0.708098,0.0952236596475,0.0405990380411,-0.042997028037,-0.0206451447839,1.66168649069,1.24261603236,-1.58388423791
0.718080,0.0957129505036,0.0408933252205,-0.0425444168079,-0.0202173148138,1.66240102449,1.24264946392,-1.58390291352
0.728062,0.0960274167784,0.0412198726247,-0.0420182585202,-0.0198511225174,1.66300242654,1.24258731203,-1.58381685727
0.738044,0.0962182064551,0.0413086340482,-0.0415734399537,-0.0195792489036,1.6633511254,1.2421503278,-1.58367289941
0.748026,0.0964457055968,0.0412416933307,-0.041207860893,-0.0193826827644,1.66351783639,1.24147431021,-1.58344356902
0.758008,0.0965832265317,0.040865237132,-0.0408030092309,-0.0194103271828,1.66378848243,1.24103644995,-1.58314656137
0.767991,0.0971910907922,0.0407018388132,-0.0406219634162,-0.0192496331585,1.66420534676,1.24092528481,-1.58297914647
0.777973,0.0979171525539,0.0408186273966,-0.0401423967321,-0.0190079893298,1.66464798353,1.24076902037,-1.58286458663
0.787955,0.0983371450443,0.0408410568369,-0.0397103145601,-0.0187583489026,1.66519643309,1.24057792974,-1.58276390296
0.797937,0.0985891387237,0.0408659568351,-0.0392355642959,-0.0184525498667,1.66563749656,1.2403820312,-1.58279705649
0.807919,0.0987954508711,0.0410151061996,-0.0389430503812,-0.0181309432058,1.66595151077,1.24024740015,-1.58299386431
0.817901,0.0988888502957,0.0411764693479,-0.0388413913788,-0.0178707796377,1.66601961114,1.24020323618,-1.58316984175
0.827883,0.0988652968743,0.0412696342821,-0.0385975250209,-0.0176645124259,1.66588965154,1.2401780841,-1.58311576702
0.837865,0.0988995363029,0.0414141027965,-0.0380851489599,-0.0174429892463,1.66601884943,1.24010452137,-1.58279641826
0.847847,0.0989716041799,0.0414813987675,-0.0378909312018,-0.0172595039474,1.6666392032,1.24013404135,-1.5822901038
0.857829,0.0994250266226,0.0414112743247,-0.0376358013756,-0.016849542148,1.66730356154,1.23996462221,-1.58220370802
0.867811,0.100168982294,0.0412514602438,-0.036980366923,-0.0164354000452,1.66754049814,1.23933071983,-1.58250136021
0.877793,0.100608962749,0.0413553950891,-0.0364861072569,-0.0163399856918,1.6674532837,1.23907722158,-1.5824090077
0.887775,0.100718388185,0.0415318991897,-0.036476400656,-0.0164092524238,1.6675844409,1.23911072993,-1.58215283229
0.897757,0.100662488378,0.0414657898082,-0.0365908138787,-0.0163256733663,1.66783555898,1.23907640354,-1.58208240472
0.907740,0.100770948479,0.0413994080094,-0.0363516917387,-0.0161763112408,1.66812094393,1.23865916453,-1.5821728022
0.917722,0.101004094647,0.0415615399198,-0.0357825116276,-0.016063501941,1.66845546217,1.2382357917,-1.58227925985
0.927704,0.101062328997,0.0417004098576,-0.0352895139678,-0.015869762108,1.66879818966,1.23840886574,-1.58242357824
0.937686,0.101064451817,0.0414397963981,-0.0350679176403,-0.0155957114839,1.66902011505,1.2388535832,-1.58261266567
0.947668,0.10135105177,0.0410452340605,-0.0352043454822,-0.0156392576497,1.66909566045,1.23884003329,-1.58226616451
0.957650,0.101088999811,0.0410179122414,-0.0349405292028,-0.0156715034724,1.66897755171,1.23872476867,-1.58205720357
0.967632,0.100909586171,0.0411798491553,-0.034656592412,-0.0155690212842,1.66905346684,1.23899441817,-1.58198665205
0.977614,0.101209928437,0.0414271489595,-0.0346496465084,-0.0155709052235,1.66941817299,1.23920782714,-1.58194669024
0.987596,0.101483985934,0.0417692922074,-0.0346157905052,-0.0155634481475,1.6697306254,1.23865926613,-1.58191303901
0.997578,0.101461123715,0.0419593163652,-0.0344018248872,-0.0154581345839,1.66981076176,1.23796985134,-1.5818817776
1.007560,0.101413693565,0.0419103512484,-0.0342439452218,-0.0152945369585,1.66975174882,1.23787339731,-1.58185283896
1.017542,0.1016477869,0.041749695393,-0.0343162422994,-0.0151729660806,1.66978861902,1.2383740163,-1.58179510035
1.027524,0.102020805871,0.041568229409,-0.0343784506799,-0.0150996580997,1.67000528519,1.23886465038,-1.58165751063
1.037507,0.102212671451,0.0413195447258,-0.0341499677125,-0.0149332941751,1.67014038067,1.23881106636,-1.58148200241
1.047489,0.102375058706,0.0413576639325,-0.0337118893261,-0.0149141004659,1.67035550152,1.23834485172,-1.58158382561
1.057471,0.102694556078,0.0417292644474,-0.0334081487087,-0.0150374866623,1.67049590156,1.23791070121,-1.58182474349
1.067453,0.102664747325,0.0419568464006,-0.0333051456638,-0.0149953361428,1.67058199439,1.23768919879,-1.58180459051
1.077435,0.102322744711,0.0420354347781,-0.0336050146524,-0.0148897739532,1.67057913383,1.2377104956,-1.58166876257
1.087417,0.102300840012,0.0417882703464,-0.0339247363074,-0.0148382326601,1.67054794665,1.23801184614,-1.58154219076
1.097399,0.102519420954,0.0414881502634,-0.0339209348347,-0.014804621829,1.67052020259,1.23840002078,-1.58163835229
1.107381,0.102617806266,0.0413646267746,-0.0337069135955,-0.0148099690497,1.67040395884,1.2385821294,-1.58190450167
1.117363,0.102491575563,0.0413739980848,-0.0335844601342,-0.0148923924982,1.67021677652,1.23857962624,-1.58195697819
1.127345,0.102248755042,0.0414642944155,-0.0335339090762,-0.0149425861107,1.67023234155,1.23873290705,-1.58156507066
1.137327,0.101986357009,0.0415455800172,-0.0334280064195,-0.0150282529469,1.67033154213,1.23864212024,-1.58128746916
1.147309,0.101933960608,0.0415243384306,-0.0334214453046,-0.0151067527086,1.67033669211,1.23883387495,-1.58158493494
1.157291,0.101978412232,0.0414583194425,-0.0336007583985,-0.015090584901,1.67054808774,1.23905481278,-1.58171800058
1.167274,0.102071415923,0.0412750420379,-0.0336741868169,-0.0151805193145,1.67094588375,1.23956629885,-1.58159264804
1.177256,0.10212489435,0.0413672733483,-0.0338431507625,-0.0152615687038,1.67132411296,1.24011461598,-1.58163423106
1.187238,0.102364177077,0.0415941115272,-0.0339275431169,-0.0152444634856,1.67145585471,1.24047440644,-1.58177915168
1.197220,0.102612568354,0.0415337764682,-0.0338406816792,-0.0152084288705,1.67137018882,1.24094078718,-1.58181474498
1.207202,0.102538094131,0.0411029672639,-0.0337908545478,-0.0152891772441,1.67123499261,1.241615717,-1.58176309567
1.217184,0.10216797738,0.0406853843803,-0.0338756033824,-0.0154664022794,1.67117496642,1.24221465934,-1.58183019109
1.227166,0.101834312779,0.040547293658,-0.0336515539765,-0.0155177015711,1.67126449012,1.24304745154,-1.58197935881
1.237148,0.101824561165,0.0406158916847,-0.0334775234876,-0.0154795901369,1.67131020086,1.2442129783,-1.58187911681
1.247130,0.101749080794,0.0406082315465,-0.0336061568794,-0.0154786771779,1.67129599265,1.24553873494,-1.58172021743
1.257112,0.101550062157,0.0405092449622,-0.0336387296251,-0.0158505953985,1.67111283504,1.24721182889,-1.58181763457
1.267094,0.101405251305,0.0405066489916,-0.0338238818049,-0.0161965945513,1.67063167362,1.24897135763,-1.58182227422
1.277076,0.101207274826,0.0401935433558,-0.0345282825077,-0.0164039806113,1.66991027306,1.25074435375,-1.58178173453
1.287058,0.100876317433,0.0395525047061,-0.035399435433,-0.0164345623357,1.66904686797,1.25264121906,-1.58176498332
1.297040,0.1005482698,0.0389649227742,-0.0359193709546,-0.0163800522148,1.66810112516,1.25446128956,-1.58181192336
1.307023,0.100354482907,0.0387241744907,-0.0360701885018,-0.0163425370458,1.66702460239,1.25588804799,-1.58191736395
1.317005,0.100158798496,0.038642313208,-0.0363021938297,-0.0163011923451,1.66573031001,1.25691995858,-1.58200520209
1.326987,0.0998279383166,0.0382462549121,-0.0367065006012,-0.0163482730008,1.66440155312,1.25743346909,-1.5820149151
1.336969,0.099508702537,0.0377262113899,-0.0369258034021,-0.0164956688388,1.66322171813,1.25741321158,-1.58214555522
1.346951,0.0993465686533,0.037719906907,-0.0369412064762,-0.0165938773486,1.66219316893,1.25688457021,-1.58215022633
1.356933,0.0992534840052,0.0375399977022,-0.0370047223886,-0.0169793446873,1.66125227763,1.25619555503,-1.58202679944
1.366915,0.0991772930381,0.0368368290444,-0.0371574048292,-0.0173547062853,1.66025333568,1.25560387133,-1.58188250845
1.376897,0.0989977116328,0.0359843004205,-0.0371565048106,-0.0175941473073,1.65918289876,1.25504397146,-1.58177917793
1.386879,0.0986595576569,0.0353657205961,-0.0371488646647,-0.0176581542821,1.65820385949,1.25460974325,-1.58179779476
1.396861,0.098266697467,0.0351502548638,-0.0374141869822,-0.0176529981985,1.65745271439,1.25439339007,-1.58187869358
1.406843,0.0979362187289,0.0351749526003,-0.037863344801,-0.0177214669523,1.65688338576,1.25417157767,-1.58184615486
1.416825,0.097596580897,0.0348968077578,-0.0380584143796,-0.0177591172012,1.65637712432,1.25363014642,-1.58171301516
1.426807,0.0974337658799,0.0344093431703,-0.0378935880474,-0.0177138873414,1.65608137395,1.25349428288,-1.58166135721
1.436790,0.0974420663024,0.0338653801116,-0.0379315930305,-0.0178081102707,1.65562136622,1.2540640108,-1.58167749915
1.446772,0.097027068835,0.0336479009877,-0.0380872685602,-0.0178336670218,1.6551429036,1.25469496362,-1.58177882783
1.456754,0.0964066431215,0.0338649362575,-0.0380606209719,-0.0179178257822,1.65469942422,1.25537888021,-1.58189383111
1.466736,0.0959450632291,0.0340714216971,-0.0379944282871,-0.0179105960859,1.65427149999,1.25605951843,-1.58194327819
1.476718,0.0956822661064,0.0338531991721,-0.0380724194755,-0.0179819050907,1.65393791028,1.25673462431,-1.58206869993
1.486700,0.0953444454394,0.0333692940341,-0.0382577474727,-0.0182177622328,1.65379456836,1.25741936422,-1.58227465343
1.496682,0.0947564114685,0.0331524176221,-0.038388640406,-0.0184474926862,1.65382364147,1.25802379304,-1.58238559512
1.506664,0.0940889363224,0.0333873916041,-0.0384174168955,-0.0185000731746,1.65391886893,1.25843246565,-1.58234466729
1.516646,0.0934767252338,0.0334863317699,-0.0384313437284,-0.0184987989194,1.65409307957,1.25888766734,-1.58238719895
1.526628,0.0929317989367,0.033412743446,-0.0383834382414,-0.0186631123066,1.65409373579,1.25947438831,-1.58241193575
1.536610,0.0924918210283,0.0335712568753,-0.0382960762351,-0.0188031473005,1.65384328498,1.25989788628,-1.58226273708
1.546592,0.0919590064058,0.0335825667149,-0.0386238075921,-0.0188919363538,1.65374874204,1.26010911789,-1.58235319122
1.556574,0.0913705124119,0.033376839403,-0.0389727994398,-0.0189647689038,1.65371192192,1.26033856261,-1.58252226628
1.566557,0.0907494495642,0.033433140305,-0.03929085417,-0.018984685644,1.65360220351,1.26074514582,-1.58261145399
1.576539,0.0902076993955,0.0335984901045,-0.039555452679,-0.0189687301704,1.65343000234,1.26120553201,-1.58269156074
1.586521,0.089821645923,0.0334624393448,-0.0396303974479,-0.0190495134763,1.65331703893,1.26143551352,-1.58281319044
1.596503,0.0894942604477,0.0331781723979,-0.039527815716,-0.0192744350066,1.65333488696,1.26126729596,-1.5828776384
1.606485,0.0890191721222,0.0333729311867,-0.0395989709731,-0.0194142259134,1.65337889423,1.26086591783,-1.58283166094
1.616467,0.0884072279781,0.0334754083566,-0.0396824698834,-0.0194863101333,1.65329759358,1.26070129059,-1.58277141785
1.626449,0.0879578484393,0.0333019635657,-0.0395550498219,-0.0198461620389,1.65293704449,1.26074778614,-1.58272832006
1.636431,0.08750567496,0.033382887342,-0.0395696711963,-0.0201451440348,1.65282656403,1.2608215149,-1.58250292315
1.646413,0.086845508323,0.0332939548103,-0.0398720837079,-0.0203036062944,1.65292628438,1.26089838375,-1.58241840091
1.656395,0.0862015530917,0.0330926360321,-0.0402376849764,-0.0202049948617,1.65301670516,1.26108591682,-1.58252865275
1.666377,0.0856681548771,0.0329668426877,-0.0405280663836,-0.0201232555673,1.6531023354,1.26133771864,-1.58267465152
1.676359,0.0851682518762,0.033053289391,-0.0407099371073,-0.0202262329513,1.6531118384,1.26147517873,-1.58272167408
1.686341,0.0845519495003,0.0332443611493,-0.0408330780218,-0.0204000560313,1.65295664368,1.26152093545,-1.58267513777
1.696324,0.0837433720921,0.0332444875263,-0.0409503175502,-0.0204548125935,1.65270602123,1.26176607107,-1.58266844014
1.706306,0.0828902458785,0.0330040785465,-0.0409831718967,-0.0203659049399,1.65243282289,1.26225894229,-1.58286266647
1.716288,0.0823418164535,0.0328165776454,-0.0411141707758,-0.0204570189237,1.65225034428,1.2629376557,-1.58297829187
1.726270,0.0818750235839,0.0328728052506,-0.0413166959948,-0.0207546918794,1.6521389052,1.2636238837,-1.58277156633
1.736252,0.0811983864855,0.0330737662598,-0.0414473705283,-0.0210303262526,1.65217670977,1.26437922057,-1.58276866245
1.746234,0.0805001209531,0.0332077462837,-0.0416421182859,-0.0211483978727,1.65237440561,1.26546311225,-1.5829799905
1.756216,0.0797866472028,0.033123783435,-0.041899712788,-0.0212913168302,1.65251196043,1.26666138469,-1.5830533983
1.766198,0.0789878213634,0.0329523775308,-0.0421121447989,-0.021495116014,1.65246734585,1.26777864839,-1.58292532059
1.776180,0.0780467123858,0.0326515976111,-0.0421193562669,-0.0217032932976,1.65229555573,1.26895012057,-1.58280531168
1.786162,0.0770137151843,0.0321333531982,-0.0419277378945,-0.0218614577983,1.65215119439,1.27041661958,-1.5828897293
1.796144,0.076061927525,0.0317729650293,-0.0418343419057,-0.0219235859796,1.6521354518,1.27212187486,-1.58315314574
1.806126,0.075247810712,0.0318190970336,-0.041942174427,-0.0220276489275,1.65210878748,1.27394671689,-1.58335750216
1.816108,0.0741923650809,0.0318672832868,-0.0420502543826,-0.0219924877399,1.65201956711,1.27575214089,-1.5833951156
1.826090,0.0730599359355,0.0319583797514,-0.0421878140245,-0.0222239902368,1.65206624415,1.277658477,-1.5834421584
1.836073,0.0723095269053,0.0319653356535,-0.0421749856315,-0.0225362336301,1.65227259419,1.2796196228,-1.58340053974
1.846055,0.0716747936771,0.0318428504512,-0.0422358126011,-0.0226921025762,1.65234650085,1.28160929364,-1.58345758873
1.856037,0.070766500566,0.0317563882698,-0.0425002311992,-0.0228756634215,1.65224805776,1.28364238208,-1.58362290771
1.866019,0.0696805753803,0.0317759935078,-0.0427249039465,-0.0231246994358,1.65218204669,1.28575165461,-1.58367539977
1.876001,0.0686578793565,0.0317907882888,-0.042741322443,-0.0233630928766,1.65229848046,1.2879404034,-1.58351895351
1.885983,0.0676037190578,0.031680909756,-0.0427466397233,-0.0236870384699,1.65251316585,1.29019443307,-1.58334270976
1.895965,0.0663078283065,0.0315188730786,-0.0428405455083,-0.0242700799513,1.65267507281,1.29252374924,-1.58327830328
1.905947,0.0649924967149,0.0314031977315,-0.042884469455,-0.0249426600038,1.65275405193,1.29468261672,-1.58339100439
1.915929,0.063838059292,0.0314698016431,-0.0428369845541,-0.0256987315313,1.65283660894,1.29662527426,-1.58342364308
1.925911,0.0628158982053,0.031603708628,-0.0429249702199,-0.0266860228993,1.65283916945,1.29844849217,-1.5834511419
1.935893,0.0618592051984,0.0317672610318,-0.0431617013811,-0.0277622379019,1.65288698107,1.30044111106,-1.58355287723
1.945875,0.0606808149365,0.0318796034246,-0.0433486694596,-0.02897982545,1.65291774722,1.30270394809,-1.5836083567
1.955857,0.0594205040337,0.0319973340934,-0.0434728176235,-0.0302705001012,1.65274166934,1.30510590948,-1.58364563323
1.965840,0.0582921795822,0.0321904094604,-0.0435668890009,-0.0315272958017,1.65249147918,1.30736886556,-1.58362041122
1.975822,0.0573204084298,0.0323710623432,-0.043565882659,-0.0328013798375,1.65241269141,1.30931278546,-1.58349708334
1.985804,0.0564287369028,0.0323709381828,-0.0434663922116,-0.0342540906264,1.65233670807,1.31104575208,-1.58347067403
1.995786,0.0554640752251,0.0323774923607,-0.0436810340612,-0.0357039586654,1.65201109947,1.31277253283,-1.58357173744
2.005768,0.054190155932,0.0325977069864,-0.0440087060026,-0.0370828367106,1.65181769869,1.31422485102,-1.58367592688
2.015750,0.0529477766243,0.0328466165689,-0.0444008639882,-0.0384043029821,1.65184969236,1.31562952128,-1.58387869096
2.025732,0.0521018039621,0.0329697064974,-0.0446491045492,-0.0396210142873,1.65185658711,1.31681075504,-1.58394574651
2.035714,0.0512781533212,0.03289312322,-0.0447464089756,-0.0409490219673,1.65174511514,1.31770516241,-1.58392929858
2.045696,0.0501323436047,0.0326271058798,-0.0448331876673,-0.0422696856398,1.65156922164,1.31857077383,-1.58387931482
2.055678,0.0488392962104,0.0323135893045,-0.0448722637118,-0.0434858045077,1.65152961595,1.31959858139,-1.58385309731
2.065660,0.0476952363849,0.0320648510811,-0.0447669666907,-0.0444873387672,1.65167612836,1.32071489398,-1.5839289718
2.075642,0.0467223508533,0.0318318772665,-0.0446020076813,-0.0450745150803,1.65177412866,1.32167870898,-1.58408929864
2.085624,0.0458552454607,0.031497988092,-0.0446131499914,-0.045207611351,1.65164278962,1.32238456021,-1.58411585373
2.095607,0.0450610668076,0.0311184919508,-0.0448071804018,-0.0453500028102,1.65170333306,1.32321539946,-1.58407539359
2.105589,0.0441321439066,0.0310857547666,-0.0447597930029,-0.0456619742419,1.65186825597,1.32413011302,-1.58409120396
2.115571,0.0429725861017,0.0310587705764,-0.0447717894751,-0.0459035820854,1.65175459219,1.32478288301,-1.58411799112
2.125553,0.041990362492,0.0308788411915,-0.044969512412,-0.0460963190711,1.65170741967,1.32519882061,-1.58414609789
2.135535,0.0414092942035,0.030614324576,-0.0452386275043,-0.0460981404693,1.65189208768,1.32552254017,-1.58422155774
2.145517,0.0409548670652,0.0304237243004,-0.0455612921255,-0.0459978433984,1.65213950223,1.32587895385,-1.58433377942
2.155499,0.0402924411057,0.0302862307226,-0.0458362842396,-0.0459814138215,1.65216974222,1.32624435957,-1.58435679364
2.165481,0.0393609296091,0.0301255499452,-0.0458580949564,-0.0461252660854,1.65193932605,1.32651792923,-1.58422988309
2.175463,0.0383511871423,0.0300835728034,-0.0456063945289,-0.0463272180053,1.65169593328,1.3266288266,-1.58410889011
2.185445,0.0374765488139,0.0303652682466,-0.0455300026541,-0.046399956084,1.65150458963,1.32644665066,-1.58412143592
2.195427,0.03660510196,0.0305579814285,-0.0457633890741,-0.046305900219,1.65124985655,1.32600800686,-1.58413725919
2.205409,0.0356778922039,0.0305643663816,-0.0459668611084,-0.0462653099433,1.65119815372,1.325678838,-1.58417354442
2.215391,0.0347890893587,0.0307025012305,-0.0459816646288,-0.0462970795847,1.65138494439,1.32550493055,-1.58425041085
2.225373,0.0340862413043,0.0306982822839,-0.0459637652991,-0.0464025579187,1.6516813909,1.32537251084,-1.58446899628
2.235356,0.0334767548492,0.0305672520939,-0.0460674082647,-0.0465457531002,1.65202993735,1.32533367082,-1.58474865399
2.245338,0.0328043348457,0.0304608476764,-0.0461715328123,-0.0466551901434,1.65231207405,1.32551019514,-1.58489963948
2.255320,0.0320713409517,0.0304337238529,-0.0462468263518,-0.0467195472774,1.65252813485,1.32592992873,-1.58479367628
2.265302,0.0313816186928,0.0304243026724,-0.0464616054667,-0.0467995077973,1.65280804865,1.32650311626,-1.58454281944
2.275284,0.0306776488213,0.0304240673016,-0.0467761741981,-0.0469237389803,1.65311988524,1.32715626596,-1.58446418839
2.285266,0.029848529274,0.0304857339123,-0.0469959761911,-0.0470821864202,1.65325281848,1.3278984771,-1.58447626708
2.295248,0.028844399942,0.0305717758295,-0.0470979227507,-0.0469919277319,1.65297653656,1.3285640528,-1.58441958741
2.305230,0.0278146917793,0.0305765070332,-0.0472665949363,-0.0470665293755,1.65243807504,1.32928664064,-1.58449470757
2.315212,0.0268997941489,0.0307388437386,-0.0473934083486,-0.0473858731093,1.65200812219,1.33009195566,-1.58460123194
2.325194,0.0260847208068,0.030940761843,-0.0474872116615,-0.0474398619911,1.65184749788,1.33082218852,-1.58466405573
2.335176,0.0251974024449,0.0309870277689,-0.0477023922562,-0.0471505382491,1.65179354568,1.33152871903,-1.58465649805
2.345158,0.0241891746317,0.0310022521446,-0.0479785189777,-0.0467969899618,1.6516590067,1.33235781266,-1.58459968046
2.355140,0.02320126949,0.0311491197735,-0.0480888415741,-0.0466070853966,1.65144474557,1.33340006789,-1.58455617173
2.365123,0.0222662075908,0.0312935255003,-0.047963728082,-0.0465602455497,1.65128272932,1.3346549785,-1.58456074325
2.375105,0.0209621512979,0.0313829062287,-0.0478068865806,-0.0466184717916,1.65118166216,1.33608651468,-1.58450087648
2.385087,0.0195740057145,0.0313926883759,-0.0478513627802,-0.0468018953478,1.65096675524,1.33765791624,-1.58436739188
2.395069,0.0186955943032,0.0311079594123,-0.0480845991887,-0.0471834480232,1.6507671058,1.33949268693,-1.5842787856
2.405051,0.0178674563044,0.0308062550455,-0.0482838511505,-0.0474531640521,1.65074347899,1.34135419333,-1.58439502038
2.415033,0.0167633649736,0.0307472307989,-0.0483612908474,-0.0476337878823,1.65058614199,1.34317643153,-1.58468664572
2.425015,0.0154610146949,0.030846124743,-0.0483699919071,-0.0477795845118,1.65047647972,1.34492475298,-1.58492245373
2.434997,0.0141336325721,0.0309718613593,-0.0484056328523,-0.0478822460367,1.6505113869,1.34666182328,-1.58494759556
2.444979,0.0128703225372,0.0310113921019,-0.0484598746135,-0.0479669136669,1.65040047311,1.34851366583,-1.58489565012
2.454961,0.0117168470115,0.0309487950506,-0.0484672436682,-0.0480916787939,1.64988718321,1.35054243833,-1.58499117859
2.464943,0.0107571485423,0.0309383434881,-0.0485029305137,-0.0482148132579,1.64931947097,1.35268058347,-1.58514321181
2.474925,0.00990016285401,0.0309999505394,-0.0487790638773,-0.0482018218864,1.64902512771,1.35495465226,-1.58504893128
2.484907,0.00884949007719,0.0308727830605,-0.0492189962903,-0.0480940729686,1.64870334268,1.35754223177,-1.58481748454
2.494890,0.00756279076317,0.0306164443944,-0.0494999854795,-0.048025638796,1.64837523007,1.3601286784,-1.58482566005
2.504872,0.00621247459011,0.0306709471075,-0.0498215762821,-0.048095166957,1.6481011771,1.36255469328,-1.5850422408
2.514854,0.00489683963983,0.0309122528046,-0.0500740786445,-0.048178896507,1.64780872112,1.3650007515,-1.58522294416
2.524836,0.00360763351007,0.030860715438,-0.0502520215478,-0.0481551906648,1.64744483425,1.36744307969,-1.58534432677
2.534818,0.00235756698695,0.0305991920471,-0.0504790958314,-0.0481312512909,1.64712376296,1.36999355584,-1.58542340008
2.544800,0.00116281108417,0.0305681433685,-0.0507595838043,-0.0482333514123,1.64698186343,1.37288611031,-1.58539113248
2.554782,-3.94933744415e-05,0.0307964709904,-0.0509724492782,-0.0483423447994,1.64695905825,1.3760820384,-1.58518784435
2.564764,-0.00134778109323,0.030782107921,-0.0512937041045,-0.0482607270605,1.64684783678,1.37903815186,-1.58495934189
2.574746,-0.00258710467839,0.0307325798629,-0.0519166127805,-0.0483320464564,1.64682014184,1.38165258917,-1.58492027578
2.584728,-0.00362415907282,0.0310094820034,-0.0526755340298,-0.0486072272648,1.64699475523,1.38436250686,-1.58514430424
2.594710,-0.00476212020841,0.0311722076325,-0.0533363224179,-0.0487390518911,1.64690031282,1.38703754909,-1.58531316334
2.604692,-0.00598121192694,0.031106316813,-0.0537868914109,-0.0487803501121,1.6466149952,1.3895735561,-1.58531374863
2.614674,-0.00731886104639,0.0310221240113,-0.0542146093992,-0.0488716851048,1.64642783523,1.3920394102,-1.58538096026
2.624656,-0.00874722407586,0.0310669333333,-0.0547753746188,-0.0488992108519,1.64631398318,1.39456612278,-1.58555525678
2.634639,-0.0101203969741,0.0311661608648,-0.0553671124784,-0.0488219758168,1.6462262826,1.39729302781,-1.5857009666
2.644621,-0.0113571162985,0.0311349076647,-0.0558091591557,-0.0487935532826,1.64624110313,1.40022120708,-1.5857246787
2.654603,-0.0126087684452,0.0309192403362,-0.0561608202901,-0.0488792988941,1.6463125025,1.40308629689,-1.58566369356
2.664585,-0.0139508383945,0.0307183006005,-0.0565691013075,-0.0488708652606,1.64614989446,1.40555958042,-1.58552279451
2.674567,-0.0151606365252,0.0308106101444,-0.0571129537774,-0.0488145219842,1.64590036154,1.40777955307,-1.58543127587
2.684549,-0.0164505402266,0.0309301471178,-0.0580107461438,-0.0490115566922,1.6458606929,1.41004546769,-1.58542611741
2.694531,-0.0178621352802,0.0308412360388,-0.0590399499748,-0.0493703986993,1.64588623451,1.41227299263,-1.58549131777
2.704513,-0.0191104829615,0.0307195787135,-0.0597048999125,-0.0495717495256,1.64586959084,1.41446962877,-1.58555197036
2.714495,-0.0201845207176,0.0306564612429,-0.0599314128368,-0.0495624440637,1.64582016991,1.41674002169,-1.58553518086
2.724477,-0.0212769881062,0.0306697376087,-0.0600279827395,-0.0494441872385,1.64576453225,1.41906354641,-1.58550197287
2.734459,-0.0225412172812,0.0306967568896,-0.0602517581899,-0.0493289604674,1.64570943333,1.42133608816,-1.58551074369
2.744441,-0.023936348679,0.0306137423941,-0.0605545151065,-0.0492639095969,1.64565487027,1.42353218233,-1.58553752224
2.754423,-0.025301531679,0.0303980480965,-0.060804453456,-0.0492217933834,1.64559427153,1.42571472649,-1.585617052
2.764406,-0.0266382589909,0.0304516894048,-0.0610416522288,-0.0491613833325,1.64547913341,1.42770667411,-1.58566455923
2.774388,-0.0281112995579,0.0307797578668,-0.0610323415985,-0.0492451560723,1.64538912448,1.42961717949,-1.58560257458
2.784370,-0.0295787226185,0.0308339310133,-0.0607869267108,-0.0493720455177,1.64551232664,1.43155907845,-1.58559432263
2.794352,-0.0308621931874,0.0306518075325,-0.0607952856455,-0.049444422617,1.64566878126,1.43338333367,-1.58560618608
2.804334,-0.0321230747783,0.030554980877,-0.0610446937112,-0.0494865613823,1.64575269907,1.43526606372,-1.58562184531
2.814316,-0.0334517102138,0.0307033937529,-0.06125868956,-0.0495224519341,1.64576618771,1.43732314254,-1.58566908911
2.824298,-0.0347212692028,0.0309201094064,-0.061418248809,-0.0495822607038,1.64570350913,1.43939305445,-1.58578501064
2.834280,-0.0358803963514,0.0309080590872,-0.0616552139733,-0.0497057194392,1.64560647292,1.44121529695,-1.58592872886
2.844262,-0.0371666072952,0.0306279500316,-0.0618210711579,-0.0498913370497,1.64560221086,1.44276032955,-1.58595352255
2.854244,-0.0386009845807,0.0304069502735,-0.0616781047,-0.0500317457166,1.64558807305,1.44425063985,-1.58576591378
2.864226,-0.0400685338743,0.0304275850718,-0.0616627081593,-0.050022715487,1.64551820487,1.44593353653,-1.58556691134
2.874208,-0.0418334810673,0.0306839307935,-0.0617856037186,-0.0499050932355,1.64560172393,1.44769866019,-1.5855938476
2.884190,-0.0435396134474,0.0309360592159,-0.0618689664138,-0.0498160145599,1.64572228029,1.44923437445,-1.585693557
2.894173,-0.044964643213,0.030887445021,-0.0619274723689,-0.0498033782151,1.64584968121,1.45064203874,-1.58579019981
2.904155,-0.0462400153523,0.0307564129647,-0.0619802899241,-0.0498638351115,1.64590842949,1.45214879023,-1.58585905412
2.914137,-0.0475699794991,0.0307772478809,-0.0619772896829,-0.0500017141882,1.64582600868,1.45380925527,-1.58585523139
2.924119,-0.0491378959555,0.0308896451364,-0.0619242337744,-0.0501973313281,1.64568975969,1.45558559753,-1.58583056702
2.934101,-0.0509617488181,0.030882531061,-0.0619250804311,-0.0503894861331,1.64570193154,1.45748015744,-1.58587208779
2.944083,-0.0526980463766,0.0307511045675,-0.0619844433545,-0.050525157734,1.64588392528,1.45945269191,-1.58584897666
2.954065,-0.0540289077682,0.0305486333773,-0.0617563255873,-0.0505733454968,1.64597384356,1.46121529174,-1.58568168809
2.964047,-0.0554443679604,0.0305650899822,-0.0616860869921,-0.0505457276961,1.64600445978,1.46272030873,-1.58577510154
2.974029,-0.0569723112134,0.0305506375966,-0.0618687140312,-0.0504820563847,1.64610936833,1.46436965455,-1.58602521186
2.984011,-0.0583693879183,0.0304014973027,-0.0620265571497,-0.0505630434783,1.64619261778,1.46611587695,-1.58620120276
2.993993,-0.0598257645546,0.03031037217,-0.0621718834489,-0.0507196941003,1.64620242278,1.4678147822,-1.58623484366
3.003975,-0.0614234939523,0.0303200085461,-0.0623062907577,-0.0506891961242,1.64619871008,1.46957016384,-1.58614507168
3.013957,-0.0631397611339,0.0303902342443,-0.0624623999039,-0.0504719329221,1.64625565979,1.47149975097,-1.58604075093
3.023940,-0.0649840332426,0.0304436875826,-0.062602106698,-0.0503490939346,1.6463941105,1.4735844051,-1.58603481411
3.033922,-0.0669449265018,0.030389661132,-0.0625448055005,-0.0504928208393,1.64658138024,1.47573853029,-1.58609640383
3.043904,-0.0687027976469,0.0302856003295,-0.0622715276057,-0.0507032616593,1.64674701047,1.47793265976,-1.58600762817
3.053886,-0.0700564391277,0.0302073466669,-0.062272095524,-0.0509574989232,1.64674410391,1.48015251846,-1.58581793587
3.063868,-0.0712207471897,0.0301573990784,-0.0625429975459,-0.0510485323579,1.64675769668,1.48249021662,-1.58578464407
3.073850,-0.072565559146,0.0303056613694,-0.062695233015,-0.0509084554664,1.64681272416,1.48492342474,-1.58579207701
3.083832,-0.074220000177,0.030475327736,-0.0626630746113,-0.0509062085193,1.64681548037,1.4876114034,-1.58580273787
3.093814,-0.0760065695604,0.0304989072814,-0.0626454810768,-0.0508982053479,1.64678418658,1.49042617074,-1.58578159217
3.103796,-0.0776700138594,0.0304514792214,-0.0627445318152,-0.0507794888881,1.64669254287,1.49316968952,-1.58568908273
3.113778,-0.0791350901716,0.0304147267257,-0.0628248736785,-0.0506614987614,1.64651128673,1.49580319441,-1.58557718024
3.123760,-0.0805699544335,0.0303730585246,-0.0627636791681,-0.0506752977803,1.64634124134,1.49845686487,-1.58558849686
3.133742,-0.0821948424531,0.0303991641123,-0.0627697785412,-0.0507598915531,1.64640590778,1.5012513779,-1.58578600832
3.143724,-0.0839879505089,0.0305730856878,-0.063007990949,-0.0508879067532,1.64668473219,1.50421541977,-1.58596297552
3.153706,-0.085843783466,0.0305033102822,-0.0632644252319,-0.0509853411336,1.64694051901,1.50703611452,-1.58590977754
3.163689,-0.087531036882,0.0303544164134,-0.0632213598071,-0.0511076200414,1.64696572286,1.50986715001,-1.58589447207
3.173671,-0.0891069641641,0.0303674715832,-0.0629909319869,-0.0511707104813,1.64679199504,1.51282558847,-1.58590300144
3.183653,-0.0908019781582,0.0303635135327,-0.0628893355973,-0.0512355599993,1.64670423554,1.5160017628,-1.58594808147
3.193635,-0.0925597301257,0.0302583620673,-0.062962098195,-0.0513394072778,1.64667439034,1.51938976505,-1.58603842307
3.203617,-0.0941388898692,0.0301597629066,-0.0632410027287,-0.0514068298691,1.64651316681,1.52279111971,-1.58611564743
3.213599,-0.0954782523302,0.0302548503587,-0.0637211394104,-0.0513574155658,1.64622041,1.52610127401,-1.58613828559
3.223581,-0.0968649894563,0.030602886286,-0.0641645486657,-0.0512430755674,1.64604505822,1.52955259122,-1.58613755055
3.233563,-0.0985923442524,0.0309878903454,-0.0641916592694,-0.051207653966,1.64607263665,1.53340968911,-1.58609053605
3.243545,-0.100399087853,0.0311937634674,-0.0638341523098,-0.0513124690134,1.64606340991,1.53738236447,-1.58599912113
3.253527,-0.102015930771,0.0312162875702,-0.0635473632285,-0.0514105343219,1.6461287542,1.54089717287,-1.58603316849
3.263509,-0.103642252619,0.0310152291226,-0.0633283448967,-0.0515699457683,1.64628828034,1.54399251189,-1.58609282493
3.273491,-0.105303653004,0.0308772109891,-0.0631705778662,-0.051688710261,1.64626779675,1.54699528713,-1.58601817806
3.283473,-0.106868655908,0.0308900928785,-0.0632697409895,-0.0516862398839,1.64608557323,1.55002401781,-1.58596233369
3.293456,-0.108299362276,0.0309140081999,-0.0635519544715,-0.0517055505972,1.64595508696,1.55308456326,-1.58607790181
3.303438,-0.109747113999,0.030831961169,-0.0637063013093,-0.0518558850252,1.6459903034,1.55624281969,-1.58626997161
3.313420,-0.111368870581,0.0306963760022,-0.0635743252157,-0.0519841949829,1.64610858178,1.55956865441,-1.58632829382
3.323402,-0.113091882971,0.0306260896321,-0.0634033472677,-0.0517877831226,1.64617784582,1.56295675017,-1.58625940986
3.333384,-0.114782483245,0.0305934376593,-0.0634006681676,-0.0512451082625,1.64612017763,1.56625900534,-1.586247739
3.343366,-0.11632561428,0.0302603767773,-0.0634839359262,-0.050922010695,1.64598383681,1.56940084473,-1.5862055731
3.353348,-0.117753345866,0.0299437862664,-0.0636597423486,-0.0509934966095,1.64592858849,1.57235307376,-1.58607037705
3.363330,-0.119153560147,0.0299529353293,-0.0639040165696,-0.0511774978447,1.64585648578,1.57543131845,-1.58598655162
3.373312,-0.12058194946,0.0301006792029,-0.0641602056776,-0.0513680702954,1.64577712581,1.57855266681,-1.58609464296
3.383294,-0.12208334217,0.0302995992613,-0.0642335122801,-0.0515353196662,1.64574162289,1.5815340323,-1.58631199078
3.393276,-0.123619765597,0.0305440067716,-0.0640671873338,-0.0516341567957,1.64565371099,1.58442656551,-1.58644531151
3.403258,-0.125058915238,0.0307609798436,-0.0638945604079,-0.0516143163521,1.64545044803,1.58733688862,-1.58639851321
3.413240,-0.126265734594,0.0308179276691,-0.0639849278363,-0.0514545275892,1.64529644341,1.59020626355,-1.586255879
3.423223,-0.127275302738,0.0307378264004,-0.0641504346096,-0.0511974200199,1.64539884535,1.59298514719,-1.58615581438
3.433205,-0.128480895916,0.0307076553224,-0.0640754387805,-0.0512883321048,1.64559286758,1.59574709113,-1.58618534411
3.443187,-0.130136161081,0.030663689555,-0.0640155280298,-0.0516233957136,1.64575117411,1.59846262649,-1.5863967861
3.453169,-0.131700212809,0.0306442553754,-0.0641097764115,-0.0517009034709,1.64561932623,1.60113078317,-1.58666842205
3.463151,-0.132978328968,0.030812603845,-0.0641394253583,-0.0516768848986,1.64544877528,1.60381023598,-1.58675407993
3.473133,-0.134280683694,0.0309650751875,-0.0641223982026,-0.0517536635862,1.64547536084,1.60648232189,-1.58654935033
3.483115,-0.135793311636,0.0309689727892,-0.0641861829688,-0.0518518435162,1.64553561974,1.60925155492,-1.58632238511
3.493097,-0.137288221925,0.0309225241669,-0.064323276022,-0.0518159903932,1.64548841862,1.61218797411,-1.58626756935
3.503079,-0.138546605226,0.0309817029302,-0.0644306552026,-0.051683619728,1.64541199805,1.61511286245,-1.58628235638
3.513061,-0.139842482973,0.0311259872395,-0.0645558429353,-0.0516474317709,1.64535424764,1.61770227891,-1.58622359096
3.523043,-0.141386362892,0.0312492102264,-0.0649081098227,-0.0516287687354,1.64515639303,1.62006949941,-1.58625366244
3.533025,-0.142692544658,0.0312666618855,-0.0650758397612,-0.0515251189708,1.64517023752,1.6222897516,-1.58637178995
3.543007,-0.143772946899,0.0313088219893,-0.0649745572375,-0.0515217827691,1.64540142812,1.62445853855,-1.58644883106
3.552989,-0.145083095078,0.0314364194655,-0.0648032428185,-0.0516040526104,1.64554635044,1.62671359412,-1.58658967587
3.562972,-0.146541992454,0.0315395611386,-0.0645945042047,-0.0518593104555,1.64555605111,1.62890247823,-1.58670214523
3.572954,-0.147932540171,0.0314728633744,-0.0644923585346,-0.0521006507965,1.645488137,1.6311013259,-1.58667073902
3.582936,-0.149207325085,0.0312889253381,-0.0644732217778,-0.0521138374482,1.64546826244,1.63343398632,-1.58656737248
3.592918,-0.150541483962,0.0312108833682,-0.0644472465147,-0.0519693092091,1.64547963062,1.63590495112,-1.58654447498
3.602900,-0.152075103937,0.0313636288318,-0.0644748636588,-0.0519534708579,1.64535264916,1.63837361791,-1.58662111703
3.612882,-0.153585421186,0.0315269166522,-0.0647341871088,-0.0520912697455,1.64508752361,1.64065023243,-1.58665320463
3.622864,-0.154752676248,0.0314171269393,-0.0651988751478,-0.0519531987825,1.64495733196,1.64263718974,-1.58664942498
3.632846,-0.156069327083,0.0313244972403,-0.0653699981353,-0.0517292498777,1.6450638054,1.64475744744,-1.58662035377
3.642828,-0.157684746826,0.0313841007767,-0.0651428085791,-0.0517460883608,1.64525502926,1.64711460708,-1.58652183758
3.652810,-0.159310468989,0.0313585166233,-0.0649971059717,-0.0519687391918,1.6455292594,1.64953959251,-1.58651860465
3.662792,-0.160657410163,0.0312235843103,-0.0650887963021,-0.0521199878545,1.64576954181,1.65181650021,-1.58662837069
3.672774,-0.161728044608,0.0312124910802,-0.0651795840159,-0.0520440977904,1.64582580381,1.65398715522,-1.58679897835
3.682756,-0.162722067483,0.0313949691131,-0.0651830418367,-0.0518528754168,1.64577570509,1.65609996427,-1.58694383702
3.692739,-0.163826455181,0.0315686633162,-0.0651231166425,-0.0517320832236,1.64579912035,1.65813049604,-1.58698552261
3.702721,-0.165093444203,0.0315311856423,-0.0648850698307,-0.0516881633806,1.64590195197,1.66012072793,-1.58691647773
3.712703,-0.166494400874,0.0313319878014,-0.0646862101738,-0.0516360954721,1.6460479472,1.66216912684,-1.58683151344
3.722685,-0.167953275446,0.0310452894753,-0.0648228535502,-0.0516877976058,1.64638463305,1.66395538452,-1.58671274643
3.732667,-0.16922409501,0.0309995710219,-0.0650497514408,-0.0515945662978,1.64653716333,1.66582067135,-1.58664132139
3.742649,-0.170401862364,0.0313043055671,-0.0652352696834,-0.0514996790179,1.64645910741,1.6680165151,-1.58677214702
3.752631,-0.171558844588,0.0315702321472,-0.0651914275091,-0.0515183780905,1.64637361103,1.67022544704,-1.58675180737
3.762613,-0.172887816151,0.0315535720051,-0.0651006275994,-0.051502815323,1.64624003929,1.67228127658,-1.58660711714
3.772595,-0.174426409073,0.0314321855014,-0.0650743942777,-0.051455777504,1.64611968731,1.67428188718,-1.58645723332
3.782577,-0.175879627023,0.0314139816979,-0.0650540161003,-0.0514656738006,1.64616988393,1.67632636434,-1.58638465692
3.792559,-0.176971462198,0.031485558453,-0.0650146196198,-0.0515614734571,1.64640963923,1.67838236499,-1.58643482333
3.802541,-0.177991527279,0.0316144560688,-0.0650835660133,-0.0517594150857,1.64660503689,1.68042768601,-1.58659452541
3.812523,-0.179224252614,0.0317201069357,-0.065048249993,-0.052024070764,1.64655763797,1.68239829244,-1.58672544494
3.822506,-0.180355689994,0.0316224234127,-0.0650250650309,-0.0519965310519,1.64662391828,1.68424363415,-1.58680621602
3.832488,-0.181629591975,0.0316273207618,-0.0647160922507,-0.0518165697004,1.64661126922,1.68617839547,-1.58690041913
3.842470,-0.183181450852,0.0316787101113,-0.0645250720909,-0.0517573386813,1.64656620933,1.68808840887,-1.58693162066
3.852452,-0.18467387647,0.0316248282233,-0.0647528547591,-0.0517913490338,1.6466631902,1.68998976572,-1.58685263962
3.862434,-0.185866503724,0.0314680529254,-0.0650371977368,-0.0517366578099,1.6467502408,1.69216508796,-1.58677074772
3.872416,-0.186874012933,0.0313094661924,-0.0651719080346,-0.0517065711027,1.6466938229,1.69453513308,-1.58671315828
3.882398,-0.18794252254,0.0311901371822,-0.0652473332879,-0.0518847075342,1.64658245423,1.69676168349,-1.5866634176
3.892380,-0.189110148263,0.0310290549998,-0.0652832985535,-0.0521100043925,1.6465747401,1.69876783412,-1.5866208821
3.902362,-0.190246935808,0.0307635704246,-0.0652971645289,-0.0521115934034,1.64664124696,1.70074260746,-1.58637119117
3.912344,-0.191545310361,0.030488659257,-0.0655951930106,-0.0519368064183,1.64689104902,1.70263013286,-1.58611672865
3.922326,-0.192747657993,0.0305232178797,-0.0655623228567,-0.0517397325631,1.6469314915,1.70450526288,-1.58614396449
3.932308,-0.193825547287,0.0305473636782,-0.0654359349826,-0.0518215676573,1.64664424977,1.70663879528,-1.58615060554
3.942290,-0.194949483146,0.0307932295538,-0.0653458081998,-0.052027814192,1.64640948514,1.70859362133,-1.586308186
3.952273,-0.196291477809,0.0310073018368,-0.0651901246923,-0.0520647806768,1.64641798454,1.71025522335,-1.58649083173
3.962255,-0.197756083326,0.0309694535986,-0.0650607774374,-0.0519342610937,1.64655586358,1.71192102155,-1.58655700471
3.972237,-0.199083965143,0.030814147778,-0.0650434964828,-0.0518106217949,1.64668207075,1.71373099991,-1.58661508902
3.982219,-0.200167629088,0.0307687986748,-0.0650657225472,-0.0518469371591,1.6467421567,1.71552563596,-1.5867754727
3.992201,-0.201210468088,0.0307193566409,-0.0650641878935,-0.0520976607919,1.64668411563,1.71731141464,-1.58679215541
4.002183,-0.202322583461,0.0306148317918,-0.0650541585565,-0.0522839777537,1.64671366972,1.71937306062,-1.58675906461
4.012165,-0.203603660717,0.0306130080639,-0.0649851916203,-0.0520438870299,1.6466714675,1.7214225219,-1.58702736686
4.022147,-0.204859691856,0.0306185369691,-0.065066662114,-0.0521029838814,1.64673661636,1.72338176069,-1.587283333
4.032129,-0.206176686583,0.0303560031736,-0.0651287241557,-0.0523221290073,1.64685241053,1.72572781661,-1.58729205338
4.042111,-0.207725663562,0.0301718764756,-0.0651446211269,-0.0523594717291,1.64690866426,1.72793019285,-1.58724979179
4.052093,-0.209182001988,0.0303247230337,-0.0652016116178,-0.052321471534,1.64720620048,1.72981317634,-1.5872655951
4.062075,-0.210391592147,0.0305958453874,-0.065351845231,-0.0523004990745,1.64769251511,1.73169962887,-1.58737064628
4.072057,-0.211556815895,0.0306611268502,-0.0655287926363,-0.052261243988,1.64802645788,1.73376900566,-1.58758331284
4.082039,-0.212850373169,0.030542307859,-0.0656155812394,-0.0522204682567,1.6481058761,1.73573558942,-1.58785301328
4.092022,-0.214059703303,0.0304547579165,-0.0656203330362,-0.0522449022174,1.64810246077,1.73747778523,-1.5879532851
4.102004,-0.215163667721,0.0306086349845,-0.0656815359433,-0.0521314187457,1.64784584725,1.73911079527,-1.58785408161
4.111986,-0.216046804055,0.0308585176363,-0.0653736751141,-0.0518902106166,1.64766377597,1.7405387677,-1.58779890198
4.121968,-0.217199361461,0.0309492794315,-0.0652934942977,-0.0519273136483,1.64799750919,1.74201502569,-1.58806152785
4.131950,-0.218645925112,0.0309518669329,-0.0653837710432,-0.0519724570958,1.6482333114,1.74378837956,-1.58819792816
4.141932,-0.21993619936,0.0309326595269,-0.0654795578329,-0.0519668116505,1.64817315819,1.74558834221,-1.58820557986
4.151914,-0.22103028123,0.0308595857479,-0.0655748760289,-0.0519025651165,1.64809873717,1.7473173068,-1.5883678918
4.161896,-0.222104455812,0.0307461401539,-0.0656138434581,-0.0518555683571,1.6481129334,1.74922587862,-1.5886805345
4.171878,-0.223175620185,0.0306188335312,-0.0654328931028,-0.0519560099549,1.64803720457,1.75144166109,-1.58889424356
4.181860,-0.224134472328,0.0304350551395,-0.0650554606858,-0.0522099719942,1.64792288303,1.75357450219,-1.58899532424
4.191842,-0.225163674069,0.0304285616212,-0.0649981209273,-0.0523458131447,1.64812972899,1.75546868744,-1.58902002316
4.201824,-0.226353164845,0.0306782248877,-0.0652783871212,-0.0522354546131,1.64836769694,1.7576000124,-1.58894720801
4.211806,-0.227515518707,0.0307411635908,-0.0653693038671,-0.0520951836537,1.6481751535,1.75972135411,-1.58919854464
4.221789,-0.228577884294,0.0307220340504,-0.0655214265919,-0.0519985087205,1.64795458384,1.76145381973,-1.58948080788
4.231771,-0.229547334837,0.0306132947625,-0.065625816154,-0.0518289559204,1.64776582851,1.76299048931,-1.58964011984
4.241753,-0.230604067843,0.0304851070064,-0.0655272662698,-0.0517329561817,1.64761834123,1.76442961086,-1.58977437161
4.251735,-0.231780481625,0.0304429217245,-0.0652922497636,-0.051844177496,1.64759780828,1.76584768981,-1.58998704384
4.261717,-0.232976199748,0.0304419270767,-0.0652197741125,-0.0520233012734,1.64771625775,1.76737495507,-1.59021109548
4.271699,-0.234117715271,0.0303424240609,-0.065488692508,-0.0520107857005,1.64783708577,1.76902391625,-1.59036449796
4.281681,-0.235179836697,0.0302697081815,-0.0657561001556,-0.0518824227435,1.64789362982,1.77049116083,-1.59065257207
4.291663,-0.236156138806,0.0304788013552,-0.0658018766469,-0.0518027924659,1.64802444181,1.77194123258,-1.5909900942
4.301645,-0.237130421973,0.0305165084569,-0.0656539597307,-0.0520926645134,1.64813493803,1.77383013876,-1.59111823787
4.311627,-0.238217949679,0.0304093778224,-0.0654995446007,-0.05246618842,1.64804080097,1.77559359209,-1.59102420139
4.321609,-0.239411056401,0.030334299389,-0.0653536002241,-0.0525065641744,1.64793701951,1.777262732,-1.59080693892
4.331591,-0.240500111116,0.0302238057159,-0.0652919654144,-0.0522847899661,1.64801756082,1.77906936982,-1.59081669312
4.341573,-0.241509539172,0.0300764383726,-0.0653059954428,-0.0520751693036,1.64814699263,1.7808991257,-1.59106741298
4.351556,-0.242407982177,0.0299617992027,-0.0653904744597,-0.0520567425148,1.64822646962,1.78259376127,-1.59124698604
4.361538,-0.243193970427,0.0298721289861,-0.0655162986422,-0.0522420084035,1.64843239568,1.78422813419,-1.59113928452
4.371520,-0.244126866952,0.0296803559885,-0.0655350037508,-0.052534411983,1.64893457721,1.78591486832,-1.59098314927
4.381502,-0.24521565068,0.0293912669933,-0.0653270616571,-0.0526901155628,1.64930750977,1.78728897646,-1.59123380978
4.391484,-0.246281074549,0.0291806149791,-0.0654750042964,-0.0527109559002,1.64954916976,1.78834870013,-1.59149216521
4.401466,-0.247198753759,0.0290419697043,-0.0657560017447,-0.0525674397267,1.64993239606,1.78936094458,-1.59141817967
4.411448,-0.248241760344,0.0290039847671,-0.0655865341515,-0.0524343603584,1.65025672397,1.79039558579,-1.59114316124
4.421430,-0.2491280195,0.0290690547365,-0.0656320088977,-0.052409011025,1.65065796828,1.79155457512,-1.59091771109
4.431412,-0.249946449625,0.0290615754976,-0.0657947361695,-0.0525593030616,1.65127311222,1.79288350733,-1.59076699718
4.441394,-0.250852149368,0.0290090028364,-0.0657506576569,-0.0527110956759,1.65204704309,1.79422925233,-1.59074056602
4.451376,-0.251802353237,0.0290432839677,-0.0654795283416,-0.0526978486135,1.65295540543,1.79545655075,-1.59080199958
4.461358,-0.252660774977,0.0291423356301,-0.0652677607507,-0.0526032953469,1.65404816407,1.79660787933,-1.59079245694
4.471340,-0.253476893299,0.0291208533373,-0.0653220400094,-0.0526222839587,1.65518190418,1.797728629,-1.59071525554
4.481322,-0.254181036167,0.0289547098961,-0.0656462039633,-0.0527340367056,1.65636608097,1.79860306461,-1.59082719815
4.491305,-0.254895258357,0.0286281918924,-0.0656151217486,-0.0527895631527,1.65722741354,1.79951749517,-1.59095953186
4.501287,-0.255675584193,0.0283569583867,-0.0653941676633,-0.0528308587,1.6584162751,1.80052197996,-1.59092772528
4.511269,-0.256396241302,0.0283655767392,-0.0654669512514,-0.0530285728702,1.65961330697,1.80137931207,-1.59100581839
4.521251,-0.25703367749,0.028568103541,-0.0654534650056,-0.053110808916,1.66054373445,1.80208472724,-1.59121838925
4.531233,-0.257796071912,0.0286594526073,-0.0652217337883,-0.0529232526508,1.66136874041,1.80289633764,-1.59129586927
4.541215,-0.258679633304,0.0286169421382,-0.0651122943507,-0.0526828121785,1.66228724408,1.80374011751,-1.59118097135
4.551197,-0.259461894168,0.0286332757615,-0.0653782516323,-0.0526579511877,1.66329720286,1.80441483639,-1.59105490528
4.561179,-0.260103029419,0.0286934935059,-0.0656768304823,-0.052747655114,1.66426572091,1.80500418528,-1.59099196637
4.571161,-0.260930298096,0.0285482791416,-0.0655151765403,-0.052646694732,1.66502103027,1.80540175617,-1.59089142988
4.581143,-0.261878575333,0.0283058209119,-0.0653399116769,-0.0525711936009,1.66529668452,1.80582721865,-1.59089640574
4.591125,-0.262566942288,0.028280449665,-0.0654873475068,-0.052360462934,1.66542227321,1.80612152178,-1.59112982121
4.601107,-0.262885568714,0.0280960024508,-0.0657226622449,-0.0522850731968,1.66599449933,1.80609589151,-1.59123668379
4.611089,-0.263059262666,0.0277028081923,-0.0658362659391,-0.0524891453227,1.66662172232,1.80601028548,-1.59124053159
4.621072,-0.263234743993,0.0275501293743,-0.065719292463,-0.0527264519051,1.66676143274,1.80598852992,-1.59124538655
4.631054,-0.263496599072,0.0275905522545,-0.0656535667215,-0.0528813101468,1.66652204724,1.8060382502,-1.59124714376
4.641036,-0.26390908059,0.0276162525111,-0.0658109522329,-0.0528825155088,1.66634463804,1.80613746366,-1.59122354625
4.651018,-0.264372614732,0.0276613201531,-0.0659516699822,-0.0527183646955,1.66639747045,1.80620691371,-1.59114488186
4.661000,-0.26451792759,0.0277659267392,-0.0658283651026,-0.052666260839,1.66647020002,1.80611666904,-1.59092698746
4.670982,-0.264309273213,0.0278462664824,-0.0657534649447,-0.0527796715145,1.66656842437,1.80616982404,-1.59087506839
4.680964,-0.264323553362,0.0279316583473,-0.0660020735844,-0.0525916027767,1.66674419559,1.80614283759,-1.5910104037
4.690946,-0.264290162587,0.0280104479109,-0.0658593370617,-0.0526489832863,1.66679868175,1.80587175616,-1.59104878084
4.700928,-0.263904306849,0.0280068072865,-0.0657807650302,-0.0528644601443,1.66699186327,1.80561808432,-1.59103589404
4.710910,-0.263782897543,0.028072734023,-0.0658257729273,-0.0528234516763,1.66708370113,1.80541219624,-1.59095508879
4.720892,-0.264134692757,0.0279893733927,-0.0657505278393,-0.0526489937834,1.66693842778,1.80521020817,-1.59090420136
4.730874,-0.264438871716,0.0277895354485,-0.0655388280194,-0.0526526891981,1.66670297783,1.80501873959,-1.5910199663
4.740856,-0.264314025948,0.0277685744552,-0.0653962298676,-0.0528166814659,1.66659064296,1.80488265217,-1.59127389849
4.750839,-0.264166527347,0.0280179576352,-0.065395957256,-0.05279196677,1.66656659588,1.80482038825,-1.59146927745
4.760821,-0.264344058771,0.0282601786692,-0.0653790289741,-0.0525323204346,1.66633497677,1.80482036823,-1.59156577878
4.770803,-0.26413687118,0.0280699826744,-0.0654108977214,-0.052367670708,1.66601796213,1.80479352443,-1.59146249266
4.780785,-0.264037866689,0.0278975559979,-0.0654590138095,-0.0524906684525,1.66618496546,1.80490252424,-1.59114548905
4.790767,-0.2639956925,0.0280786836274,-0.0658145700476,-0.0527670099102,1.66625502733,1.80496253055,-1.59093705336
4.800749,-0.26377881845,0.0282849968473,-0.0661732059089,-0.0529910277249,1.66616127211,1.80512154827,-1.59079985994
4.810731,-0.263542699139,0.0283899261933,-0.066258645707,-0.0530709087753,1.66606881493,1.80523811009,-1.59087374404
4.820713,-0.263396995614,0.028470221849,-0.0661300213407,-0.0529984267617,1.66599124358,1.80519955084,-1.59102669821
4.830695,-0.263255159631,0.0285511637972,-0.0659567496798,-0.0528077763906,1.6659666392,1.80518738528,-1.59108322849
4.840677,-0.263062280475,0.0285442422636,-0.0657991692308,-0.0526308248495,1.66610140697,1.80535682353,-1.59109811717
4.850659,-0.263034667673,0.0284569066665,-0.0656644391215,-0.0526634667116,1.66628798019,1.80543751536,-1.59120554179
4.860641,-0.263292778149,0.0285392039079,-0.065691026913,-0.0526956646462,1.6660910901,1.80549901087,-1.59109812217
4.870623,-0.263293406962,0.0285948107957,-0.0658963116127,-0.0523983876554,1.6658822308,1.80554074716,-1.59109271953
4.880605,-0.263060354974,0.0285736559943,-0.0658991905324,-0.0522818901452,1.66595927571,1.80537286991,-1.59119444531
4.890588,-0.262838286174,0.0285735525767,-0.0657709988237,-0.0525025349826,1.66596305593,1.80530276086,-1.59124560145
4.900570,-0.262853086332,0.0284663112778,-0.0659709605717,-0.0527973019135,1.66579967198,1.8051532006,-1.59116224911
4.910552,-0.262955195642,0.0283294312717,-0.0661975576037,-0.0528412765167,1.66565432693,1.80489024327,-1.59109786732
4.920534,-0.262915183637,0.0282882329348,-0.0662513503036,-0.0527869568817,1.66572332443,1.80457783554,-1.59113516848
4.930516,-0.26270956646,0.028332638643,-0.0662319733727,-0.0526812693556,1.66586578335,1.80442992314,-1.59115839856
4.940498,-0.262589847378,0.0282681119878,-0.0661770450086,-0.0523021809244,1.66577180763,1.80464318717,-1.59098665594
4.950480,-0.262843227513,0.0279055674822,-0.0659753179606,-0.0522175622842,1.66567115597,1.8049073671,-1.59065898563
4.960462,-0.263001313321,0.0278313693066,-0.0660246496604,-0.0526238377047,1.66589927634,1.80483485251,-1.59082845284
4.970444,-0.263032650366,0.0280973869881,-0.0661862825977,-0.0525695744824,1.66623014113,1.8047597259,-1.59126522417
4.980426,-0.262873092114,0.0283058460189,-0.0660012738896,-0.0523364897869,1.66631909684,1.80474362831,-1.59117329203
4.990408,-0.262615946157,0.0283627606033,-0.0657949000758,-0.0523051475706,1.6662978372,1.80460937195,-1.59090398557
5.000390,-0.262361881391,0.0282834529687,-0.0657193569409,-0.0524505861739,1.6660875046,1.80444511026,-1.59090988645
5.010372,-0.262231981292,0.0281125642646,-0.0657858636853,-0.0525602166147,1.66564481844,1.80436006753,-1.59110885352
5.020355,-0.262163796467,0.0278863682994,-0.0659290152012,-0.0526147991999,1.66524291124,1.80448128782,-1.59119144673
5.030337,-0.262089478319,0.0276811937974,-0.0660242600589,-0.0526383330839,1.66521266263,1.80471644651,-1.59109179264
5.040319,-0.26215796881,0.0276536467948,-0.0659875793669,-0.0524631225566,1.66541874997,1.80464633676,-1.59099829011
5.050301,-0.262182948072,0.0278852996668,-0.0660878492228,-0.0523983506067,1.66533549681,1.80432225312,-1.59075898166
5.060283,-0.262031667375,0.0277183861627,-0.0663531314149,-0.0526693278425,1.66515776213,1.80439332596,-1.59058128489
5.070265,-0.261970358154,0.0276439183358,-0.0661159499922,-0.0526400487714,1.66514598375,1.80441191919,-1.59088441053
5.080247,-0.261877182641,0.0279558959133,-0.0659191716804,-0.0526257683001,1.66533834244,1.8044032392,-1.59105649936
5.090229,-0.261889158794,0.0281243612637,-0.0658963829836,-0.0528702017696,1.66554506543,1.8043773744,-1.59097568069
5.100211,-0.262009445105,0.0279294668285,-0.06568795573,-0.0530129130659,1.66549233729,1.80429154683,-1.59090373644
5.110193,-0.261980752935,0.0276077610323,-0.0655644052613,-0.0528018387728,1.66530741346,1.80418168063,-1.59089101809
5.120175,-0.261748704187,0.0274857606249,-0.0658558561287,-0.0525258117338,1.66514264511,1.8040893946,-1.59088722128
5.130157,-0.261613174054,0.0275815354917,-0.0662763160752,-0.0525922480766,1.66487542139,1.80400359863,-1.59095449328
5.140139,-0.261658534034,0.0276076289981,-0.066458423324,-0.0526961057251,1.66453687626,1.80400193483,-1.59111855115
5.150122,-0.261584641977,0.0276077650079,-0.066344940959,-0.0524855160103,1.66457241356,1.80444226273,-1.59155152277
5.160104,-0.261388055855,0.0276078976675,-0.0660613952715,-0.0522673245851,1.66501679401,1.80488895313,-1.59164194022
5.170086,-0.261459835875,0.0275940663056,-0.0659631785561,-0.0523857409178,1.66546832267,1.8050110172,-1.59142645832
5.180068,-0.261491866194,0.0275043302866,-0.0660469651187,-0.0527074149351,1.66527403794,1.80460310385,-1.59128373651
5.190050,-0.261428031304,0.0274338917512,-0.0660525769068,-0.0529214536773,1.66498957451,1.80414194613,-1.59117468076
5.200032,-0.26140239178,0.0274889352934,-0.066049796676,-0.0526997185178,1.66478973676,1.80397222055,-1.59096090224
5.210014,-0.261446678944,0.0275814627922,-0.0661152689011,-0.0523812100048,1.66467556891,1.80401230384,-1.59080850239
5.219996,-0.261365750887,0.0275585818302,-0.0661309436686,-0.0524675407521,1.66469433504,1.80399189105,-1.59091378109
5.229978,-0.261067593088,0.0274514895688,-0.066050581787,-0.0527135968685,1.6647922787,1.80385505673,-1.59109420506
5.239960,-0.261168098521,0.0273748390909,-0.0662739909554,-0.0526607019493,1.66482512023,1.80381558066,-1.59121277124
5.249942,-0.261295586206,0.0273099560622,-0.0663415173117,-0.052598563722,1.66467358773,1.80379077984,-1.5911635534
5.259924,-0.260973787055,0.0273475203709,-0.0661018294937,-0.0526018129216,1.66461939506,1.8036728518,-1.59108184795
5.269906,-0.260816000948,0.0276519410324,-0.0660043386416,-0.0523999319224,1.66451377536,1.80361320284,-1.59121753439
5.279889,-0.260878964356,0.0277847645866,-0.0661627467732,-0.0523628932778,1.66444115989,1.80377783164,-1.59127765002
5.289871,-0.261108516052,0.0278888500094,-0.0662383579251,-0.0525609594588,1.66449661372,1.80393861547,-1.59136168866
5.299853,-0.261184351628,0.0279682617176,-0.0660549980269,-0.0526399678537,1.66452373759,1.80404278727,-1.59138646605
5.309835,-0.261163483394,0.0278935899144,-0.065782116352,-0.0524972036444,1.66445268649,1.80426346397,-1.59126047094
5.319817,-0.261300371515,0.027723847979,-0.0656712637233,-0.0524958021939,1.66448036201,1.80457459482,-1.5911213264
5.329799,-0.261133185721,0.0276968343159,-0.06569951863,-0.0527879061676,1.66469093393,1.80450985847,-1.59112112938
5.339781,-0.260999536576,0.0276887553094,-0.065659968618,-0.0529350998042,1.66465442347,1.80416075652,-1.59123505525
5.349763,-0.26103900918,0.0273042041193,-0.0653630834657,-0.0527478738138,1.66443712805,1.80395165728,-1.59130039553
5.359745,-0.260762192631,0.0273840598273,-0.0658407164383,-0.0523886386165,1.66442607564,1.80367080527,-1.59126518186
5.369727,-0.260571516183,0.0275185806398,-0.0663855751191,-0.0523632744648,1.6644971744,1.80363194822,-1.59119385381
5.379709,-0.260638923662,0.0277654520397,-0.0666475178455,-0.0523358116759,1.66465081585,1.80384707463,-1.59110078166
5.389691,-0.260922101139,0.0278022676473,-0.0668134057608,-0.0522759795775,1.66459608365,1.80396226802,-1.59108677204
5.399673,-0.261051219945,0.0275537881424,-0.0667113118087,-0.0523652951675,1.6643165364,1.80395056356,-1.59104729274
5.409655,-0.260923306479,0.027418143918,-0.0662251254641,-0.0525868792993,1.66415176751,1.80400704197,-1.59096369018
5.419638,-0.260983897391,0.0277115047237,-0.0659038605606,-0.0527224160428,1.66434560616,1.80407475815,-1.5910668016
5.429620,-0.261179047053,0.0279604845726,-0.0659593044234,-0.0529127947955,1.66467570318,1.80406149077,-1.59109563834
5.439602,-0.261148271759,0.0276680053777,-0.0660174191685,-0.0530512666708,1.66446856796,1.80445942809,-1.59109598633
5.449584,-0.260958780859,0.027387200202,-0.0658772324276,-0.0526243741173,1.66438320924,1.80445243091,-1.59109632957
5.459566,-0.260787637524,0.0273333650941,-0.0658291404016,-0.0524930508482,1.66459167938,1.80405603894,-1.59109666848
5.469548,-0.260901748161,0.0275010986996,-0.0658372261665,-0.0526483694385,1.66472654226,1.80375173828,-1.5910970031
5.479530,-0.260966782069,0.0274227095358,-0.0659924553793,-0.0528901683053,1.66465421499,1.8036967918,-1.59109118923
5.489512,-0.261025233551,0.0272013233538,-0.0662352640837,-0.0529499760939,1.66443556708,1.80370438327,-1.59103466688
5.499494,-0.260991637378,0.0271661600459,-0.0663474726015,-0.0528108019535,1.66422131364,1.80362873099,-1.59098260304
5.509476,-0.260688549124,0.0273609442677,-0.0662902300766,-0.052648851686,1.66417266237,1.80356263455,-1.59100348436
5.519458,-0.260596945998,0.0275344569954,-0.06639663336,-0.0524833806014,1.66433200315,1.8036116741,-1.59093205359
5.529440,-0.260882735126,0.0271623866492,-0.0665676358721,-0.0524197604984,1.6643123908,1.8035444611,-1.5905997386
5.539422,-0.260826860434,0.0271631219494,-0.0664766134888,-0.0520744952929,1.66421503915,1.80372067748,-1.59093023506
5.549405,-0.26075139708,0.0274819398813,-0.0662959490829,-0.05187656802,1.6639086921,1.80362102173,-1.59120751829
5.559387,-0.26068824313,0.0277788393931,-0.0661288649098,-0.0522105456309,1.66396732189,1.80355054802,-1.59108547901
5.569369,-0.26075670179,0.0278859505174,-0.0658837191724,-0.0525023729579,1.66411677217,1.80337295754,-1.59101866062
5.579351,-0.261052396496,0.0277506239646,-0.0658289753977,-0.0525595060304,1.66414611563,1.80319521999,-1.59107937082
5.589333,-0.261183437439,0.0276242576563,-0.0659752797268,-0.0523766245414,1.66423584197,1.80325197701,-1.59105086103
5.599315,-0.260987101525,0.0276332202283,-0.0659789923393,-0.0521301442535,1.66433328916,1.80343166749,-1.59092595075
5.609297,-0.260846354344,0.0276181044657,-0.0657267284069,-0.0521378140079,1.66403306998,1.80334351596,-1.59098147494
5.619279,-0.260495173248,0.0277954431604,-0.0657979709151,-0.0523604440973,1.66376743023,1.80320021642,-1.59118722238
5.629261,-0.260179529598,0.0277866682753,-0.0657225951098,-0.0524998513603,1.66404698324,1.80340909997,-1.59148257046
5.639243,-0.260556443192,0.0278174308268,-0.0657788353028,-0.0523166918346,1.66412262835,1.80378014228,-1.59134127043
5.649225,-0.26082720785,0.0276718714021,-0.0660825444735,-0.0523018166636,1.66423585026,1.80398980678,-1.59141906488
5.659207,-0.260909416257,0.0273457659326,-0.0662216083057,-0.0523626663854,1.66439461029,1.80417197479,-1.59138327974
5.669189,-0.260836550229,0.027075614828,-0.0662512635202,-0.0524580399278,1.6643264148,1.80425012669,-1.59123226272
5.679172,-0.26061369375,0.0271524098997,-0.0663141376611,-0.0524156875459,1.66402895077,1.80413466976,-1.59112601034
5.689154,-0.260342143589,0.0273822637549,-0.0664123200431,-0.0523485580698,1.66377131406,1.8038823914,-1.59115546866
5.699136,-0.260278095758,0.0274805335892,-0.0664199932896,-0.052447454043,1.66372407292,1.80368884086,-1.59125709105
5.709118,-0.260598482439,0.027703294504,-0.0662858180429,-0.0524537199555,1.66374621508,1.80368457444,-1.59126576664
5.719100,-0.260908522664,0.027678990187,-0.0662758698003,-0.0523503488419,1.66386925529,1.80364163619,-1.59098904322
5.729082,-0.260753214321,0.0274497066783,-0.0665043018433,-0.0524006368391,1.66406221844,1.80367151197,-1.59077338572
5.739064,-0.260955579835,0.0274435110757,-0.0665501700776,-0.052611806173,1.66421788705,1.80353024145,-1.59083389271
5.749046,-0.26099095457,0.0275151693136,-0.0664327598613,-0.0525605945529,1.66439467838,1.80356753803,-1.59090549613
5.759028,-0.260906881716,0.0277778312389,-0.066460094724,-0.0525786036615,1.66438965669,1.80371535171,-1.59082522022
5.769010,-0.260900008212,0.0278911058334,-0.0662462799757,-0.0525868918575,1.66423572459,1.80367744878,-1.59088102154
5.778992,-0.260851930678,0.0277185122434,-0.0661122433175,-0.0524624572545,1.66400605171,1.80355359307,-1.59116713228
5.788974,-0.260761994397,0.0274794464271,-0.0663978409371,-0.0524381941886,1.66382273247,1.80362162575,-1.59139968344
5.798956,-0.260865844572,0.0274322666766,-0.066651255931,-0.0527577539572,1.66388887475,1.80379289443,-1.59131467451
5.808938,-0.260908186362,0.0275470909333,-0.0665840756438,-0.0528822753448,1.66424118311,1.80367090136,-1.59113922832
5.818921,-0.261019112741,0.0273427887343,-0.0664249287288,-0.0525648207266,1.66426302114,1.80391731785,-1.5911027206
5.828903,-0.260973890347,0.027079554637,-0.0658427041479,-0.0524861918838,1.6642966885,1.80425465704,-1.59099003273
5.838885,-0.260762278701,0.0271574015578,-0.065615287764,-0.0521747579933,1.66405972655,1.80438410204,-1.59101440187
5.848867,-0.260704799604,0.0273073460565,-0.0654937350975,-0.0520154950585,1.66391005743,1.80419715158,-1.59119831988
5.858849,-0.260529678016,0.0275602044123,-0.0658105797382,-0.0524044711606,1.66397149942,1.80402484107,-1.59112706854
5.868831,-0.260404002024,0.0277016153513,-0.0662542010825,-0.0526713378623,1.66406567768,1.80404988689,-1.5909544876
5.878813,-0.260600496179,0.0275522370207,-0.0664510051062,-0.0524535208331,1.66413389067,1.8040564763,-1.5909555365
5.888795,-0.260941058998,0.0273161683214,-0.0664211197242,-0.0521938152482,1.66427331378,1.80383060354,-1.59108071397
5.898777,-0.260919324939,0.0274145485861,-0.0663187245518,-0.0522719064531,1.66443823367,1.8036256687,-1.59113005736
5.908759,-0.260708776757,0.0277236098705,-0.0661109211744,-0.052474482283,1.6644601876,1.8037448064,-1.59124534841
5.918741,-0.260952779077,0.0279502010374,-0.0663576209765,-0.0527425645954,1.66433758386,1.80377650757,-1.5913208561
5.928723,-0.261069166671,0.027885046634,-0.0664754157057,-0.0527904734626,1.66403499637,1.80388426681,-1.59117669858
5.938705,-0.260953947899,0.0277084774697,-0.0662678179819,-0.0523740956469,1.66378933357,1.80386857873,-1.59121625564
5.948688,-0.260796434996,0.027543489807,-0.0661079537396,-0.0522306903297,1.66369794783,1.80368578553,-1.59129420792
5.958670,-0.260616670336,0.027435886038,-0.0661574398819,-0.0522123693022,1.66382175944,1.80365853082,-1.59116230424
5.968652,-0.260440135813,0.0274708256786,-0.0662599274784,-0.0519690153187,1.66401898816,1.80379409502,-1.59096173057
5.978634,-0.260354301128,0.0275875906442,-0.066241531416,-0.0517360421102,1.66408744394,1.80383258651,-1.59094695569
5.988616,-0.260383648735,0.0275853922748,-0.0661904482952,-0.0520455817165,1.66403832703,1.80357769498,-1.59107962073
5.998598,-0.260380914928,0.0274860318965,-0.0663827003948,-0.0526127068026,1.66409093945,1.80308648312,-1.59110976277
6.008580,-0.260331219887,0.0275261410564,-0.0668207282915,-0.0526709121267,1.66388296409,1.80310014198,-1.59110992616
