time,right_s0,right_s1,right_e0,right_e1,right_w0,right_w1,right_w2
0.631558,-0.0689442046722,0.0561940185849,-0.0456954060045,-0.0498251525848,1.62882459444,1.46688281757,-1.5742265918
0.641544,-0.0685713870122,0.0559574495833,-0.0449949425933,-0.0496449818382,1.62938623664,1.46697253708,-1.57411461062
0.651530,-0.0680552332215,0.0559168550305,-0.0445371712266,-0.0496818499149,1.63019439442,1.46734541925,-1.57404033885
0.661516,-0.067424885146,0.0559308334037,-0.0440698898142,-0.0499266688556,1.63085997139,1.46763282769,-1.57395629828
0.671502,-0.0667543229013,0.0557654096514,-0.0434563760641,-0.0500029715978,1.63139214521,1.4674455798,-1.57380163074
0.681488,-0.0661895582718,0.0554862381311,-0.0428021244353,-0.0498806285641,1.63191969535,1.46727190397,-1.57367850827
0.691474,-0.0657764338475,0.0552729171082,-0.0421594273445,-0.0496206210099,1.63242704383,1.4674211883,-1.57373096962
0.701460,-0.0654529496088,0.0552128559636,-0.041581482123,-0.0493851338858,1.63290453288,1.46775004874,-1.57379923391
0.711446,-0.0650797098271,0.0552858444951,-0.0411213965224,-0.0493600259497,1.63335696558,1.46797675503,-1.57364779811
0.721432,-0.0645484194528,0.0553767612463,-0.0407251577934,-0.0494969263961,1.633734442,1.46799652682,-1.57349537405
0.731418,-0.0640666492229,0.0551626129974,-0.0404342569772,-0.0496246036567,1.63428153954,1.46810489741,-1.57364545041
0.741404,-0.0636636710884,0.0547061964693,-0.0401366347219,-0.0497683377457,1.63478065316,1.46845035037,-1.5735527888
0.751390,-0.0631061865741,0.0544757373531,-0.0394296002048,-0.049723307209,1.63519342427,1.46826912524,-1.57340740036
0.761376,-0.0626917861453,0.0545494466903,-0.0390060076149,-0.0494675026538,1.63572637607,1.46834966561,-1.57339266489
0.771362,-0.0624145262538,0.0547673551704,-0.0390331522714,-0.0492175229725,1.63606962939,1.46869223315,-1.57322160365
0.781348,-0.0621907563935,0.054612832003,-0.03885057886,-0.049211464754,1.63630699683,1.46863661644,-1.57322209014
0.791334,-0.0618379290157,0.0542907033679,-0.0384944958826,-0.0492630642351,1.63662541408,1.46828816197,-1.57330720941
0.801320,-0.0614277188864,0.0540282322611,-0.0379512326061,-0.049315221312,1.63713530672,1.46815312806,-1.57327743713
0.811306,-0.0611684286225,0.0538937428432,-0.0373398376452,-0.0493695451627,1.63778131747,1.4682430412,-1.57305689577
0.821292,-0.0610000341705,0.0539208888267,-0.0370207680533,-0.049289892137,1.63828571236,1.46821285641,-1.57281869062
0.831278,-0.0605966442128,0.0539985186568,-0.0369241248944,-0.0490729502163,1.63834565876,1.46814665307,-1.57288077283
0.841264,-0.0600904517197,0.0538517411957,-0.0365521432621,-0.049113817916,1.6382644106,1.46810475311,-1.5730051738
0.851250,-0.059779182465,0.0535365181481,-0.0362164478088,-0.0492820954775,1.6385918995,1.46828376906,-1.57300983779
0.861236,-0.0593208699485,0.0531350708909,-0.0360388288766,-0.0491239235906,1.63897242554,1.46817704442,-1.57308667912
0.871222,-0.0589102435933,0.0533267919328,-0.0355950531972,-0.0489797768324,1.63911841638,1.46813481986,-1.5730999929
0.881208,-0.0586667059444,0.0535475562902,-0.035204140755,-0.0490063803803,1.63937316048,1.46803175525,-1.57297308653
0.891194,-0.0585654650156,0.0536388861512,-0.0350362289418,-0.0492621267789,1.63963311902,1.46789366542,-1.5729578145
0.901180,-0.0584131650128,0.053658380628,-0.0348586683813,-0.0495588556798,1.63990911943,1.46789949803,-1.57298706961
0.911166,-0.0583033286939,0.0535356590322,-0.0346369481376,-0.0497187197586,1.64019094042,1.46803944992,-1.57290696338
0.921152,-0.0582452857898,0.0533041606968,-0.0344735062546,-0.0495957521414,1.64053705589,1.46810613225,-1.5727805904
0.931138,-0.0579659083881,0.05314320174,-0.0343765216062,-0.0492992119807,1.64094182108,1.46798911774,-1.57278224811
0.941124,-0.0574440706467,0.0530516160994,-0.0343296408451,-0.0493323029076,1.64107237259,1.46785076023,-1.57289460074
0.951110,-0.0569780851273,0.0531603760333,-0.0341158664695,-0.0494832101157,1.64102280493,1.46785964925,-1.57302924661
0.961096,-0.0569280515443,0.0530966451911,-0.0339468390398,-0.0493290640761,1.64130383219,1.46799925631,-1.5729923374
0.971082,-0.0569898134044,0.0530736224944,-0.0337756930485,-0.0491744622756,1.64157607249,1.46815999348,-1.57271051656
0.981068,-0.0567975906927,0.0530126727851,-0.0339315772544,-0.0491062964325,1.64177641698,1.46809560982,-1.57236584041
0.991054,-0.0566364990873,0.053069700596,-0.0340014367451,-0.0491956347115,1.64202458009,1.46794303972,-1.57233831807
1.001040,-0.0563278520347,0.0530876986804,-0.0336435399002,-0.0492636850476,1.64195539196,1.46787067953,-1.57253925466
1.011026,-0.055932802589,0.0530518156887,-0.0330976830897,-0.0493258570885,1.64184711634,1.46787327481,-1.57268360317
1.021012,-0.0555986992334,0.0530053174919,-0.0326916183431,-0.0493503654533,1.64214832741,1.46793941719,-1.57263407453
1.030998,-0.05553146621,0.0529671432437,-0.0323966533829,-0.0493389975738,1.64270312443,1.46803709353,-1.57251129349
1.040984,-0.0557174414232,0.0529669094257,-0.0320647500752,-0.0494527220237,1.64308885736,1.46807196384,-1.57247186077
1.050970,-0.0556079859885,0.0530298783426,-0.03192625618,-0.0496694928727,1.64344913232,1.46801923462,-1.57245719229
1.060956,-0.0553547799766,0.05304413713,-0.0321317998893,-0.0494172932335,1.64338590638,1.46794299219,-1.57246535487
1.070942,-0.0551565521833,0.0529548721597,-0.0319164582979,-0.0490743888168,1.64319940486,1.46790705385,-1.57258047369
1.080928,-0.0550183882677,0.0527858020703,-0.0318202253346,-0.0488573102279,1.64335476809,1.46830792796,-1.57273718888
1.090914,-0.0546738348328,0.0523790376326,-0.0321935508859,-0.0487944857235,1.64341545855,1.46856960761,-1.57277362016
1.100900,-0.054435955669,0.0522918059777,-0.0321166584736,-0.0487659222571,1.64327953775,1.46863671993,-1.57275338676
1.110886,-0.0543776110175,0.0526343695501,-0.0317354862545,-0.0486914182204,1.6432602726,1.46857983452,-1.57266074882
1.120872,-0.0542796763353,0.0529270362772,-0.0314457101737,-0.0486805376798,1.64343627604,1.46856514572,-1.57256401593
1.130858,-0.0541115128553,0.0528407261788,-0.0313171176323,-0.0488043210065,1.64374601695,1.46862582864,-1.57254082567
1.140844,-0.0540341524207,0.0525526138079,-0.031233411032,-0.048945004485,1.64401581881,1.46860688222,-1.57259695083
1.150830,-0.0540596456366,0.0523830978005,-0.0311942875854,-0.0490260913348,1.64408071003,1.46842945015,-1.57271202806
1.160816,-0.0540318845181,0.0523374922053,-0.0312449609094,-0.0492168832605,1.6441295077,1.46828948577,-1.57287679677
1.170802,-0.054080066572,0.0524257532209,-0.0312913184974,-0.0491683666585,1.64433649771,1.46811556341,-1.57286830373
1.180788,-0.0541922259307,0.0523035406662,-0.0310295184154,-0.0489598763677,1.64419662113,1.46822430562,-1.57285438202
1.190774,-0.0542455743127,0.0521112595353,-0.0308176099931,-0.0489267170813,1.64417224392,1.46827542743,-1.57257352952
1.200760,-0.0541235666111,0.0520504627158,-0.0306460906282,-0.0488164734259,1.64427106045,1.46837408063,-1.5722699818
1.210746,-0.0538160723896,0.0521217226057,-0.0302785132982,-0.0488530191708,1.64439806141,1.46843287488,-1.57221169503
1.220732,-0.0536879629234,0.0522477534554,-0.0303314162705,-0.0489958617119,1.64446093953,1.46835591423,-1.57233651432
1.230718,-0.0537523209222,0.0522684116182,-0.0306729013857,-0.0490909055101,1.64439705364,1.46828012626,-1.57236809117
1.240704,-0.0538102354121,0.0522381417779,-0.0306543262766,-0.0491151446366,1.64444169442,1.46831662347,-1.57233911274
1.250690,-0.0537822876464,0.0522656603776,-0.0302240849934,-0.0491684116825,1.64463532513,1.46840722138,-1.57235189716
1.260676,-0.0537275035296,0.0521916923836,-0.0300421480475,-0.0493011721654,1.64467881666,1.46845320992,-1.57225519057
1.270662,-0.0536215331709,0.0518586012484,-0.0302715611897,-0.0494211538476,1.64480043839,1.46848392094,-1.57210452807
1.280648,-0.0533460585715,0.0518693432841,-0.0305713970793,-0.0493223421531,1.64499300919,1.46868020548,-1.57218293433
1.290634,-0.0531103289741,0.0521688264544,-0.0307166510795,-0.0491126083615,1.64483075163,1.46853529025,-1.57210486976
1.300620,-0.0532988410342,0.0522581476428,-0.0304998279826,-0.0488788300436,1.64487612616,1.46828908221,-1.57208869452
1.310606,-0.0535616424987,0.0523673488144,-0.0301853695597,-0.0488393173995,1.64503237471,1.46835324292,-1.572383228
1.320592,-0.0535838806529,0.0525046903793,-0.0302202918094,-0.0489821442515,1.64487478161,1.46838838512,-1.57255859809
1.330578,-0.0533271133678,0.0524836107648,-0.0304710357653,-0.0489255322688,1.64478280096,1.46841476604,-1.57235638391
1.340564,-0.0530018406436,0.0522553915758,-0.0305112632356,-0.0489071987163,1.64502701137,1.46847389205,-1.57209428129
1.350550,-0.0528456508179,0.0519298524553,-0.0302526154734,-0.0490314318942,1.64527882125,1.46853855293,-1.57197247022
1.360536,-0.0529964958451,0.0516876130365,-0.0299929219635,-0.0490109699687,1.64522648322,1.46848111618,-1.57190583015
1.370522,-0.0533193538589,0.0516903175573,-0.0299408706696,-0.0488298264379,1.64513053113,1.46825050399,-1.57196629329
1.380508,-0.0533067504273,0.0519428921676,-0.0299743352171,-0.0489288719052,1.64520668153,1.46821229677,-1.57234373819
1.390494,-0.053259361053,0.052162209746,-0.0301063471607,-0.0492064891227,1.64527104053,1.46833286962,-1.57254728355
1.400480,-0.0533589197793,0.0522678626669,-0.0302870362639,-0.0492750310032,1.64524223406,1.46849905355,-1.57237056901
1.410466,-0.0532360282572,0.0521176758317,-0.030345155048,-0.0490576597716,1.64524573692,1.46853985456,-1.57225567145
1.420452,-0.0533133940099,0.0519243940237,-0.0303648421304,-0.0489754183207,1.64514432606,1.4685395574,-1.57235788695
1.430438,-0.0536165960511,0.0521894472161,-0.0304055479433,-0.0492158974617,1.64513984554,1.46851992233,-1.57231929555
1.440424,-0.053634181631,0.0524642129998,-0.0305697178309,-0.0494236445421,1.64508952705,1.46842882288,-1.572178484
1.450410,-0.0534579099145,0.052397632072,-0.030752101741,-0.0492966993561,1.64480626864,1.46827200346,-1.57201455994
1.460396,-0.0533847142383,0.0521536417769,-0.0307662223073,-0.0490832266165,1.64445590913,1.46814797886,-1.57190944211
1.470382,-0.0534069112031,0.0520071982952,-0.0306257063211,-0.0491314811022,1.64440785946,1.46811417374,-1.57193893244
1.480368,-0.0533546619111,0.0519586292971,-0.0305024979559,-0.0492497285242,1.64476071194,1.46810660693,-1.57208232634
1.490354,-0.0531997162871,0.0519550935227,-0.030349513445,-0.0491118088485,1.64520919987,1.4681009018,-1.57227423568
1.500340,-0.0533049313419,0.0518430414412,-0.0303317898998,-0.0488832361866,1.64529897533,1.4681117933,-1.57244245679
1.510327,-0.0531119929148,0.0519126162231,-0.030160082583,-0.0488793533406,1.64528822842,1.46822781297,-1.57260315147
1.520313,-0.0529261452506,0.0519657237111,-0.0303069575703,-0.0490405745495,1.64535676084,1.46837214326,-1.57254578264
1.530299,-0.0529102609078,0.0518567836332,-0.0306717200541,-0.0488083695451,1.64535630238,1.46831133952,-1.57239615083
1.540285,-0.0531144011728,0.0517377664681,-0.0308562624265,-0.0486494791886,1.64509354646,1.46807595064,-1.57231196582
1.550271,-0.0534424952435,0.0518181480939,-0.0309233104196,-0.0488473521674,1.64487802696,1.46790419761,-1.57224220036
1.560257,-0.0536160431586,0.0521530815161,-0.0309030635846,-0.0492248296254,1.64477989243,1.467927578,-1.57223378042
1.570243,-0.0535631392158,0.0524311329993,-0.0308588461041,-0.0494380035269,1.64453791094,1.46806721035,-1.572354689
1.580229,-0.0535015462167,0.0523840537489,-0.0309200772857,-0.0494057464919,1.6441957826,1.46818067927,-1.57250965993
1.590215,-0.0535277943747,0.0522445183578,-0.0310578232355,-0.0493660996413,1.64420599926,1.468223442,-1.57256295083
1.600201,-0.0533714697717,0.0522137042773,-0.0311113470299,-0.0494187117762,1.64432482533,1.46821745844,-1.57263813411
1.610187,-0.053060912793,0.0522205314367,-0.0309256706358,-0.0495204036008,1.64443366323,1.46830509323,-1.57245989332
1.620173,-0.0531688274607,0.052227783082,-0.0309026435102,-0.0497061988089,1.64430557868,1.4681279346,-1.57224569273
1.630159,-0.0533524618249,0.0522201210916,-0.0311750695917,-0.0496196670854,1.64413940822,1.46802753227,-1.57234147846
1.640145,-0.0534816928281,0.0521408379522,-0.0314242244879,-0.0493717866392,1.6443093601,1.46829306603,-1.57257592808
1.650131,-0.0535554926794,0.0520705848718,-0.0314174493617,-0.0490624681162,1.64461335728,1.46848816725,-1.57274263696
1.660117,-0.0537373722722,0.0520670778063,-0.0313464949225,-0.048968112909,1.64461296429,1.4684561176,-1.57271651391
1.670103,-0.0538912174448,0.0520763635043,-0.0314817091732,-0.0491460914054,1.64437655313,1.46835216664,-1.57269051611
1.680089,-0.0538646823099,0.0520803767897,-0.0317178899586,-0.0494074557491,1.64421191456,1.46825908863,-1.57270406941
1.690075,-0.0538052510385,0.05210016924,-0.0317490237403,-0.0495352549664,1.64411831075,1.46810892044,-1.57256992686
1.700061,-0.0538622480518,0.0520952294489,-0.0315887983083,-0.0494788345818,1.64382145521,1.46792232447,-1.57236835005
1.710047,-0.0537073196712,0.0521271672552,-0.0314807642722,-0.0494236162178,1.64337210425,1.46779782281,-1.57237620287
1.720033,-0.0534360228077,0.0521298968008,-0.0317318333023,-0.0494374168815,1.64340404545,1.46782377871,-1.57244517406
1.730019,-0.0535536885675,0.0522667138969,-0.0318929870313,-0.0493175062241,1.64359735679,1.46787269194,-1.57221982418
1.740005,-0.0539697146956,0.0523465246265,-0.0318560939542,-0.0492697333311,1.64368869132,1.46765895332,-1.57223034594
1.749991,-0.0543230348114,0.0524653799741,-0.0318865915649,-0.0492796107567,1.64379588945,1.46761051982,-1.57239517682
1.759977,-0.0544101718459,0.0526209813888,-0.0321265115718,-0.0493735730943,1.64371987077,1.46762971261,-1.57256618095
1.769963,-0.0544198281269,0.0526532907193,-0.0325525512903,-0.0495108084638,1.64351731355,1.46751974897,-1.57265862399
1.779949,-0.0545079001606,0.0525597171353,-0.0328378364895,-0.0494947670209,1.64328298664,1.46746963737,-1.5725759657
1.789935,-0.0546036179734,0.0525603665015,-0.0327020195454,-0.0492503684443,1.64309265263,1.46766505003,-1.57240103971
1.799921,-0.054579952811,0.0528030535844,-0.0323105723726,-0.0489941158506,1.64299203117,1.46786116473,-1.57234046029
1.809907,-0.0545118389708,0.0530751058803,-0.032136941457,-0.0489894270662,1.64292634889,1.46775492272,-1.572400804
1.819893,-0.0546505946067,0.0530268511881,-0.0322873027885,-0.0491942417891,1.64288024361,1.46776155993,-1.57251417252
1.829879,-0.0547456206796,0.0527662825374,-0.0324391131765,-0.0493231918429,1.64291218983,1.46791338898,-1.57270253573
1.839865,-0.0546956601492,0.0526603435009,-0.0327137657128,-0.0491881450066,1.64291120034,1.46773075692,-1.57265649008
1.849851,-0.0545968251057,0.0526650601984,-0.0329056391774,-0.0491553660998,1.64282832745,1.46762559116,-1.5727078967
1.859837,-0.0545887511059,0.0525961792744,-0.0328103761837,-0.0491518134736,1.64275601022,1.46777290294,-1.57278515426
1.869823,-0.0546188037065,0.05260062347,-0.0327402537567,-0.0492402646802,1.64257962308,1.46789372319,-1.57279279151
1.879809,-0.0545468266452,0.0526031184541,-0.0327843369886,-0.0493272293125,1.64229569283,1.46780021089,-1.57273246151
1.889795,-0.054393405927,0.0525081179173,-0.0329242744097,-0.0493592980548,1.64205445268,1.46768866958,-1.57260158972
1.899781,-0.0543553109822,0.0524513223484,-0.033137955728,-0.049366202104,1.64210022557,1.46779906777,-1.57248184627
1.909767,-0.0545360260804,0.0526118417267,-0.0333434866077,-0.0493818926222,1.64241163794,1.46803009408,-1.57247253274
1.919753,-0.0547695404721,0.0528552166309,-0.033393790208,-0.0494472307141,1.64249196458,1.46809787245,-1.57249993759
1.929739,-0.0549816085085,0.0529768719681,-0.0332320779896,-0.0496273950369,1.64225750335,1.46806638764,-1.5726272662
1.939725,-0.0550167397501,0.0528637776762,-0.0329997341118,-0.0496429980105,1.64203751225,1.46795638052,-1.57267149043
1.949711,-0.0551308657998,0.0529290883755,-0.0331822978933,-0.0493461380325,1.64175448153,1.46789076745,-1.57258679992
1.959697,-0.0553467766826,0.0529214931492,-0.0334579950321,-0.0492570613462,1.64152365286,1.46796520584,-1.57253766584
1.969683,-0.0553000665083,0.0529512943034,-0.03344210827,-0.0493106248897,1.64129002889,1.46794168701,-1.57262909482
1.979669,-0.0551013222366,0.0530165079586,-0.0333220994195,-0.0493951414789,1.64128348488,1.4678681138,-1.57270364258
1.989655,-0.0550469450199,0.0529396332363,-0.0333491929046,-0.0493554492804,1.6414117624,1.46783055372,-1.57268256904
1.999641,-0.0552528789548,0.052895217025,-0.0335505370384,-0.049265031632,1.64148293547,1.46779026469,-1.57266973213
2.009627,-0.055496302377,0.0530655009957,-0.033798157912,-0.0492050278408,1.64148295587,1.46782457439,-1.57277332221
2.019613,-0.0555184431807,0.0532341661849,-0.0339661545846,-0.0491518538327,1.6414883467,1.46805085221,-1.57289237222
2.029599,-0.0554666850242,0.0532149339844,-0.0339863816914,-0.0492429715361,1.64141037642,1.4681824787,-1.57280848426
2.039585,-0.0555673280217,0.0532998487215,-0.033946474312,-0.0494346006496,1.64114031923,1.46802052135,-1.57267557264
2.049571,-0.0555819123135,0.0534704624221,-0.0342928555359,-0.0495924941205,1.64106858687,1.46799946595,-1.57263148507
2.059557,-0.0553913676591,0.0534629174259,-0.0345417143913,-0.0496597027484,1.6412362631,1.46796669186,-1.57275444923
2.069543,-0.0554221013011,0.0534975908242,-0.0344424764202,-0.0495597722869,1.64108608247,1.46805909775,-1.57284102673
2.079529,-0.0555496814524,0.0535657630475,-0.0344096490884,-0.0494200544569,1.64075325175,1.4680181627,-1.57295548644
2.089515,-0.0556566460884,0.0534478531305,-0.0346144992022,-0.0493381895946,1.6407068191,1.46787168003,-1.57309776308
2.099501,-0.0558558171082,0.0533082165655,-0.0349516194488,-0.0493766724924,1.64087623349,1.46769367635,-1.57309215438
2.109487,-0.0560984040956,0.0533121327191,-0.0350557183535,-0.0494264091965,1.64086921336,1.46758116625,-1.57295952075
2.119473,-0.0561977516872,0.0533674712586,-0.0348594771107,-0.0494231521857,1.64064391884,1.46762656365,-1.57287973733
2.129459,-0.056138943855,0.0533133952011,-0.0348058191092,-0.0494759782589,1.64055571292,1.46779669835,-1.57284253537
2.139445,-0.056103819424,0.0532162373464,-0.0350726852774,-0.0495830151264,1.64065677418,1.46787553172,-1.5726716561
2.149431,-0.0562245900048,0.0533708933421,-0.0350295005889,-0.0496512127824,1.64065298488,1.46771522007,-1.57271635052
2.159417,-0.0564578257325,0.0534012425213,-0.035002290457,-0.0497381940254,1.64019629521,1.4675427934,-1.57301118013
2.169403,-0.0564054661675,0.0532540666856,-0.035077352261,-0.049527262942,1.63966197436,1.46729794242,-1.57323606493
2.179389,-0.0564451454211,0.0532947552804,-0.0351841232793,-0.0495159509359,1.63944902478,1.46743166791,-1.57323120011
2.189375,-0.0566448871278,0.053367440358,-0.0354284959167,-0.049630116382,1.63959903571,1.46777362475,-1.57310128298
2.199361,-0.0567627258783,0.0534033258313,-0.0357206237636,-0.0496410174497,1.63984205437,1.46792364596,-1.57299682294
2.209347,-0.0568910033125,0.0534195957037,-0.0358137902749,-0.0494173022002,1.64008445331,1.46801015112,-1.57285546909
2.219333,-0.0570499795774,0.0534425780595,-0.0357633576798,-0.0491874707566,1.64014289258,1.46816796223,-1.57266260272
2.229319,-0.0570873639258,0.053501631814,-0.0358504918873,-0.0492058783627,1.63995228471,1.46815097151,-1.57262917815
2.239305,-0.0570720720738,0.0536052737829,-0.0361224669926,-0.0493347301049,1.63977821453,1.46774868816,-1.57287415514
2.249291,-0.0573372742868,0.0536586314643,-0.0363140475687,-0.0493098868911,1.63970934927,1.46737625789,-1.57300592667
2.259277,-0.0576157491715,0.0535815606157,-0.0363947968804,-0.0493571743637,1.63959465512,1.46748348418,-1.5728132015
2.269263,-0.0577636829108,0.0536372091079,-0.0365574488869,-0.0494228583628,1.63942065492,1.46770161893,-1.57282245744
2.279249,-0.0578123751201,0.0536968591674,-0.03648767639,-0.049370344525,1.63914592804,1.46777505932,-1.57299275377
2.289235,-0.0577900667079,0.0535458663872,-0.0362561092691,-0.0495714442398,1.63891989568,1.4678333519,-1.57310483443
2.299221,-0.0576383840021,0.0534209273976,-0.0361610781627,-0.0498667243151,1.63874823658,1.46772379907,-1.57329046325
2.309207,-0.0576107934944,0.0534749581035,-0.0362266617112,-0.0499582934972,1.6387231191,1.46737934862,-1.57351314021
2.319193,-0.0577804406194,0.0536322536025,-0.0364782069712,-0.0500162420556,1.63872704631,1.46715586895,-1.57354577063
2.329179,-0.0580315465134,0.0537741130972,-0.0368158103463,-0.0500964646298,1.63866591737,1.46734550567,-1.57341475818
2.339165,-0.0582589018052,0.0538810476048,-0.0370332697744,-0.0499698920586,1.63851048287,1.46780861051,-1.57332742379
2.349151,-0.0583771672494,0.0540050376853,-0.0371181100963,-0.0496060409726,1.63824582644,1.46811881806,-1.57325501998
2.359137,-0.0582279786834,0.054137498751,-0.0373275999494,-0.0493282870258,1.63807630976,1.46799059702,-1.57303058152
2.369123,-0.058115455241,0.053991027385,-0.037447749815,-0.0491680385858,1.63809121595,1.46775805652,-1.57305987282
2.379109,-0.0584098801673,0.0538077407434,-0.0376220370342,-0.0490496670631,1.63797839373,1.46769056792,-1.57341259614
2.389095,-0.0584933087164,0.0539279897003,-0.0375726024441,-0.0492946397061,1.63785614199,1.46767787016,-1.57336949634
2.399081,-0.0584130502257,0.0541027424418,-0.0375129435658,-0.0497553828475,1.63795124315,1.46766970707,-1.57335676817
2.409067,-0.0582432293057,0.0542315717316,-0.0375420914713,-0.0499394906789,1.63807951753,1.46764027513,-1.5734979568
2.419053,-0.0581490985182,0.0544566286569,-0.0375048813315,-0.0498033858765,1.63798046944,1.46749494726,-1.57366515463
2.429039,-0.0582906858581,0.0546046011809,-0.0375471520778,-0.0496127954895,1.63765187395,1.4672619364,-1.5737258196
2.439025,-0.0586386531637,0.0545531606988,-0.0378665737855,-0.0495409243347,1.6373343366,1.46709889441,-1.57365235279
2.449011,-0.0590086160713,0.0544396893815,-0.0383060162458,-0.0495182713817,1.63722538008,1.4671002546,-1.57359710951
2.458997,-0.0592347248777,0.0543960370068,-0.0385178209187,-0.0494644530064,1.63729980332,1.46719917671,-1.5737104334
2.468983,-0.059220133874,0.0544013219589,-0.0385422062203,-0.0495541704885,1.63744745941,1.46731609372,-1.57370173089
2.478969,-0.0590295374452,0.054324538736,-0.0383994967169,-0.0498052358698,1.63739848091,1.4671992205,-1.57343715961
2.488955,-0.0589760365342,0.0543571159536,-0.0381208303255,-0.0498130064699,1.63712496204,1.46725423339,-1.57335385259
2.498941,-0.0591330804527,0.0543460857526,-0.0379538257592,-0.0494953277896,1.63687938475,1.46747687388,-1.57352551919
2.508927,-0.0592612049372,0.0542301727402,-0.0378587821937,-0.0493592771411,1.63654917752,1.46747903912,-1.57367142237
2.518913,-0.059277985433,0.0543085022354,-0.0379194931211,-0.0494587918164,1.63631693316,1.46748994058,-1.57355558289
2.528899,-0.0592636135775,0.054515303862,-0.0381222501542,-0.0495038895264,1.6362829989,1.46752888742,-1.57334468754
2.538885,-0.0593015720544,0.0546147225852,-0.0383642025313,-0.0494565398677,1.63646366558,1.4674979603,-1.57321666829
2.548871,-0.0593784483842,0.0545406058733,-0.0385481525528,-0.049419983361,1.63673476314,1.46741035003,-1.57322739494
2.558857,-0.0594747771623,0.0544572518008,-0.0385974683408,-0.0493924608763,1.63689154885,1.46739207959,-1.57330119012
2.568843,-0.0596062636575,0.054502395531,-0.0385134551912,-0.0493428497182,1.63685250621,1.46748186101,-1.5733389494
2.578829,-0.0596157438333,0.0545178835292,-0.0385528853352,-0.0493972942559,1.63672289897,1.46753107968,-1.57350421821
2.588815,-0.0594995695737,0.0542438581735,-0.0387293452499,-0.0496148909357,1.63634763168,1.46752371084,-1.57383644071
2.598801,-0.0594393655744,0.0540969869355,-0.0388500785056,-0.0498398253281,1.63598041468,1.46750223656,-1.57373431079
2.608787,-0.0596010319876,0.0544374854822,-0.0388990906506,-0.0499113841782,1.63591751025,1.4673983729,-1.57334547225
2.618773,-0.0598647333884,0.0546364616641,-0.0386729315125,-0.0497324107042,1.63590670901,1.46722357025,-1.57304356755
2.628759,-0.05983096113,0.0543835790136,-0.0386449964957,-0.0498486843525,1.63585582595,1.4670819913,-1.57308005789
2.638745,-0.0597028947429,0.0541838910035,-0.0388523609098,-0.0501223361319,1.63578594999,1.46716241127,-1.57334800141
2.648731,-0.0598267446208,0.0543345071816,-0.0390260739492,-0.05019256428,1.63572340013,1.46747340579,-1.57358499099
2.658717,-0.0601404909299,0.0545634123352,-0.0390928190073,-0.0500124373585,1.63570414496,1.46772850789,-1.57363729246
2.668703,-0.0602807806706,0.0545783849401,-0.0391928510735,-0.0497788548516,1.63575469474,1.46775765528,-1.57359143099
2.678689,-0.0601506069868,0.054542406798,-0.0393007543182,-0.0496564654688,1.63580614134,1.46781677055,-1.57363868679
2.688675,-0.0600735583082,0.0545777284049,-0.0392591659453,-0.0499086457153,1.63570990056,1.46791555226,-1.5737392064
2.698661,-0.0600468492411,0.0546820578818,-0.0392721774399,-0.0501882211024,1.63557742261,1.46779307329,-1.57382673046
2.708647,-0.0600448340813,0.0547612461577,-0.0393540767035,-0.0500698833982,1.6356246022,1.46754151704,-1.5738857902
2.718633,-0.060178817815,0.0546793259262,-0.0396053616352,-0.0498659506801,1.63570963967,1.46753753794,-1.57362687698
2.728619,-0.0602308531759,0.0545559821429,-0.0398681349709,-0.0499234536353,1.63571616893,1.46748891801,-1.57334343985
2.738605,-0.0601749260203,0.0545516496153,-0.039846200697,-0.0500684614984,1.63552482406,1.46728376503,-1.57327818351
2.748591,-0.060193780269,0.0547235357853,-0.03965503428,-0.0501354263963,1.63523592814,1.46703240616,-1.57334325815
2.758577,-0.0603620959483,0.0548205755987,-0.0396753090402,-0.0501842123818,1.63500967044,1.46692856427,-1.57338765734
2.768563,-0.0606062134006,0.0546235189179,-0.0399122072354,-0.0502298017441,1.63486013557,1.46701679373,-1.57339943456
2.778549,-0.0608682624548,0.0543178399559,-0.0400179256522,-0.0501625713693,1.63471682911,1.46718453929,-1.57345238565
2.788535,-0.0611307701717,0.0543295939267,-0.0400071041095,-0.0500154174383,1.63464210425,1.46735825284,-1.57356646598
2.798521,-0.061179897341,0.0547065224213,-0.0402806225058,-0.0499393249482,1.63474278883,1.46752277905,-1.57372492063
2.808507,-0.0609096874171,0.0549983233494,-0.0405580981897,-0.0498695947296,1.63472509405,1.46768479258,-1.57370263531
2.818493,-0.0608964128864,0.0548975166536,-0.0404893847828,-0.0498951249833,1.63447322659,1.46773566478,-1.57363031345
2.828479,-0.0609185054668,0.0547015505498,-0.0403167594682,-0.0500607015957,1.63423449995,1.4676583688,-1.57355166707
2.838465,-0.0607152778034,0.0547676190573,-0.0401541392215,-0.0501622926972,1.63395748351,1.46758087842,-1.57349971359
2.848451,-0.0607642328597,0.054975042866,-0.0403093965856,-0.0502301969705,1.6339250125,1.46762906063,-1.57361765148
2.858437,-0.0609599820558,0.0550649446805,-0.0406857159509,-0.0501325288053,1.63416751345,1.46774573546,-1.57379945959
2.868423,-0.0610981438655,0.0549750010221,-0.0409154642605,-0.0498492696136,1.63438021806,1.46773755546,-1.57393704129
2.878409,-0.061219889917,0.0548151406201,-0.0408239465176,-0.0497197414972,1.63435832315,1.46744319249,-1.57405913784
2.888395,-0.0613182454015,0.0546983870786,-0.0406600225516,-0.0500264566086,1.63419024764,1.46698553177,-1.57415005904
2.898381,-0.061144101897,0.0547004777254,-0.0407533846205,-0.0503818945382,1.63402654206,1.46679347807,-1.57406163724
2.908367,-0.0609164671297,0.0549109399089,-0.0408485478015,-0.0502702499427,1.63410149063,1.46698927075,-1.57399692713
2.918353,-0.0609843005672,0.0551228962396,-0.0407433389798,-0.0501562148191,1.63428127148,1.46723604691,-1.57399489764
2.928339,-0.0610249759258,0.0549446507997,-0.0408210942236,-0.0503847384969,1.63428593561,1.46736607524,-1.57382168277
2.938325,-0.0610301076837,0.054643175119,-0.0409675565655,-0.0502877473065,1.63414824772,1.4672637249,-1.57374885407
2.948311,-0.0612320978702,0.0545179845026,-0.0411907278444,-0.0499544206787,1.63394805433,1.46690644707,-1.57368119629
2.958297,-0.0615912916548,0.0543859238099,-0.0414497928428,-0.0497973445588,1.63384774134,1.46668247865,-1.57373549853
2.968283,-0.0619685684764,0.0543099781709,-0.0414803341222,-0.0498772312395,1.63384226227,1.46673528968,-1.57387069823
2.978269,-0.0621501375187,0.0544756420672,-0.0412760608602,-0.0500057672829,1.63383084313,1.46695385771,-1.57391632291
2.988255,-0.0619800478055,0.0548251870281,-0.0411038189196,-0.0500569413206,1.63381134372,1.46719886272,-1.57387692173
2.998241,-0.0616408034098,0.0550562651466,-0.0411133109403,-0.0500582603646,1.63384053049,1.46735518228,-1.57391587338
3.008227,-0.0616313856241,0.0550133579709,-0.0411856017274,-0.0500360592655,1.63382301897,1.46726803235,-1.57399086632
3.018213,-0.0618778653127,0.0548713006055,-0.0413164530155,-0.04993842189,1.63369975347,1.46700722542,-1.57399043158
3.028199,-0.0617420639911,0.0548140133163,-0.0413589914707,-0.0497883903101,1.63366109855,1.46679112734,-1.57399364121
3.038185,-0.0616350367215,0.0549005561706,-0.0413587305367,-0.0498227662584,1.63377591362,1.46697281303,-1.57392338499
3.048171,-0.0616789950603,0.054891864436,-0.0415690714161,-0.0500496697311,1.63380310279,1.46724111788,-1.57394017272
3.058157,-0.061734155537,0.0547031475688,-0.041852427109,-0.050234499354,1.63375137933,1.46715270054,-1.57407059567
3.068143,-0.0618930887475,0.0545330630285,-0.0420293477002,-0.0502878256034,1.63358320387,1.46687375795,-1.57412448193
3.078129,-0.061958570585,0.0545387327153,-0.0420624211776,-0.050300092982,1.63343039939,1.46673963747,-1.57408861754
3.088115,-0.0619244690449,0.0546919634705,-0.042036722036,-0.0503508868157,1.63348125779,1.46677838172,-1.57408809585
3.098101,-0.0619536710099,0.0549168984342,-0.04207155037,-0.0504327522216,1.63373517272,1.46682658372,-1.57410079388
3.108087,-0.061997418098,0.0551778061211,-0.042180340653,-0.050473076018,1.63401604753,1.46685239433,-1.57396491959
3.118073,-0.0618795407772,0.0553359147918,-0.0422113176271,-0.0504057363716,1.63419502805,1.46692594871,-1.57374529067
3.128059,-0.0617862896464,0.0551670625847,-0.0421829757854,-0.0504284920868,1.63398679973,1.46695099899,-1.5736555403
3.138045,-0.0619197862119,0.0549538599442,-0.0422278036429,-0.0504961588374,1.63345894862,1.46668662424,-1.57350001952
3.148031,-0.0619338770502,0.0550963575624,-0.0422032915001,-0.0504121302989,1.63332559713,1.46642612827,-1.57343894596
3.158017,-0.061746981177,0.0550413115541,-0.0422684431637,-0.0502492536554,1.63339650579,1.46628038853,-1.57356247338
3.168003,-0.0614761468522,0.0548526969925,-0.0424942626203,-0.0500973605809,1.63331347771,1.46590485807,-1.57353511344
3.177989,-0.0613044622375,0.0548350515751,-0.0426112220335,-0.0500489186978,1.63317562319,1.46538678783,-1.57341213253
3.187975,-0.0612667465605,0.0548771500549,-0.0425387469262,-0.0500746570223,1.63302589548,1.46477833466,-1.57341378701
3.197961,-0.0612142209333,0.0548464719177,-0.0425902190865,-0.0499480617774,1.63280510146,1.46397856379,-1.57359807626
3.207947,-0.0610199306176,0.0548015963808,-0.0429124136828,-0.0496225646998,1.63255117862,1.463010907,-1.57385101016
3.217933,-0.060768018556,0.0547826589868,-0.0431119314127,-0.0494423815585,1.63246597482,1.46209820575,-1.57400730886
3.227919,-0.0606324496577,0.0547117797567,-0.0428808368852,-0.0496230592002,1.63267418004,1.46129004708,-1.57391439625
3.237905,-0.06049654618,0.0546558808379,-0.0426278100206,-0.0497935810473,1.63284512425,1.46045675771,-1.57379432132
3.247892,-0.0602900498577,0.0547417039452,-0.042678261437,-0.049880456702,1.63274717433,1.45939639224,-1.57395941777
3.257878,-0.0602266043059,0.0547412252369,-0.0428035175831,-0.0499569711503,1.63287913502,1.45836110453,-1.57402790931
3.267864,-0.0600910234233,0.0546090352094,-0.0428686515976,-0.0498989347541,1.63320377575,1.45752338423,-1.57383019426
3.277850,-0.0598236811378,0.0544986747269,-0.0429533462111,-0.0498395069529,1.63331661644,1.4567128902,-1.57365297275
3.287836,-0.0595144181207,0.0543588598294,-0.042903409498,-0.0499275050229,1.63323848242,1.45579304407,-1.57360154745
3.297822,-0.05919183967,0.0541652738449,-0.0427046242552,-0.0500918632272,1.63311309804,1.45478295825,-1.57360791671
3.307808,-0.0588081490135,0.0540841522545,-0.0426542619753,-0.0501348897497,1.63303727768,1.45381784273,-1.57361423555
3.317794,-0.0584025888375,0.0542078738576,-0.0428928883378,-0.0499821294071,1.63309815262,1.45300234323,-1.57362450888
3.327780,-0.0581222682113,0.0543466833373,-0.0430939027408,-0.0497706740009,1.63334745927,1.45230709053,-1.57366424909
3.337766,-0.0579257672614,0.0543721716922,-0.0430309354076,-0.0496861445443,1.63364958462,1.45166572511,-1.57379567169
3.347752,-0.0574487329449,0.0544536269206,-0.0429138918538,-0.0499464913283,1.63393434662,1.45126399672,-1.57406153344
3.357738,-0.057053157891,0.0544752483611,-0.0428709303403,-0.0501936030327,1.63405309077,1.45118184392,-1.57432722954
3.367724,-0.056732212142,0.0544808744466,-0.0429108019515,-0.0502152473522,1.63402189781,1.4511637272,-1.57451372547
3.377710,-0.0563424684773,0.0545534211292,-0.042960104331,-0.0502187818027,1.63398886287,1.45109410002,-1.57470709212
3.387696,-0.0559288701093,0.0545202662594,-0.0430563697269,-0.0502222877115,1.63400788713,1.45102594547,-1.57495001384
3.397682,-0.0554308836297,0.054439804421,-0.0431187127101,-0.0502257652274,1.63404216259,1.45111889635,-1.57520906129
3.407668,-0.0549537600861,0.0543680304607,-0.0430804947564,-0.0502292144999,1.63399192645,1.45140464582,-1.57538275492
3.417654,-0.0545769145358,0.0543392586718,-0.043086204215,-0.0502276441281,1.63388192046,1.45183795944,-1.57547604703
3.427640,-0.0541768788554,0.0544077727112,-0.0433356039421,-0.050193601901,1.63389674232,1.45235036517,-1.57557616283
3.437626,-0.0536592197214,0.0545596437928,-0.0437482049787,-0.0500862223109,1.63417265244,1.45281119315,-1.57573653295
3.447612,-0.0533012028376,0.0545965985213,-0.0439690886966,-0.0499159828071,1.63453981006,1.45309647584,-1.57606594853
3.457598,-0.0531362612239,0.0543943583533,-0.0438323996268,-0.049783640372,1.63448012746,1.45344892862,-1.57667196255
3.467584,-0.052806488372,0.0539232213473,-0.0436217387562,-0.0498827536264,1.63405603666,1.45387149462,-1.57719599003
3.477570,-0.0522422659125,0.053694405433,-0.0435624761764,-0.0501903835126,1.63406178936,1.45416681067,-1.57755695072
3.487556,-0.0515825806104,0.0539961272108,-0.0435661324556,-0.0503527650712,1.6342936711,1.454489803,-1.57783835053
3.497542,-0.0508704674656,0.054347943039,-0.0434760886091,-0.0505252051937,1.63428186586,1.45478454505,-1.57805982378
3.507528,-0.0502249444416,0.0543739254454,-0.0433000027979,-0.050885002982,1.6340555684,1.45467740295,-1.57833990918
3.517514,-0.0496824889423,0.0541758089484,-0.0432118165755,-0.0511118175152,1.63385725402,1.45415132253,-1.5786353413
3.527500,-0.0491207677336,0.0540450982857,-0.0432523688811,-0.0509394110641,1.63381305911,1.45354973837,-1.57879520854
3.537486,-0.0484867739183,0.054101184279,-0.0433484499736,-0.050596802434,1.63388184129,1.45303463067,-1.57882939222
3.547472,-0.0479274098095,0.0542058010038,-0.0435984119792,-0.0504455029993,1.63394325486,1.45237805652,-1.57891671398
3.557458,-0.04741321765,0.0541136005969,-0.0441468186626,-0.0504070543147,1.63382439497,1.45155253481,-1.57899550333
3.567444,-0.046833553061,0.0538688467297,-0.0444101486021,-0.0505045561959,1.63361285962,1.45065554717,-1.57900142162
3.577430,-0.0461839566066,0.0537917206708,-0.043966240323,-0.0508392688177,1.63354461833,1.44953663114,-1.57901567141
3.587416,-0.0456602600827,0.0537900495375,-0.0437241000882,-0.0510197427928,1.63331178745,1.44852531569,-1.57909259287
3.597402,-0.045170088972,0.0537716000889,-0.0438416450381,-0.0509826945983,1.63316803364,1.44752816652,-1.57919063522
3.607388,-0.0445943961985,0.0535973361615,-0.0439865760014,-0.0508504251019,1.63333393647,1.4462382389,-1.57930197801
3.617374,-0.0438940105879,0.0533022280159,-0.0440690756599,-0.0507857778054,1.63347067308,1.4447212537,-1.57955636472
3.627360,-0.0430143089117,0.0530963684971,-0.0441914926066,-0.0508223793401,1.63335121424,1.44314097416,-1.57994652364
3.637346,-0.0420706281341,0.0530564822931,-0.0443798322349,-0.0508405747735,1.63310503043,1.44160082166,-1.58031834141
3.647332,-0.0412438110151,0.0530978166576,-0.0444726837414,-0.0507623577481,1.63298060181,1.44016307054,-1.58059046416
3.657318,-0.0404719950399,0.0532092667432,-0.044326650067,-0.0506987243079,1.63305313099,1.43886052476,-1.58085427252
3.667304,-0.0396620092254,0.0533746659721,-0.0441565888411,-0.0507362257343,1.63319422133,1.43764525052,-1.58114913144
3.677290,-0.0389902490833,0.0534709606667,-0.04425389736,-0.0508923904858,1.63332677095,1.43649905896,-1.58148227928
3.687276,-0.0384617350653,0.0534786957529,-0.0444191975774,-0.0510725041501,1.63339355937,1.43543038058,-1.58182862649
3.697262,-0.0377290434019,0.0534666674163,-0.0442013555592,-0.0510932539287,1.63343999585,1.43430451,-1.58194686751
3.707248,-0.0367789662292,0.0533571530909,-0.0439502791749,-0.0510876003667,1.63348493169,1.43318914953,-1.58194275675
3.717234,-0.0358824629603,0.053249716377,-0.0439646071918,-0.0510495965689,1.63341650049,1.43228916149,-1.58177815627
3.727220,-0.035124962215,0.0532545705971,-0.0440884093631,-0.0510535575477,1.6332641176,1.43159688543,-1.58153558043
3.737206,-0.0343633203547,0.0532117110338,-0.0442392656985,-0.0510742609463,1.63319972146,1.43096148976,-1.58145440519
3.747192,-0.033493772321,0.0529759730946,-0.044370390736,-0.0509124148432,1.63335166281,1.43040273914,-1.58161065615
3.757178,-0.0326016024496,0.0526363461694,-0.0443825158827,-0.0505150340048,1.63364068274,1.43001249761,-1.58183114748
3.767164,-0.0317631149974,0.0523364575121,-0.0443178845229,-0.0502016153209,1.63385591203,1.42956050069,-1.58193931004
3.777150,-0.0307710231897,0.0521433066192,-0.0442888840192,-0.0500947204349,1.63396790333,1.42872230925,-1.58182442826
3.787136,-0.0296853044092,0.0519786276055,-0.0443135326185,-0.0502424737898,1.63395311646,1.42791348403,-1.58181735896
3.797122,-0.0290193321118,0.0516686868801,-0.0445157081916,-0.0505769098882,1.63383426093,1.42730925392,-1.58214468817
3.807108,-0.0282185685759,0.0515330275812,-0.0447121494492,-0.0506452430169,1.63382114973,1.42667632811,-1.58232881966
3.817094,-0.0270713592167,0.0515174197967,-0.0448310353925,-0.0506479265619,1.63398349977,1.42596456059,-1.58223326247
3.827080,-0.0261093362765,0.0514217717383,-0.044781135547,-0.0507680405048,1.63424991625,1.42496840501,-1.58197852713
3.837066,-0.0253214277323,0.0513349498986,-0.0446415944487,-0.0509404927645,1.63433825682,1.42370052045,-1.58190323027
3.847052,-0.0243551135612,0.051237984613,-0.0445684812489,-0.0510730811289,1.63427929769,1.42218700035,-1.5822207596
3.857038,-0.0233232188572,0.0509533873606,-0.0445614828052,-0.0511288910293,1.63432255692,1.42033154275,-1.58271735546
3.867024,-0.0226567890354,0.0504910324494,-0.044511040749,-0.0511030958287,1.63444448595,1.4181679995,-1.58299063874
3.877010,-0.0221246496868,0.0501480280662,-0.0444654061405,-0.0510302428308,1.63429969702,1.41603088809,-1.583015706
3.886996,-0.021070453021,0.0499202356753,-0.0445235447776,-0.0509628051939,1.63398401227,1.41389923841,-1.58309138923
3.896982,-0.0200021316856,0.0497423973162,-0.0447081531711,-0.051036357918,1.63393759227,1.41153843312,-1.58318729465
3.906968,-0.0191441841097,0.0497214072138,-0.0449677872421,-0.051111138457,1.63421970183,1.40915889112,-1.58319235614
3.916954,-0.0180786454194,0.0495722839468,-0.0449987755257,-0.0509949394466,1.63433326004,1.40684079172,-1.58317656415
3.926940,-0.0169715418062,0.0492187995137,-0.0450036523979,-0.0508222165219,1.63426206469,1.4044378912,-1.58305356786
3.936926,-0.015973396128,0.0488532365809,-0.0452348846429,-0.0507603102171,1.63420323905,1.40199514235,-1.58283944696
3.946912,-0.0150824183222,0.0486352869027,-0.0454592118126,-0.0507635134211,1.63417722088,1.39973119929,-1.58272722974
3.956898,-0.0142223927069,0.0484492438827,-0.0454548320603,-0.0507465649734,1.6341509799,1.39770236046,-1.58280021634
3.966884,-0.013298955236,0.0480488090322,-0.0452812671961,-0.0506149679663,1.63412402458,1.39580375672,-1.58293899544
3.976870,-0.0122422542536,0.0474386057381,-0.0451353374822,-0.0503170740437,1.63409679532,1.39395266127,-1.58298879121
3.986856,-0.0111081193598,0.047014056534,-0.0451500105676,-0.0500682087198,1.63404882065,1.39212748029,-1.58295997698
3.996842,-0.0101640610891,0.0470433240844,-0.0453174940713,-0.0503129571768,1.63395171605,1.39032979777,-1.58303293406
4.006828,-0.00948941598167,0.0470876430141,-0.0452183507759,-0.0507436845512,1.63381024785,1.38882811023,-1.58328195756
4.016814,-0.00878596760662,0.0468781549599,-0.0451188285001,-0.0509340002667,1.63364274211,1.38768951632,-1.58330080786
4.026800,-0.00788743734714,0.0469695364954,-0.045216712588,-0.0509111584439,1.63345605047,1.38677155584,-1.58308051177
4.036786,-0.00673002365155,0.0473315727063,-0.0453203317348,-0.0508724115123,1.63349454646,1.38604261467,-1.58277819775
4.046772,-0.00567306899998,0.0476112372357,-0.0454094044378,-0.0508762245195,1.63364420929,1.38547570577,-1.58259091066
4.056758,-0.00498093070426,0.047703592175,-0.0453492660317,-0.0508378597227,1.63371745131,1.38513459104,-1.58259634872
4.066744,-0.00439386854864,0.0477098533293,-0.0451849115375,-0.050791933748,1.6337784934,1.38494485336,-1.58269362383
4.076730,-0.00350900902038,0.0477160530406,-0.04522313299,-0.0508306477674,1.63396546983,1.38464310932,-1.58280382849
4.086716,-0.00236009397507,0.0477221918478,-0.0455933659878,-0.0509622694076,1.63415582978,1.38396875349,-1.58292574988
4.096702,-0.00132106168241,0.0477267659519,-0.0458686250362,-0.0511670202606,1.63404020675,1.38281603686,-1.58293977501
4.106688,-0.000399205131148,0.0477192985451,-0.0457915217842,-0.0512859946923,1.63363296639,1.38110584448,-1.58284902556
4.116674,0.00055804648227,0.0476447794981,-0.0457137259608,-0.0511796762712,1.63356048091,1.37918547535,-1.58285115636
4.126660,0.00147412711061,0.0475001259725,-0.0455257801908,-0.0511092881052,1.63378493201,1.37753099814,-1.5828719574
4.136646,0.00233679670017,0.0474666947707,-0.0454023026398,-0.051003940872,1.63387794732,1.37583552064,-1.58300443396
4.146632,0.00302916662463,0.0475830532434,-0.0454644066589,-0.0508601419327,1.63381111614,1.37392163901,-1.58324435709
4.156618,0.00374007001794,0.0476560650975,-0.0455269480934,-0.0506495449344,1.63360614593,1.37216691016,-1.58346657728
4.166604,0.00471285392038,0.0475812803524,-0.0455955973814,-0.0505246070874,1.63338324128,1.37069900443,-1.58368695185
4.176590,0.00585344923259,0.0474471403607,-0.0457375872976,-0.0505876546977,1.63332902785,1.36923681799,-1.58394532964
4.186576,0.00683507275151,0.0473536342678,-0.0459270323467,-0.0507315039404,1.63348626849,1.36754324891,-1.5841932992
4.196562,0.00752023246019,0.0472640498013,-0.0460700174655,-0.0507811900001,1.63363909255,1.36577541346,-1.58439872207
4.206548,0.00812818276945,0.0471531650216,-0.0460603707397,-0.0507371143157,1.63354157791,1.36424025024,-1.58468619654
4.216534,0.00891479343104,0.0472257218919,-0.0458303100253,-0.0507193732728,1.63328045743,1.36297214035,-1.58508088168
4.226520,0.00989635213264,0.0475491065909,-0.045520384653,-0.0508906060051,1.6332319565,1.36170518525,-1.58538841597
4.236506,0.0109282916506,0.0476906672221,-0.0454156353358,-0.050991519476,1.63337006963,1.36033709077,-1.58548879425
4.246492,0.0116917987906,0.0475789965348,-0.0455348909652,-0.0510141101313,1.6334412776,1.35925021187,-1.58562760175
4.256478,0.012314602558,0.0474733705144,-0.0456453073289,-0.0510128115062,1.63334489617,1.35837657464,-1.58570343929
4.266464,0.0130115373609,0.0474883980268,-0.0457408417407,-0.0510219250532,1.63315834658,1.35751004053,-1.58571328725
4.276450,0.0138637659165,0.0475762659126,-0.0458643311063,-0.0510535106733,1.63308954967,1.35672830039,-1.5858367857
4.286436,0.0148211574644,0.0476304035089,-0.0458025980357,-0.0510563088756,1.63318871398,1.35607843224,-1.58608199809
4.296422,0.0157253733336,0.0475770776835,-0.0455485995791,-0.0509168978033,1.63333821643,1.35552948678,-1.58623112444
4.306408,0.0163955469386,0.0474128500123,-0.0455498816779,-0.0506421410288,1.63342106284,1.3551356845,-1.58611656914
4.316394,0.0168870290205,0.0472345185422,-0.0458282906212,-0.0505378294836,1.63333187432,1.35488431905,-1.58580633499
4.326380,0.017696863642,0.0473419810464,-0.0458812571741,-0.0506444158807,1.63305875757,1.35470638595,-1.58560811421
4.336366,0.0188826271887,0.0476987414219,-0.0460098901155,-0.0507487983646,1.63294785422,1.354478641,-1.58562781415
4.346352,0.019923636765,0.0476835381642,-0.0461481853683,-0.0510186195999,1.63307118965,1.35420905336,-1.58575490396
4.356338,0.0206221462935,0.0474173762262,-0.0460039340867,-0.0512417610264,1.63333727931,1.35394512678,-1.58593113998
4.366324,0.0210506441105,0.0472385809694,-0.0458634777337,-0.0510709724897,1.6335069029,1.35350144186,-1.58596597194
4.376310,0.0214763401342,0.0472782027714,-0.0458912703836,-0.0506317351186,1.63342382735,1.35272806509,-1.5860187125
4.386296,0.0220698545029,0.0472880952819,-0.0460076357346,-0.0502063934556,1.63319074512,1.35161136011,-1.58624691615
4.396282,0.0228612434861,0.0470445186902,-0.0461764354785,-0.0500239187979,1.63292580045,1.35026137211,-1.58643200952
4.406268,0.0238530091798,0.0466612264191,-0.0464352019163,-0.0501588150512,1.63272030592,1.34875754908,-1.58629971034
4.416254,0.0249819006314,0.0464021940963,-0.0466896090748,-0.0504641056621,1.63269476333,1.34700760145,-1.58599502225
4.426240,0.0259213899785,0.0462545160295,-0.0467544382907,-0.0506276738266,1.63276549148,1.34487578229,-1.58581614028
4.436226,0.0265234502476,0.0461278073844,-0.0466525927545,-0.050560672422,1.632766706,1.34266985022,-1.58579966384
4.446212,0.0270485497464,0.046000279653,-0.0464388535124,-0.0504082063383,1.63280757582,1.34077874649,-1.5857524886
4.456198,0.0277031456803,0.0457552298394,-0.0463064884863,-0.0504364407228,1.63289345083,1.33889515359,-1.58571258361
4.466184,0.0286283453677,0.0456785896392,-0.0460838753947,-0.0506360326624,1.63290419679,1.33680965119,-1.58577831009
4.476170,0.0296572564914,0.0457348470612,-0.0459486369245,-0.0507057862482,1.63293757416,1.33461162147,-1.58576438698
4.486156,0.0305442919897,0.0457499217565,-0.0459789028633,-0.0506280475261,1.63300701225,1.33233787145,-1.58568368455
4.496142,0.0312378915559,0.0457428000645,-0.0461373833118,-0.0506913695293,1.63304373915,1.33012366969,-1.58567938534
4.506128,0.0318416602412,0.0458020469344,-0.0462630630025,-0.0509715477709,1.63301880275,1.32796369485,-1.5858228888
4.516114,0.0324844432599,0.0458199611434,-0.0461301545318,-0.0512390641156,1.63292110231,1.32577953544,-1.58603961888
4.526100,0.0332479543158,0.0456162701202,-0.0457537863514,-0.0513106632422,1.63269941956,1.32376134097,-1.58616270659
4.536086,0.0341144724507,0.045451855759,-0.0456997710846,-0.0511458343174,1.63244045124,1.32220392257,-1.58602077734
4.546072,0.0349385744201,0.0456132841061,-0.0460721498653,-0.0509474321786,1.6325363899,1.32077772672,-1.58576123487
4.556058,0.0356645372773,0.0459071226041,-0.0462321208827,-0.0507399128881,1.63275546987,1.31911270648,-1.58571863999
4.566044,0.0361931485021,0.0459463284424,-0.04634266952,-0.0505908159518,1.6328715892,1.31749559729,-1.58581253361
4.576030,0.0367746729104,0.0455582309657,-0.0464391176975,-0.0506946078405,1.63297353229,1.31577408754,-1.58590819389
4.586016,0.037526150611,0.0452569889225,-0.0462990198546,-0.050820812899,1.63285475745,1.31393129262,-1.58608244203
4.596002,0.0384628680692,0.0453389855273,-0.0461784334885,-0.0508602581245,1.63266772287,1.312232236,-1.58625922873
4.605988,0.0394077498719,0.0456420507395,-0.0462190794036,-0.0508209183463,1.63266238685,1.31069781941,-1.58629640781
4.615974,0.0401511395601,0.0458446769693,-0.046298396196,-0.0507136533503,1.63279223842,1.30918753613,-1.58629803276
4.625960,0.0406364463575,0.0458802645185,-0.0463117260777,-0.0505729478878,1.63285119276,1.3075237972,-1.58646271745
4.635946,0.0409911632624,0.0459673834583,-0.0463249248284,-0.0505244460585,1.63284071595,1.30546108682,-1.58666547338
4.645932,0.0414441495161,0.0461369763926,-0.0463387966836,-0.0506585481995,1.63278916804,1.30298307876,-1.58663309299
4.655918,0.0421497155409,0.0462317906551,-0.04636006956,-0.0508502299249,1.6326440253,1.30061254872,-1.58644334699
4.665904,0.0431003975661,0.0461843170348,-0.0464437452823,-0.0508199532696,1.63230416238,1.29816415289,-1.58645896657
4.675890,0.0439922868683,0.0460681629734,-0.0466091216025,-0.050763934031,1.63214651419,1.29592021325,-1.58641020615
4.685876,0.0448794934301,0.0459326185075,-0.0467370626181,-0.0508278728288,1.63231409284,1.29420802098,-1.58620925213
4.695862,0.0457303755853,0.0456791411994,-0.0467323266425,-0.0507604003159,1.63250699579,1.29271981342,-1.58623272243
4.705848,0.0463789324263,0.0454983680906,-0.0466295054299,-0.0505167379927,1.63238863825,1.29146308091,-1.58637519143
4.715834,0.0469198810401,0.0455454601742,-0.0465814291118,-0.0502810936966,1.63213128829,1.29059110818,-1.58646359453
4.725820,0.0475053112268,0.0456514024404,-0.0467309693923,-0.0502480872308,1.63202055582,1.29005497556,-1.58650672126
4.735806,0.0481149817244,0.0455945677152,-0.0469891058804,-0.0503734973523,1.63196807989,1.28971400459,-1.58652434052
4.745792,0.0487121169204,0.0455190335623,-0.0470272628134,-0.0503983937143,1.63173550905,1.28960362005,-1.58647016654
4.755778,0.0493704674778,0.0456094118725,-0.0467874576194,-0.0503200949571,1.63154111943,1.28960036715,-1.58660006297
4.765764,0.049980847136,0.0457461635646,-0.0466652169141,-0.0503783726998,1.63158657326,1.28934999238,-1.58678542245
4.775750,0.0503617852964,0.0457457982852,-0.0466261312005,-0.0505442482799,1.63174766649,1.28896952545,-1.58668437123
4.785736,0.0507094101727,0.0455264931567,-0.0465175894103,-0.0505923646783,1.63183130132,1.28884450559,-1.58642558803
4.795722,0.0513414195788,0.0455424699287,-0.0463986064957,-0.0504896395325,1.63175243176,1.28878058018,-1.58633446621
4.805708,0.0521585470383,0.0458570570534,-0.0462162092486,-0.0503953674907,1.63156534182,1.28873634792,-1.58637686697
4.815694,0.0527032130826,0.0461398415341,-0.0462272930181,-0.0503916721003,1.63149510167,1.28886538191,-1.58639995935
4.825680,0.0530287463307,0.0461859917305,-0.046505587199,-0.0503462739491,1.63156363724,1.28926822715,-1.58639551636
4.835666,0.0534960755455,0.0461427750028,-0.0466611481521,-0.0502585874482,1.63162367509,1.28971507874,-1.58652686398
4.845652,0.05415775702,0.0461909928867,-0.0464622982321,-0.0503180779387,1.63161064017,1.28989525536,-1.58680692692
4.855638,0.0547718291473,0.046178622247,-0.0464334428471,-0.0504770890227,1.63158153167,1.28989026078,-1.58690419239
4.865624,0.055338558242,0.0459716456544,-0.0467122603118,-0.0504626201832,1.63149652296,1.28980619121,-1.58675763546
4.875610,0.0558968466395,0.0457432798826,-0.0465992293777,-0.0504694994458,1.63133193171,1.28951677203,-1.58662095986
4.885596,0.0564739181319,0.0457400374678,-0.0465404698258,-0.0507988307905,1.63125530923,1.28900827446,-1.58657330519
4.895582,0.0573402074414,0.0457362515406,-0.0464144565891,-0.0510191903842,1.63126643668,1.28844201558,-1.58647369036
4.905568,0.0582594483158,0.0456794038285,-0.0464054183747,-0.0509733787027,1.63115057316,1.2878632517,-1.58650167457
4.915554,0.0588366775452,0.0454989010599,-0.0466330433381,-0.0507031517537,1.63100467785,1.28719579145,-1.58663299253
4.925540,0.0593442999185,0.0452077099457,-0.0468689232014,-0.0503969745343,1.63094670808,1.28620277795,-1.58676960619
4.935526,0.0600344604477,0.0449321068788,-0.0468558824422,-0.0501953020959,1.630930737,1.28491499431,-1.58682869653
4.945512,0.0608933361765,0.0448120611301,-0.0466241731724,-0.0501251182971,1.63086437041,1.28348803738,-1.58680291925
4.955498,0.0617880093118,0.0448345405902,-0.0464464412536,-0.0501472469025,1.63071830781,1.28179107767,-1.58673300123
4.965484,0.0625296127791,0.0447858907333,-0.0465369738177,-0.0502131100883,1.63050310865,1.27964477358,-1.58664429163
4.975470,0.0631560307868,0.0445204246576,-0.04691385571,-0.0502998893745,1.6303858431,1.27787050048,-1.58662149254
4.985457,0.0638852825809,0.0443023237912,-0.0471878600672,-0.0502496589903,1.63009799079,1.27628508535,-1.58658584171
4.995443,0.0645151121962,0.0439735361823,-0.0470098907278,-0.0500790213551,1.62961870803,1.27432687827,-1.58652055262
5.005429,0.0653791238421,0.0434482061801,-0.0467929932843,-0.0499729879615,1.62918968869,1.27228224449,-1.58654421672
5.015415,0.0665493376008,0.0431249184735,-0.0467968466733,-0.0499886776127,1.62873557416,1.27016820605,-1.58644910494
5.025401,0.0676346210729,0.0429553776659,-0.0469296257924,-0.050118527552,1.62833292692,1.2678438022,-1.58635217783
5.035387,0.0685801206425,0.0427205512377,-0.047044566566,-0.0502159406271,1.62801686936,1.26537976973,-1.58638519977
5.045373,0.0694858552074,0.0424363416791,-0.0470693747649,-0.0501710589347,1.62780667429,1.26286663979,-1.58645046225
5.055359,0.0703226236971,0.0422558278886,-0.047069375857,-0.0500272249327,1.62774262276,1.26028758948,-1.58645112424
5.065345,0.0710358612164,0.0421498393388,-0.0470735469653,-0.0499147852094,1.62780803371,1.2577435885,-1.58645360824
5.075331,0.0717738749283,0.0419325464205,-0.0468655994721,-0.0498942384625,1.6278497082,1.25559372806,-1.58647021717
5.085317,0.0725651412589,0.0417126279291,-0.0465460614682,-0.0499192703995,1.6277519793,1.25370826785,-1.58653996691
5.095303,0.0732083753825,0.0416420908446,-0.0468538365123,-0.0502281002972,1.62750327187,1.25158453225,-1.58669458222
5.105289,0.0739146623407,0.0415513873044,-0.0473131251412,-0.0503517081351,1.62749063653,1.24910349291,-1.58676333498
5.115275,0.0748577712722,0.0414515310051,-0.047343886005,-0.0500957655181,1.6275445141,1.24681901607,-1.58669095493
5.125261,0.0757708723734,0.0412960173843,-0.0471626261707,-0.0498393353468,1.6277178166,1.24447725436,-1.58669689455
5.135247,0.0764456593597,0.0411008111216,-0.0469573879505,-0.0497984707026,1.6279331655,1.24175507431,-1.58678547801
5.145233,0.0770433758606,0.0410366672941,-0.0468820248507,-0.0499085061479,1.62804517205,1.23885804722,-1.58680309514
5.155219,0.0776491622933,0.0409743574474,-0.0469439594243,-0.0499915643847,1.62809787434,1.23636741702,-1.58669977104
5.165205,0.0782348243935,0.0407829614469,-0.0470397084421,-0.0499042828211,1.62822677191,1.2345497644,-1.5865766538
5.175191,0.0788252016501,0.0406969379047,-0.047191205943,-0.0496921580815,1.62835608255,1.2332308679,-1.58655124915
5.185177,0.079364855681,0.0408443546617,-0.0475576015392,-0.0496676712052,1.62822161347,1.23248940901,-1.58663063373
5.195163,0.0798905998524,0.0409905574101,-0.0476169562269,-0.0499107032607,1.62793806873,1.23237824837,-1.58658979065
5.205149,0.0804085421569,0.0410312172176,-0.0471305803282,-0.0501704258425,1.6278216539,1.23211144698,-1.58646729109
5.215135,0.080589656942,0.0411455274641,-0.0468493467967,-0.0502729743374,1.62790600825,1.23218230814,-1.58647323399
5.225121,0.0806882176766,0.0411206600609,-0.0470192505374,-0.0502259153705,1.62802932251,1.23295138194,-1.58656884286
5.235107,0.0807207619766,0.0410360042511,-0.0473109376204,-0.0502344385849,1.62789487259,1.2338874062,-1.58674931458
5.245093,0.080781113893,0.0410220023522,-0.0473750179506,-0.0501229567992,1.62764579034,1.23467244102,-1.58680817046
5.255079,0.0809940736983,0.0410722835975,-0.0473469242168,-0.049898869963,1.62766001401,1.23538885973,-1.58669105654
5.265065,0.0812683990454,0.0410464512407,-0.0473705703582,-0.0497532609185,1.62783846661,1.23588279188,-1.58654747318
5.275051,0.0814124367081,0.0409502343746,-0.0473203657595,-0.0497065834299,1.62785122489,1.23606075884,-1.58652483387
5.285037,0.0814240624336,0.0410273334324,-0.0471268183964,-0.0495580159757,1.62776536221,1.23644015993,-1.586657826
5.295023,0.0814661988138,0.0413535628568,-0.0470479300707,-0.0493200172127,1.62780726464,1.23747080545,-1.5869488371
5.305009,0.0816181642016,0.0416464589362,-0.0469293912122,-0.0492291353148,1.62784963225,1.23846640218,-1.58710862135
5.314995,0.0816532963303,0.0417009090133,-0.0469185802609,-0.04928850129,1.62777622792,1.23870420477,-1.58723473275
5.324981,0.0815593044516,0.0416320118231,-0.0472957905255,-0.0490764009595,1.62787961014,1.23865891696,-1.58724404027
5.334967,0.0814959061612,0.0416331791078,-0.0476960135221,-0.0487110134727,1.62817509433,1.23914596236,-1.58723911319
5.344953,0.0815064462574,0.0417454723751,-0.0479244854228,-0.0483619084916,1.62815448054,1.23988268969,-1.58720351833
5.354939,0.0815481063305,0.0417822370241,-0.0480443858387,-0.0482391857596,1.62785111087,1.24076164209,-1.58715267644
5.364925,0.0816600523104,0.0417206207615,-0.048211216729,-0.0482589633231,1.62760868767,1.24169316211,-1.5871665232
5.374911,0.0816676660455,0.0415450751654,-0.048331724497,-0.0481499744832,1.62757121367,1.24244469635,-1.58718183163
5.384897,0.0814845645996,0.0412883102487,-0.0482508802058,-0.0478473040776,1.62753640683,1.24282593365,-1.58705544731
5.394883,0.0814960732484,0.0411128319109,-0.0480761083447,-0.0475255741039,1.62729778621,1.24298092897,-1.58685898305
5.404869,0.0819673246645,0.0409848594521,-0.0479256694322,-0.047152864171,1.62703436897,1.24330283953,-1.58687051335
5.414855,0.0825864609057,0.0409904899749,-0.0478059958788,-0.0470447600728,1.6269428684,1.2437321041,-1.58691759552
5.424841,0.0826611765153,0.0413591394498,-0.0478117101463,-0.0473830682077,1.62692189707,1.24374317216,-1.58696711657
5.434827,0.0824937567515,0.0416716408514,-0.0478229759015,-0.0474012748777,1.62657550135,1.24388366504,-1.5868546689
5.444813,0.0824164583937,0.0416160491848,-0.0478673861014,-0.0472781942308,1.62603994429,1.24407612038,-1.58679491064
5.454799,0.0825691986083,0.0414762916565,-0.0479137963193,-0.0472643758236,1.62548944644,1.24391275187,-1.58694356942
5.464785,0.0829150331185,0.0414758060433,-0.0477926353707,-0.0473704628617,1.62493014051,1.24366411023,-1.58697992859
5.474771,0.0832329581454,0.0416137856236,-0.0475529430297,-0.0476707342528,1.62449798687,1.24339243322,-1.58682083453
5.484757,0.0834675169059,0.0418067029569,-0.0475054833025,-0.048012947941,1.62414008765,1.24310871789,-1.58670225475
5.494743,0.0836669984118,0.0418993128591,-0.047716601051,-0.0480842802566,1.62373133403,1.24297089201,-1.58680634015
5.504729,0.0837239913765,0.0417619135864,-0.0477978806733,-0.0478860033214,1.62342773667,1.24303283443,-1.58705191664
5.514715,0.0836845556762,0.041693929966,-0.0476965639053,-0.0477492829272,1.62325944759,1.24315051131,-1.58730917286
5.524701,0.0839339992955,0.0417456840226,-0.047688148882,-0.0479213878296,1.62297668283,1.24311694091,-1.58747216933
5.534687,0.0842685448748,0.0416211849361,-0.0474979238692,-0.0480187477697,1.62257308274,1.24307670845,-1.58755261558
5.544673,0.0843367406807,0.0415598401559,-0.0478378061503,-0.0476505626521,1.62208851897,1.24320894835,-1.58776714197
5.554659,0.0843799493509,0.0416985846437,-0.0483240621009,-0.0474229938887,1.62204880038,1.24338476727,-1.58773854137
5.564645,0.0845694121369,0.041662422312,-0.0482516126121,-0.0475353444219,1.62220056362,1.24354155414,-1.58746685465
5.574631,0.0846609725445,0.0415568255222,-0.0481159091021,-0.047612430959,1.62222308257,1.24384432671,-1.58715352107
5.584617,0.084651016206,0.0416321022534,-0.0481698717551,-0.0475361571763,1.62217910448,1.24410924163,-1.5869458164
5.594603,0.0846641034017,0.0418793483784,-0.0481618475222,-0.0474840874641,1.62221999212,1.24417575626,-1.58689550343
5.604589,0.084738408888,0.042074566805,-0.0479782346793,-0.0475717882829,1.62226891174,1.24423471173,-1.58699822424
5.614575,0.0848801017738,0.0420424141276,-0.0478424829562,-0.0477233784424,1.62222107053,1.24447651304,-1.5871832179
5.624561,0.0849873797986,0.0417020518877,-0.0477101388307,-0.0478135136952,1.6223185875,1.24471856196,-1.58727330387
5.634547,0.0849752321609,0.0414115906761,-0.0477487642189,-0.0476601716432,1.62233798224,1.24513874415,-1.58698323428
5.644533,0.0849466168538,0.0412800383213,-0.0478179725613,-0.0472990410416,1.62231740205,1.24537902881,-1.58673882171
5.654519,0.0847954353751,0.0412729219897,-0.0479537332272,-0.0472482844057,1.6223823443,1.24482921359,-1.58678894098
5.664505,0.0844554240053,0.0413194285591,-0.0478004095483,-0.0476590895152,1.62249403815,1.24428758948,-1.58672797791
5.674491,0.0842461671169,0.0414484259403,-0.0476722289867,-0.0480233767787,1.6225696858,1.24390182098,-1.58675361164
5.684477,0.0843335449808,0.0415941305772,-0.0477734277721,-0.0480515671371,1.62244264069,1.24382974529,-1.58696327727
5.694463,0.0845142874563,0.0416610349505,-0.0478663996193,-0.047855741447,1.6222769635,1.24404708092,-1.58720514134
5.704449,0.084516197915,0.041642504933,-0.0479090881116,-0.0477825087004,1.62219360266,1.2442017898,-1.58735801389
5.714435,0.0842857547289,0.0415939655386,-0.0481055831272,-0.0479452033735,1.62209676455,1.24406871547,-1.58742604741
5.724421,0.0840499815346,0.0415470830352,-0.0482827665821,-0.0480391693836,1.6220050079,1.24395411178,-1.58738117184
5.734407,0.0842483527284,0.0415691823843,-0.0482448979955,-0.0480503103127,1.62195571787,1.24399205193,-1.58725814417
5.744393,0.0841709245788,0.0414597629215,-0.0483680916591,-0.0479735035649,1.62196623129,1.24402494298,-1.58725839912
5.754379,0.0839691196165,0.0412783025086,-0.0483894047932,-0.0478402823757,1.62216496939,1.24416224625,-1.58725865191
5.764365,0.0840554950937,0.0413067894874,-0.0480832992383,-0.0476790392638,1.62201889173,1.24415256115,-1.58725431327
5.774351,0.0842042588459,0.0413189244454,-0.0480057077404,-0.0476258708145,1.62211369152,1.24414821796,-1.58721617299
5.784337,0.0842554521173,0.041429533935,-0.048091700241,-0.0475299501445,1.62232360443,1.24435122805,-1.58713230748
5.794323,0.0842782075572,0.0414836792937,-0.0481258169951,-0.0475063738451,1.62237942625,1.2446317682,-1.58713071083
5.804309,0.0842135448062,0.0414891727247,-0.0482378227619,-0.047605706244,1.62238443463,1.24476515689,-1.58728388271
5.814295,0.0841563950435,0.0415369023188,-0.0484478184096,-0.0477167083699,1.62245798292,1.24491783706,-1.58742669999
5.824281,0.0843086396968,0.0416362421282,-0.0484782095276,-0.047707043047,1.62251386797,1.24537101386,-1.58737023667
5.834267,0.0844243369682,0.041750608165,-0.0482989591999,-0.0476110474742,1.62261859945,1.24579042972,-1.58723391862
5.844253,0.0841909189725,0.0415127391416,-0.048153969714,-0.0478292479093,1.62295498838,1.24566377121,-1.58713980218
5.854239,0.0842032162325,0.0411277777147,-0.0480720853063,-0.0482364753237,1.62306745272,1.24495582854,-1.58697291381
5.864225,0.0843195054536,0.041094387497,-0.0482233531061,-0.0481923548073,1.62276769377,1.24460732864,-1.58710923201
5.874211,0.0842414892603,0.0411234922117,-0.0483220112563,-0.0480024206147,1.62237834413,1.24478087463,-1.58731008054
5.884197,0.0840011229185,0.0411805138807,-0.0482301555181,-0.0477258265773,1.62235251333,1.2447914366,-1.58716784866
5.894183,0.0837961414337,0.0413367144895,-0.0481532691798,-0.0475422638579,1.62227526856,1.24461127274,-1.58710393785
5.904169,0.0837626356804,0.0413541523585,-0.048256925938,-0.0475423962153,1.6221534594,1.24452643182,-1.5872200832
5.914155,0.0838589441562,0.041257729361,-0.0483372358078,-0.0477167962039,1.62215651849,1.24463554008,-1.58736658333
5.924141,0.0840131382152,0.0413248734931,-0.0481862968828,-0.0479083470352,1.62225827331,1.24482075492,-1.58740979208
5.934127,0.084163811164,0.0415817537495,-0.0480552225172,-0.0478819348605,1.62236190572,1.2449796144,-1.58731087203
5.944113,0.0841453986221,0.041698403915,-0.0483620505668,-0.0476215279069,1.62254080401,1.24509107119,-1.58715160692
5.954099,0.0839273771346,0.0416923015351,-0.0486906234109,-0.0475338008282,1.62273529125,1.24504835475,-1.58722241731
5.964085,0.083508933999,0.0416485062979,-0.0487216887389,-0.0476028126223,1.62252942697,1.24494605402,-1.58719046962
5.974071,0.0835770924885,0.0415386916136,-0.0485436226821,-0.0475316549055,1.62227469657,1.24496103068,-1.58696624662
5.984057,0.0838086059233,0.0414885779486,-0.0482069658979,-0.0475516944818,1.62220561734,1.24505179991,-1.58707514804
5.994043,0.0839235771285,0.041401967382,-0.0483085231493,-0.0477683248136,1.62214716073,1.24499788971,-1.58725567469
6.004029,0.0837835718876,0.0411604083246,-0.0486021530593,-0.0477998371121,1.62196151792,1.24498444583,-1.58738813355
6.014015,0.0837263341023,0.0411029123111,-0.0486637829983,-0.0476095820266,1.62188521361,1.24513822379,-1.58740020927
6.024001,0.0839204946016,0.0413081212148,-0.0484688262266,-0.0474057512204,1.62202905742,1.24543711022,-1.58725219672
6.033987,0.0840857991425,0.0414674955055,-0.0483710094707,-0.0473562197942,1.62216368655,1.24578105946,-1.58709683539
6.043973,0.0839809479297,0.0414870651454,-0.0485572132333,-0.0473845888269,1.6220532245,1.24598372473,-1.58714548344
6.053959,0.083925318371,0.0416895270998,-0.0487262060062,-0.0472176239109,1.62185215056,1.24589293656,-1.58726627828
6.063945,0.0841872689386,0.0417400594032,-0.0489114153436,-0.0470227629379,1.62192685788,1.24606883549,-1.58727297215
6.073931,0.0841802059793,0.0416764505393,-0.0490328033041,-0.0468173104748,1.62222498652,1.24647220977,-1.5873168516
6.083917,0.0841732331115,0.0416450115415,-0.0491134510524,-0.0465219073305,1.62237692438,1.24622366627,-1.58741987159
6.093903,0.0841627419178,0.041390850376,-0.0492340193489,-0.0463527103598,1.62243350159,1.2457864849,-1.58738232607
6.103889,0.0841195283133,0.0412572319281,-0.049367344113,-0.0462782122176,1.62252843242,1.24538440505,-1.58714091545
6.113875,0.0839993342328,0.0411164356628,-0.0493510295896,-0.0461251964158,1.62258500398,1.24532871981,-1.58694518214
6.123861,0.0838933530196,0.0411378436629,-0.0493664098227,-0.0458401124749,1.62257496193,1.2454042397,-1.58690840793
6.133847,0.0839539976256,0.0414096141254,-0.0494026226733,-0.0455109947974,1.62252496895,1.24543767935,-1.58700715953
6.143833,0.0840848695804,0.0415895960273,-0.049280060296,-0.0452427350912,1.62238178474,1.24553499387,-1.58717795702
6.153819,0.0840004806524,0.0413630615508,-0.0490930119522,-0.0450340579736,1.62214316264,1.24575533252,-1.58734748603
6.163805,0.0837996645575,0.0410944591731,-0.0491279604193,-0.0447731487949,1.62212207557,1.24590469385,-1.58745136719
6.173791,0.0839108553308,0.0410081498036,-0.0492743774739,-0.0444061173148,1.62233786244,1.2458115068,-1.58748404286
6.183777,0.0839767201416,0.0411668484577,-0.0493148701168,-0.0442933126116,1.62235723249,1.24564954357,-1.58749658906
6.193763,0.0840522727199,0.0413174665581,-0.0493850121439,-0.0441081719221,1.62223162495,1.24576930897,-1.58763027849
6.203749,0.0840739653861,0.041380783653,-0.049294246049,-0.0436352017038,1.62233066432,1.24566943851,-1.58761085482
6.213735,0.0839453366165,0.0414981602064,-0.0491622285163,-0.0432598141581,1.62236658362,1.24560078166,-1.58745017296
6.223721,0.083925950644,0.0415281223054,-0.0491859724813,-0.0428991814586,1.62236720658,1.24549049066,-1.58721375122
6.233707,0.0840199249006,0.0412055090436,-0.049227343316,-0.0425535515587,1.6223875828,1.24537911364,-1.58710143254
6.243693,0.084123590247,0.0407564329506,-0.0493356006123,-0.042245083645,1.62243601486,1.2454780434,-1.58717206375
6.253679,0.0841078724284,0.0407540304275,-0.0495842102735,-0.0419967441698,1.62242406027,1.24589974622,-1.58726905967
6.263665,0.0839509984568,0.0412450765083,-0.0496364994045,-0.0417569989382,1.62224940211,1.24637651579,-1.58726922292
6.273651,0.0840020899513,0.0414027082243,-0.0492604280657,-0.0411799624609,1.62209520055,1.24639166312,-1.58726938473
6.283637,0.0839275797005,0.0410765266303,-0.0491409621681,-0.0404956364948,1.62230532664,1.2461760526,-1.58726966488
6.293623,0.0835576768556,0.0409495142859,-0.0493271183501,-0.0404027213229,1.62224077839,1.24650337241,-1.58727361419
6.303609,0.0836418764478,0.0413387368883,-0.0494090260385,-0.0406326614367,1.62185618138,1.24631341588,-1.58730848656
6.313595,0.0837712209045,0.0416626202705,-0.0493271937034,-0.040598454081,1.62179360402,1.24620632536,-1.58737497233
6.323581,0.0836983733572,0.0413260937421,-0.0492555933636,-0.04026687884,1.62190230163,1.24648185086,-1.58731054314
6.333567,0.0836671376083,0.0409346178376,-0.0494731796879,-0.0399944291407,1.62195571271,1.24660779094,-1.58723110663
6.343553,0.0837656279753,0.040898433452,-0.0496661582344,-0.0398788688448,1.62195591876,1.24647230925,-1.58740189114
6.353539,0.0839156766257,0.0410357509614,-0.0496046654261,-0.0396992542374,1.62197457897,1.24640273059,-1.58761143089
6.363525,0.0840263107842,0.0410313888161,-0.0494954537745,-0.0393498003194,1.62205399832,1.24656659458,-1.58750315072
6.373511,0.0840766887599,0.0408376438835,-0.0495142162844,-0.0390124731825,1.62222000885,1.24677155315,-1.58726996028
6.383497,0.0841630770884,0.0405753395705,-0.0494844160386,-0.0387345086844,1.62240656069,1.24689864938,-1.58726266434
6.393483,0.0841034289466,0.0405762455519,-0.0494803967139,-0.0386303368681,1.62256165454,1.24703491678,-1.58722613179
6.403469,0.0838051522659,0.0405771398328,-0.049367698301,-0.0387399678425,1.62270673176,1.24685576768,-1.58715425179
6.413455,0.0837821399811,0.040578023274,-0.0494329612872,-0.0386756509334,1.62267799488,1.24680439086,-1.58729617555
6.423441,0.0841578268444,0.0405816147947,-0.049378560977,-0.0383828727727,1.62253754325,1.24693013832,-1.58753478959
6.433427,0.0842945619086,0.0406181059118,-0.0493046782202,-0.0383815946653,1.62235487496,1.24691993509,-1.58746477578
6.443413,0.0839935442722,0.0407833468642,-0.0492742952135,-0.03863818916,1.6222117218,1.24678489326,-1.5872028812
6.453399,0.0837520144641,0.0411152368115,-0.0491378447664,-0.0387608952325,1.62217679797,1.24705405017,-1.58702008978
6.463385,0.0837172586605,0.041406945832,-0.049051426447,-0.0386512155063,1.62229241481,1.2474627252,-1.58708981297
6.473371,0.0837357281853,0.0413984020039,-0.0492083321562,-0.0384628853457,1.62239530493,1.24723655276,-1.58730878892
6.483357,0.0839342741028,0.0411886086248,-0.0493288541867,-0.0383015617293,1.62220250612,1.24654646758,-1.58733717376
6.493343,0.0839953133267,0.0412027348876,-0.0493239564152,-0.0385061464063,1.62193806453,1.24621907884,-1.58709259326
6.503329,0.0840053688042,0.0413094280475,-0.0492909143789,-0.0387774217775,1.62197836951,1.24650021485,-1.58706000015
6.513315,0.0843447900596,0.0411187775955,-0.0492145651716,-0.0388162092116,1.62213355495,1.24708189936,-1.5871003668
6.523301,0.0844723940719,0.0408880925816,-0.0493208075257,-0.0388217057819,1.62228553331,1.24737607455,-1.58714117143
6.533287,0.084426722413,0.0409105508868,-0.0494963192998,-0.0389119841534,1.62231603012,1.24717728725,-1.58736890367
6.543273,0.0841244417331,0.0409598430384,-0.04952852507,-0.0388093028675,1.62234149511,1.24695588315,-1.58747300206
6.553259,0.083949003854,0.0408825458541,-0.0495374732228,-0.0385710584368,1.62242684232,1.24684202399,-1.58746384588
6.563245,0.0840459110927,0.0408844128566,-0.0495372128835,-0.038438375675,1.62250058893,1.24692566678,-1.58744414012
6.573231,0.0842267361405,0.0409607229305,-0.0495152786703,-0.0384858128796,1.62248753522,1.24726689181,-1.58738201063
6.583217,0.0843498208471,0.0409006242647,-0.049468403383,-0.0385210430082,1.62238365385,1.24755896482,-1.58728854942
6.593203,0.0844072410115,0.0408090403775,-0.0493461138123,-0.038376637756,1.62217499632,1.24728829261,-1.58735073162
6.603189,0.0841250335883,0.0408393087051,-0.0493411408542,-0.0382893269808,1.62181261084,1.24677913734,-1.58750082357
6.613175,0.0837306435492,0.0410730710787,-0.0493035765137,-0.0384471317044,1.62161322621,1.24685541525,-1.58761967851
6.623161,0.0835705932554,0.0413751177202,-0.0491516917696,-0.0386066729811,1.62173396658,1.24725363301,-1.58750237743
6.633147,0.0837951130817,0.0415547327748,-0.0490375765938,-0.038653832425,1.62205990129,1.24735884781,-1.58748628916
6.643133,0.0837249179945,0.0411813869469,-0.0491976747589,-0.0387249183106,1.6221610436,1.24731224421,-1.58755255019
6.653119,0.0835929892105,0.0408890819384,-0.0495425322824,-0.0386455696295,1.62238487641,1.24726158824,-1.58741276939
6.663105,0.0836346473543,0.0409752150199,-0.049726336027,-0.0384460908353,1.62255841726,1.24694635222,-1.58729213675
6.673091,0.0837873718789,0.0409996248833,-0.0496674389439,-0.0384783896761,1.62248380264,1.24653814572,-1.58732967022
6.683077,0.0838809233628,0.0409017842793,-0.049604673831,-0.0387442888569,1.62233707359,1.2462915763,-1.58727893699
6.693063,0.0839008025063,0.041032044196,-0.0495983189496,-0.0387648109611,1.62240125444,1.24620944623,-1.58701365404
6.703049,0.0839916366387,0.0411287418364,-0.0494065317649,-0.0383660936009,1.62253301802,1.2463404441,-1.58690465413
6.713035,0.084178266604,0.0409750489025,-0.0494277176016,-0.0381362831655,1.62221451485,1.24669786258,-1.58698999193
6.723022,0.0841642522772,0.0409043243284,-0.0497067507672,-0.0384190206573,1.62186680124,1.24713874892,-1.58723084534
6.733008,0.0842405050731,0.0406372933621,-0.0495599797178,-0.0384906381413,1.62177764898,1.24721793977,-1.58727303395
6.742994,0.0845566516632,0.0405276308499,-0.0494403490496,-0.0385428925221,1.62187285424,1.24733194758,-1.58713549115
6.752980,0.0844179264294,0.0408491076617,-0.04959828373,-0.0384937853116,1.62205061482,1.24748719303,-1.58722731382
6.762966,0.0841435287097,0.0410968885963,-0.0500222952481,-0.0383599134352,1.6220844573,1.24745224837,-1.58730462687
6.772952,0.0838392089421,0.0410736882114,-0.0505486147071,-0.0384994000972,1.62207001217,1.24742939305,-1.58742855423
6.782938,0.0837309213825,0.0410095597745,-0.0509863609494,-0.0387573682357,1.62201123582,1.24732604454,-1.58762611102
6.792924,0.0837756596308,0.0410758028978,-0.0511017030536,-0.0388997386746,1.62197925556,1.24703930889,-1.58766598647
6.802910,0.0837641095861,0.0411522927834,-0.0508211178334,-0.0389354835178,1.62207790071,1.24688646497,-1.58743746889
6.812896,0.0839764520897,0.0410707865722,-0.0505064285257,-0.0387314411337,1.62211676633,1.24716632959,-1.58730079373
6.822882,0.0843002043636,0.04077235867,-0.0505442322983,-0.0384736148778,1.62217314691,1.24751145852,-1.58743966084
6.832868,0.0840615185773,0.0406438990818,-0.0504470053474,-0.0384680840131,1.62251674743,1.24759333421,-1.58727748824
6.842854,0.0838875178567,0.0407252290139,-0.0508377945518,-0.0385976813583,1.62273422344,1.24736740295,-1.5872397165
6.852840,0.0841421293105,0.0406062787376,-0.050898714712,-0.0385666147427,1.62255264371,1.24740508568,-1.58709940454
6.862826,0.0841847068299,0.0403523927132,-0.0506779879726,-0.0387351919419,1.62236186584,1.24736705003,-1.58694153933
6.872812,0.0840661998313,0.0403890006728,-0.0506680979234,-0.0388857678196,1.62247340834,1.24741853893,-1.58691316603
6.882798,0.0839069752072,0.0406715375162,-0.0507626375007,-0.0386296283682,1.62240514824,1.24749143505,-1.58701828357
6.892784,0.0838534361113,0.0409886560641,-0.0508407417919,-0.0384162723905,1.622121593,1.24753885519,-1.58719283935
6.902770,0.0840083928687,0.0411559789772,-0.0509250740055,-0.0386742281759,1.62206194748,1.24743779087,-1.58735963713
6.912756,0.0843093022227,0.0410619539217,-0.0509808724387,-0.038973877589,1.62230780938,1.24718641821,-1.58744996288
6.922742,0.0845216017857,0.0408320506582,-0.0510112236708,-0.0388720577355,1.62241245823,1.24723473795,-1.58742772558
6.932728,0.0843669231957,0.0408671175701,-0.0512308784144,-0.0388702845912,1.62222297063,1.24732389337,-1.58727300851
6.942714,0.084231755589,0.0410870988015,-0.0509211480266,-0.0389725239294,1.62210005417,1.24779411565,-1.58724179382
6.952700,0.0843135244075,0.0408352268796,-0.0505985889592,-0.0387705570712,1.62208755173,1.24806344697,-1.58712328784
6.962686,0.0842506415094,0.0405118879143,-0.050584110191,-0.0388069821336,1.62222659607,1.24786071077,-1.58710003341
6.972672,0.0841679823134,0.0405801562043,-0.0507111719207,-0.0389851089483,1.62226569235,1.2476650198,-1.5872211878
6.982658,0.0841710522151,0.0407086500806,-0.0508734996897,-0.0389218606185,1.62228458847,1.2476934676,-1.58725538011
6.992644,0.0840922826086,0.0407219366686,-0.050962992724,-0.0388401298396,1.62234773146,1.24764713619,-1.58717236107
7.002630,0.0840563366535,0.0407269214272,-0.0510209788394,-0.0387996559115,1.6223447475,1.2474162472,-1.58708716804
7.012616,0.0840835337049,0.0408269515778,-0.0510283749249,-0.038811594369,1.62222093686,1.2472299896,-1.58707588013
7.022602,0.0839334596646,0.0408234960127,-0.0508546396368,-0.03895490996,1.62218784264,1.2472584123,-1.58709480845
7.032588,0.0838444007875,0.0404420162584,-0.0506753002761,-0.0388602163644,1.62242432518,1.2473590255,-1.58706745682
7.042574,0.0840009758776,0.0404455967225,-0.0509550996053,-0.038669929577,1.62238522399,1.2472751046,-1.58710292995
7.052560,0.08419360148,0.0406408520484,-0.0511919628841,-0.0388751201046,1.62206659807,1.24735653378,-1.58706313122
7.062546,0.0843183831863,0.0407696486128,-0.051310117648,-0.0388470349267,1.62192338124,1.24735575034,-1.58709965669
7.072532,0.0843430484027,0.0408223096102,-0.0514525126974,-0.0388758012954,1.62203625173,1.24702213233,-1.58707053406
7.082518,0.084221002419,0.0408021213631,-0.051292646687,-0.0388571300419,1.62222217526,1.24714739858,-1.58706989322
7.092504,0.0842016798997,0.0408169595979,-0.0512545874102,-0.0388912903664,1.62238985105,1.24751667072,-1.58698749939
7.102490,0.0843795601318,0.0408460620336,-0.0513058510078,-0.0389864796616,1.62253419324,1.24748223108,-1.58702865828
7.112476,0.0845961821433,0.0409717082438,-0.0511992846448,-0.0391281834032,1.62256603413,1.24721796414,-1.5872602788
7.122462,0.0845770298654,0.0410920289004,-0.0511313792798,-0.0391756390024,1.62252028933,1.24738795058,-1.58745268702
7.132448,0.0842754046548,0.0409111831815,-0.0514547327373,-0.0389980879504,1.62253476242,1.24786994759,-1.58740425477
7.142434,0.0840452688987,0.0406749104643,-0.0517727938226,-0.0388853522136,1.6223923524,1.24767793569,-1.58717595777
7.152420,0.0838059539309,0.0408255205414,-0.0518325121116,-0.0388462169076,1.62203211561,1.24707767226,-1.58693625129
7.162406,0.083806219918,0.0409349201318,-0.051653521786,-0.0388606703631,1.62204391815,1.247263023,-1.58691143271
7.172392,0.0842105757361,0.0406758878166,-0.0517247983891,-0.0387308373696,1.62188457461,1.24757637272,-1.58722554213
7.182378,0.0841600344105,0.0404316668031,-0.0521992067643,-0.03881395033,1.62183360274,1.24772423694,-1.58725480058
7.192364,0.0839164931724,0.0403113178683,-0.0523321286693,-0.0388356602229,1.62173396465,1.24760919556,-1.5871566769
7.202350,0.0839945214218,0.0403014057599,-0.0524535470135,-0.038642156402,1.62169834278,1.24762668335,-1.58713921356
7.212336,0.084236628402,0.040645909686,-0.0526113333683,-0.0384837637659,1.62187842731,1.24764038705,-1.58738498563
7.222322,0.0843588786628,0.0410475890387,-0.0526752609678,-0.0384668875894,1.62213315265,1.24728112442,-1.58764688949
7.232308,0.0844449164765,0.040990604006,-0.0525578483102,-0.0384207601714,1.62224423862,1.24704615124,-1.58762322628
7.242294,0.084570303269,0.0406478747931,-0.0522857290693,-0.038299438859,1.62223608004,1.2476611031,-1.5875149415
7.252280,0.0843366027799,0.0405822839665,-0.0522256261963,-0.0383407503857,1.62219023427,1.24791989689,-1.58761590301
7.262266,0.0841554615774,0.0406311170447,-0.0525027617818,-0.0384635531898,1.62203671273,1.2473993217,-1.58746109247
7.272252,0.0845191778134,0.0404193762294,-0.0526879483058,-0.038479583521,1.62189458865,1.24727610098,-1.58729053032
7.282238,0.0846347170162,0.0404456896134,-0.0525427251305,-0.0383242086478,1.62202812292,1.24730746909,-1.58725380641
7.292224,0.0845579941449,0.0404409007091,-0.052514291987,-0.0383195657375,1.62219635245,1.24773329055,-1.58714506629
7.302210,0.0843899159825,0.0405808556541,-0.0525151062158,-0.0384396930218,1.62228155156,1.24815216335,-1.58711953889
7.312196,0.0844109232068,0.0407336086996,-0.0525321429761,-0.0385878839084,1.6224766817,1.24805018136,-1.58732732872
7.322182,0.0844536971534,0.040788271179,-0.0526122269504,-0.0385886809715,1.62267920466,1.24766756756,-1.58755582433
7.332168,0.0846018474502,0.0406446897047,-0.0527050743638,-0.0384856029484,1.62256292186,1.24759910803,-1.58756106192
7.342154,0.0850183285494,0.0403880855069,-0.0527383750383,-0.0384117745146,1.62219596052,1.24783089864,-1.58734198477
7.352140,0.0851763302268,0.0403658011449,-0.0528057396347,-0.0383342230119,1.62209952308,1.24781940984,-1.58709978061
7.362126,0.0844417541678,0.0406746676458,-0.0530248691064,-0.0383121208733,1.62232540449,1.24774750301,-1.58706009317
7.372112,0.0839247369719,0.0409820861235,-0.0528568139486,-0.0385512806867,1.62257414874,1.2475218379,-1.58704629675
7.382098,0.084147757408,0.0408284897335,-0.0523846389069,-0.0386599306146,1.62258570601,1.24753532059,-1.58674744737
7.392084,0.0844237638002,0.0406580437132,-0.0523543503525,-0.0388213070116,1.62215037389,1.24749654872,-1.58675442947
7.402070,0.0846510466461,0.040647468487,-0.0526235917878,-0.0385843624438,1.62204968006,1.24719659397,-1.58713332075
7.412056,0.0846970375071,0.0407293253932,-0.0528392312067,-0.0383867451122,1.62218521226,1.24745563026,-1.58739844874
7.422042,0.0847954354434,0.0407176879661,-0.0528893974218,-0.0383944566558,1.62230844524,1.24775428314,-1.58734892564
7.432028,0.0848777530477,0.0406438729698,-0.0527978102162,-0.0383891995374,1.62223597343,1.24783833746,-1.58718676636
7.442014,0.084876433645,0.0406864573553,-0.0526359828128,-0.0382567624804,1.62205460115,1.24781802877,-1.58710333547
7.452000,0.0848829507431,0.0407647959275,-0.0525171244645,-0.0382451320841,1.62198035066,1.24771161677,-1.58713638376
7.461986,0.0849282996828,0.0406283806022,-0.0525174110745,-0.0385513384905,1.62192725791,1.24754243059,-1.58722630513
7.471972,0.0850438605967,0.040631756453,-0.052520717508,-0.0387809499774,1.62154445305,1.24762740864,-1.58710623752
7.481958,0.0850612026221,0.0406580352127,-0.0525469285202,-0.0390628474151,1.62187692081,1.24786365577,-1.58706149987
7.491944,0.0848854248581,0.0408114553507,-0.0527002827099,-0.0392590874985,1.62235557204,1.247643943,-1.58708275581
7.501930,0.0849124780624,0.0409623308969,-0.0528510939286,-0.0390741269391,1.622417569,1.24768777037,-1.58690373915
7.511916,0.085149304261,0.0408669370974,-0.0527558180619,-0.0388224791849,1.62227963694,1.24775043871,-1.58676177435
7.521902,0.0853865110958,0.0406816116385,-0.0525872058387,-0.0386999385581,1.62222767477,1.24774034359,-1.58675881503
7.531888,0.0854582250983,0.0405106845897,-0.0525186219693,-0.0387939828559,1.62219843178,1.24764183301,-1.58713483516
7.541874,0.0855231327854,0.0403462745596,-0.0525305958687,-0.0388147771421,1.62204314237,1.247597409,-1.58753769719
7.551860,0.0855601396477,0.0402696935194,-0.0525973070742,-0.0387767948377,1.62186940524,1.24735880819,-1.58751805605
7.561846,0.0854608741674,0.0404432881615,-0.0527024319255,-0.0388821787699,1.62195158252,1.24689384246,-1.58721740258
7.571832,0.0854812230793,0.0408232574731,-0.0527257364672,-0.0389103143715,1.6222778721,1.24692563675,-1.58710891103
7.581818,0.0856770817906,0.0410228618778,-0.0526531497345,-0.0388690761295,1.62239720443,1.24719297764,-1.587103194
7.591804,0.0858515118347,0.0408000361721,-0.0525464094128,-0.0388703294609,1.62242027081,1.24765316963,-1.58725729431
