time,right_s0,right_s1,right_e0,right_e1,right_w0,right_w1,right_w2
0.494304,-0.271254962632,0.0944582191811,0.0592675483058,0.0374206651724,0.430070850908,0.921068742475,-0.629087602658
0.504287,-0.269820227815,0.0945782258932,0.0594435426004,0.0380340498784,0.435416680119,0.926099862234,-0.631723156847
0.514271,-0.26860737305,0.0946410032752,0.0593500023635,0.038897236969,0.440327749485,0.93088773665,-0.6340356171
0.524254,-0.267855303313,0.0950081381284,0.0595512504973,0.0397032720663,0.44292194042,0.93332331818,-0.634525016926
0.534238,-0.267080434811,0.0956580756565,0.0601791883793,0.0403756807808,0.445598093759,0.936247286048,-0.634046236987
0.544221,-0.265897182853,0.0961903425773,0.0608284615429,0.0411119044796,0.450636416499,0.942075494565,-0.633500649856
0.554205,-0.264492283439,0.0965233295937,0.061177799883,0.0419160626005,0.457168449196,0.949390722994,-0.633143276101
0.564188,-0.26324167376,0.0968238792492,0.0612461223417,0.0426140030143,0.463040519946,0.955568703404,-0.633037688852
0.574172,-0.262287094136,0.0971463244684,0.061264179433,0.0431274503913,0.467127524708,0.959597984332,-0.633151599552
0.584155,-0.261480839204,0.0974038782908,0.0614515699928,0.0435319147448,0.469866858464,0.962387420406,-0.633213711494
0.594139,-0.260564377518,0.0976070408068,0.0618215753658,0.0438642669447,0.472912482347,0.96604448941,-0.633178442143
0.604122,-0.259455370259,0.0977471603402,0.0619838685556,0.0441801791247,0.478324287462,0.972938619829,-0.633720807019
0.614105,-0.25818860579,0.0976673696744,0.0621108943161,0.0444369294748,0.486001185587,0.982730267811,-0.634879419713
0.624089,-0.257014365741,0.0974895270155,0.0625862670676,0.0447650736482,0.493281034739,0.991930979944,-0.636146346498
0.634072,-0.256362587072,0.0974821640053,0.0628469162928,0.0451094999408,0.498201318901,0.997913533906,-0.637200711862
0.644056,-0.255809662222,0.0974180742742,0.0629321127189,0.0453536136902,0.502017938126,1.00269803357,-0.638353723173
0.654039,-0.254819115653,0.0971863552631,0.0631763314735,0.0456967075369,0.506993711553,1.01000789267,-0.640495536292
0.664023,-0.253525126454,0.0970012354737,0.0634236605112,0.0461314954888,0.512764388348,1.01899611235,-0.643260899465
0.674006,-0.252468640661,0.0970847935313,0.0635021737591,0.0464794946508,0.517333628435,1.02581808202,-0.645457475411
0.683990,-0.251774142149,0.0971974972466,0.0635152830235,0.0466119558091,0.521190249012,1.03064482913,-0.647297173465
0.693973,-0.250967012085,0.0969805723764,0.0635921269634,0.0465652883703,0.526968275635,1.03757569115,-0.650334057618
0.703957,-0.249666507437,0.0965958253099,0.0636143854902,0.0464822226852,0.534961049672,1.0476299499,-0.654914559736
0.713940,-0.248177394503,0.096372032143,0.063432910575,0.0464919935176,0.542325068496,1.05715341007,-0.659305273297
0.723924,-0.247058585116,0.0963168498691,0.0631940243539,0.0466993984015,0.547321703338,1.06348876455,-0.662275047121
0.733907,-0.246355173834,0.0963188202966,0.0630818980391,0.0468812706733,0.55075650051,1.06706331186,-0.664279319636
0.743890,-0.245706133959,0.0961422233072,0.0629416352517,0.0467499451574,0.554805768413,1.07116823691,-0.6667988129
0.753874,-0.244844180485,0.0956523803069,0.0628541844245,0.0464843980111,0.560993174272,1.07823901243,-0.671008867991
0.763857,-0.243792944957,0.094965761163,0.06282635297,0.0461466698589,0.569043578787,1.08762179278,-0.676602508736
0.773841,-0.242669082534,0.0944056698298,0.0628929067558,0.0458823027427,0.576899010327,1.09675424979,-0.682065072958
0.783824,-0.241705286624,0.0941754502822,0.0630479345102,0.0457610493458,0.582587329233,1.10313894371,-0.686073218366
0.793808,-0.240906335882,0.0939473653323,0.0631002174125,0.0456525881159,0.587308735347,1.10795692076,-0.689491285513
0.803791,-0.23993873571,0.093319282725,0.0628108614726,0.0454201554544,0.593427226368,1.11401536714,-0.693804362518
0.813775,-0.23866180385,0.0924895389536,0.0622166745165,0.0451101758766,0.600629963457,1.12119072598,-0.6986158462
0.823758,-0.237527163823,0.0920255055739,0.0617163806936,0.0448796002319,0.606668623391,1.12690273685,-0.702610218159
0.833742,-0.236654403107,0.0917717061131,0.0616282904792,0.0448504373975,0.612592798877,1.13229698416,-0.707221043283
0.843725,-0.235366673139,0.0909594933016,0.0616476890111,0.044898802425,0.621086973904,1.13980450418,-0.714258374154
0.853708,-0.233976067912,0.0901824983611,0.0616489147803,0.0447998649924,0.628961945276,1.14585281038,-0.720533144094
0.863692,-0.232878066096,0.0898735546683,0.0616033657001,0.0445210493792,0.634740248961,1.14948539969,-0.724705564389
0.873675,-0.231659786889,0.0894090761155,0.0614579138916,0.0441086590172,0.641086586903,1.15325900776,-0.729093040991
0.883659,-0.230545765417,0.0889034581809,0.0612653025356,0.0436346296195,0.647482415763,1.15704279049,-0.733718792939
0.893642,-0.229785591871,0.0883431888397,0.0610568419653,0.0431713044387,0.653823050016,1.16074053493,-0.738957346707
0.903626,-0.228987646538,0.0873987782544,0.0608399733298,0.0428210410386,0.661982274737,1.1654294923,-0.746085595386
0.913609,-0.227765320967,0.0862200005422,0.0606356028281,0.0426321026975,0.671871237064,1.17061979604,-0.754509552728
0.923593,-0.22629789811,0.0852222481328,0.060483963868,0.0425305342244,0.681465573906,1.17464243425,-0.762468992316
0.933576,-0.225011483145,0.0843545798646,0.0603991191871,0.0423899025598,0.690210690053,1.17736050345,-0.769757153526
0.943560,-0.22393819386,0.0834146117867,0.0603351348391,0.0421210580463,0.69898760013,1.17995180749,-0.777127581225
0.953543,-0.222792658424,0.0827779757971,0.0602525123113,0.0415369011137,0.707022432543,1.18236280484,-0.783929616089
0.963526,-0.221686176177,0.0824216155336,0.0600261012314,0.0408503807998,0.713900024457,1.1840012098,-0.789840161384
0.973510,-0.220799152548,0.0819669200288,0.0594929529194,0.040502591494,0.722132556187,1.18559010485,-0.797093319693
0.983493,-0.219938827674,0.0815112089296,0.0589079701353,0.0402475654126,0.730445032643,1.18718210207,-0.804522788903
0.993477,-0.219044879118,0.0811018167537,0.0584373880358,0.0399529618319,0.73816808275,1.18867500999,-0.811456270866
1.003460,-0.218065909306,0.0805227247541,0.0581532308237,0.0394983507178,0.747216649139,1.19040545913,-0.819440437745
1.013444,-0.217012130458,0.0798143662225,0.0580163448728,0.0388604917654,0.757980399302,1.19236682399,-0.8289285654
1.023427,-0.215926083901,0.0791241617827,0.0578247903218,0.0381919826886,0.77013504742,1.19462798395,-0.839946663385
1.033411,-0.214847792579,0.0785616332036,0.0574805370672,0.0376414911936,0.782289110342,1.196913049,-0.851229319955
1.043394,-0.213708170379,0.0780997573213,0.0570789088052,0.0372287190069,0.793586948084,1.19872018649,-0.861829130112
1.053378,-0.212432234021,0.0775975900436,0.0566817092827,0.0368891001394,0.805210573382,1.20006942393,-0.87288114378
1.063361,-0.211349835436,0.0770563190984,0.0562360804617,0.0365130928493,0.816808485021,1.2012765986,-0.883852682473
1.073345,-0.210819528933,0.0766281322182,0.0558904032666,0.0360362345237,0.82578188486,1.20225781268,-0.892054796654
1.083328,-0.210419181694,0.0758978204267,0.0558330367383,0.0355286930067,0.837173321314,1.20384242102,-0.902721648819
1.093311,-0.209614105182,0.0749034390738,0.0557722454149,0.0350146648509,0.849654208207,1.20539403749,-0.914461462263
1.103295,-0.208520561483,0.0743295725589,0.0554030921746,0.0344947310028,0.858145193213,1.20633214418,-0.922412958934
1.113278,-0.207386481496,0.0740842973985,0.0547417265737,0.0339691924608,0.866035067378,1.20781572241,-0.93034979957
1.123262,-0.206304553297,0.0735839003345,0.0540747435387,0.033500387027,0.877183977686,1.21040991049,-0.941731825064
1.133245,-0.205439350366,0.0729027778788,0.0536115566102,0.0330921464822,0.890222858375,1.21333965111,-0.954735007776
1.143229,-0.204782828397,0.0724792024042,0.0533591587355,0.0325740096012,0.902044666933,1.21580442584,-0.966427955973
1.153212,-0.2041696724,0.0723195390202,0.0532023151292,0.0318774943303,0.911891859333,1.21787334978,-0.976368641432
1.163196,-0.203515162186,0.0720311268545,0.0529705933527,0.0311984373167,0.920776793402,1.21992687231,-0.985452490328
1.173179,-0.202877950987,0.0715508364121,0.0525304906109,0.0306851459938,0.928600615479,1.22176407098,-0.993241429776
1.183163,-0.202273440316,0.0711442394119,0.0520487787782,0.0301522980605,0.934878220111,1.22311301023,-0.99898798738
1.193146,-0.201565029493,0.0709028832335,0.0516141641131,0.0295442823322,0.941262435744,1.22452300571,-1.00434296108
1.203129,-0.200773340777,0.0705814220912,0.051206862869,0.0288809391517,0.950154602332,1.22689827776,-1.01213926288
1.213113,-0.200008106942,0.0701818354058,0.0509098386096,0.0283590651622,0.960822751046,1.23019614609,-1.02158686062
1.223096,-0.199193778032,0.0699021218117,0.0505244472634,0.02800283771,0.970597252942,1.23334256321,-1.02987139558
1.233080,-0.198367522549,0.0697868160029,0.0500637924905,0.0275504203292,0.977439091728,1.2355482051,-1.0353154269
1.243063,-0.197580315466,0.0696941975714,0.0498000009059,0.026895896278,0.983373928483,1.23781975399,-1.03991505726
1.253047,-0.196805612013,0.0695632784438,0.0496857476136,0.0261741458327,0.991069716224,1.24123907922,-1.04596470624
1.263030,-0.196071367383,0.0694139367318,0.0494786317715,0.025465134995,1.00032216489,1.24551740433,-1.05341247281
1.273014,-0.195445441116,0.0692786026123,0.0490739999453,0.0247810831127,1.00874076783,1.24952472142,-1.06044139265
1.282997,-0.194878939267,0.0691947872469,0.0485913833351,0.0242257650294,1.01507631781,1.25270794009,-1.06583155962
1.292981,-0.19417012205,0.0691821176684,0.0482273611134,0.0238517820753,1.02092377871,1.25567194728,-1.07042506008
1.302964,-0.193134717288,0.0691455856822,0.0480665560108,0.023369237637,1.02881995416,1.25978934774,-1.07648336848
1.312947,-0.192081809339,0.0690140912876,0.0477760484591,0.0226738249652,1.03791932275,1.26510048652,-1.08383853146
1.322931,-0.191646531293,0.0689341910712,0.0472840828932,0.0219035920507,1.04552025482,1.26987174863,-1.09052073406
1.332914,-0.191460751694,0.069069707191,0.0468927551447,0.0211829823235,1.05246116361,1.27433662609,-1.09731928045
1.342898,-0.19114656941,0.0693251377285,0.0464116944993,0.0205693082488,1.05923537822,1.2788047008,-1.10442633607
1.352881,-0.190761751087,0.0694966697036,0.0458907829565,0.0200602805707,1.06634354263,1.28339196589,-1.11207053576
1.362865,-0.19030433686,0.0694799347008,0.0455645853231,0.0195639144111,1.07345784212,1.28783847406,-1.11985031759
1.372848,-0.189760724045,0.0693782606995,0.0453455758012,0.019088805388,1.07962009851,1.29158533639,-1.12655737043
1.382832,-0.189200663614,0.069366738486,0.0449851134862,0.018642129162,1.08529700981,1.29517252123,-1.13296622033
1.392815,-0.18869200689,0.0694773052698,0.044420243826,0.0181412244937,1.09240889706,1.300034563,-1.14183903481
1.402799,-0.188218612943,0.0695661026218,0.0438106164609,0.0175217632166,1.10128378334,1.30617725762,-1.15349423315
1.412782,-0.187802172988,0.0695259225459,0.0433574028751,0.0168541278772,1.10905130896,1.31140308917,-1.16370060978
1.422766,-0.187518427094,0.0694162941794,0.0431068393601,0.0163377757491,1.11540349541,1.3158599255,-1.17232311833
1.432749,-0.187366393049,0.0694083188514,0.0428764895419,0.0159960320529,1.12314727939,1.32146637033,-1.18372136631
1.442732,-0.187203179127,0.0695298921798,0.0425927408708,0.0155862585754,1.13183529305,1.32765150981,-1.1966518342
1.452716,-0.186992088972,0.0697173566461,0.0423638289945,0.0150160457901,1.14157438312,1.33477723509,-1.2120249109
1.462699,-0.18688751241,0.0699213217212,0.0420699301344,0.0142956697719,1.15285923492,1.34335256788,-1.23167518722
1.472683,-0.186924562506,0.0699893724116,0.0415542077791,0.0134949405429,1.16386030481,1.35190983203,-1.25145636773
1.482666,-0.186940985555,0.0699393635524,0.0409535065742,0.0128197814317,1.17261589862,1.35872473326,-1.26696796433
1.492650,-0.186863659323,0.0699082801214,0.040549008715,0.012380274603,1.18046557575,1.36497879262,-1.28126868679
1.502633,-0.186719106529,0.0699127749186,0.0404477443997,0.0120793808821,1.18931084955,1.37242897221,-1.29849106961
1.512617,-0.186502703704,0.0698497494761,0.0404529501213,0.0117353037237,1.19815698056,1.38018143957,-1.31607797888
1.522600,-0.186255676122,0.0697302074039,0.0402304459538,0.0112777918362,1.20537831709,1.3866643811,-1.33003836094
1.532584,-0.18624090853,0.0696664115011,0.0396163938711,0.0107919347043,1.21326052608,1.39409632528,-1.34515469556
1.542567,-0.186560757353,0.0696720562717,0.0388929659369,0.010221939817,1.22265253373,1.40311829564,-1.3628952102
1.552550,-0.186919155887,0.0698114295581,0.0384595847796,0.00955587737933,1.23102434209,1.41068363602,-1.37719132043
1.562534,-0.187027036496,0.0700385816682,0.0381921204515,0.00894635578657,1.23810254681,1.4166896278,-1.38871137194
1.572517,-0.186892435992,0.0701210477913,0.0379279925082,0.0083762350767,1.24360285682,1.42128773517,-1.39763182982
1.582501,-0.186714819722,0.0699275701148,0.0376104443988,0.00784625449176,1.24861818046,1.42593283982,-1.40588610724
1.592484,-0.186662796072,0.0696493447782,0.0371994514195,0.00739101142353,1.25455392263,1.43185086129,-1.41589251349
1.602468,-0.18679600357,0.0695113128967,0.0369028081697,0.0069955878736,1.26170170215,1.43902092805,-1.42764298868
1.612451,-0.187135880249,0.0694771436727,0.0368527365522,0.00662011063334,1.26966764087,1.44705947899,-1.43997387157
1.622435,-0.187623806914,0.0694239877266,0.0367962444844,0.00623111777236,1.27761439273,1.45515857187,-1.45134589994
1.632418,-0.188143488545,0.069417989175,0.0363595431301,0.00579299735369,1.28485310817,1.46247087861,-1.46044373407
1.642402,-0.188671592407,0.0695651367725,0.0356231589544,0.00528460667047,1.29196236273,1.46973387905,-1.46778862474
1.652385,-0.189070925232,0.0696862252031,0.0350430180583,0.00478909019924,1.29928905728,1.47767447484,-1.47425644868
1.662368,-0.188838127971,0.069707328753,0.0350066824523,0.00438437703072,1.30474958405,1.48391761679,-1.47804024015
1.672352,-0.188437450407,0.0697523604676,0.0350024456829,0.00386063147399,1.30834084303,1.48777574077,-1.47974933899
1.682335,-0.188599440618,0.0697085402459,0.034569026721,0.00303311406524,1.3120351389,1.49152861929,-1.48087689346
1.692319,-0.18907816117,0.0695788235722,0.0339531699543,0.00224497538286,1.31661077108,1.49671001151,-1.48164284612
1.702302,-0.18962791129,0.069405767815,0.0334065891826,0.00169423617956,1.32207834232,1.50323518606,-1.48188885821
1.712286,-0.190269697433,0.0691075183697,0.0330109972888,0.00115991803409,1.32855553743,1.51088041373,-1.48192666551
1.722269,-0.190788699953,0.0687268132231,0.0327569866177,0.000535571244814,1.33550946781,1.51867305435,-1.48217632657
1.732253,-0.190958608913,0.0684865798841,0.0325867706846,-9.79371838121e-05,1.34182066425,1.52508370567,-1.48271715213
1.742236,-0.190897371672,0.0684614278584,0.0323852709592,-0.00068432741757,1.34684327526,1.52951661023,-1.48335914448
1.752220,-0.190918419241,0.0683803025706,0.0320053307439,-0.00123002524115,1.35123190903,1.53325673559,-1.4839065805
1.762203,-0.191122853186,0.0680256590391,0.0314163262727,-0.0016943284195,1.35624962347,1.53802706464,-1.48416412909
1.772187,-0.191407107746,0.0675666774625,0.0309756896984,-0.00221182258608,1.36159343941,1.54331517516,-1.48423330804
1.782170,-0.191452261083,0.0673372105172,0.0308253319765,-0.00290426714387,1.36556830887,1.54681249531,-1.48452854633
1.792153,-0.191375331951,0.0672858558875,0.0305971730088,-0.00367936969344,1.36989014599,1.55029777828,-1.48505422643
1.802137,-0.191490774251,0.0672167993486,0.0302984639945,-0.00426882756877,1.3759460846,1.55536897999,-1.48530945717
1.812120,-0.191696857382,0.0672479733885,0.029960826124,-0.00455554700596,1.38245387715,1.56064153095,-1.48518754426
1.822104,-0.191695461038,0.0673396929229,0.0295538187627,-0.00487810297707,1.38834111516,1.56496152224,-1.48511165046
1.832087,-0.191569187618,0.0672662400152,0.029112923087,-0.00550533961302,1.39348321529,1.56834618046,-1.48544725
1.842071,-0.191545155818,0.0670219560033,0.0287161509274,-0.00627731631174,1.39804686778,1.57096050653,-1.48612747148
1.852054,-0.191615566335,0.0667381559652,0.0284042972667,-0.00682912410873,1.40267643395,1.57292389826,-1.48681633474
1.862038,-0.191638813792,0.0664782574463,0.0281875173817,-0.00704729927516,1.40824589014,1.5746460651,-1.48736428106
1.872021,-0.191618725867,0.0663248430593,0.0280802106258,-0.00721502785862,1.41457813989,1.57648687324,-1.48797946046
1.882005,-0.191472053762,0.0664021787741,0.0280003455121,-0.00766839828151,1.42025010132,1.5780334033,-1.48877186847
1.891988,-0.191198037886,0.066440523251,0.0277514269278,-0.00837080445083,1.42483033895,1.57898404407,-1.48934921299
1.901971,-0.190984866663,0.066341959027,0.0274035168034,-0.0090170147471,1.42833285724,1.57950237484,-1.48966298676
1.911955,-0.190878521006,0.0664668078417,0.0271972351007,-0.00946276381508,1.43231252017,1.57976702814,-1.49021868255
1.921938,-0.190906852159,0.0664625690423,0.0270433783912,-0.00970142696363,1.43813077783,1.57994209968,-1.49089881219
1.931922,-0.190996956464,0.0661896757503,0.0267991508072,-0.00991093030022,1.44471411274,1.58001528198,-1.49149740199
1.941905,-0.191083695357,0.0659551411817,0.0264836116533,-0.0103533278512,1.45164881734,1.57975042936,-1.49201925114
1.951889,-0.191018929945,0.0659187361934,0.0262483716416,-0.0110791080443,1.45883644225,1.5790490064,-1.49261593769
1.961872,-0.19071690578,0.0659919167494,0.0261131648977,-0.0118598054618,1.46536985777,1.57813932336,-1.49335900396
1.971856,-0.190327784456,0.0660209622583,0.0258793310588,-0.0123997377754,1.47118748809,1.57716742154,-1.49417375678
1.981839,-0.190067141552,0.0659279606808,0.0254047342958,-0.0126381635744,1.47769698007,1.57593119998,-1.49497704062
1.991823,-0.189866056868,0.065726077163,0.0248973864926,-0.0128183402526,1.48475605541,1.57438091502,-1.49577296594
2.001806,-0.189576856147,0.0654858368782,0.0246287981524,-0.0131196694089,1.49019089489,1.57303294062,-1.4964914705
2.011789,-0.189141384693,0.0652822600439,0.0245490039322,-0.0134181889805,1.49539184622,1.5715783979,-1.497147166
2.021773,-0.188435391872,0.0652076010991,0.0243068239858,-0.0137041768026,1.5028534508,1.56921063842,-1.49793490355
2.031756,-0.187701302897,0.0651941517116,0.0239111883108,-0.0141408579837,1.51037698999,1.56677201256,-1.49891220982
2.041740,-0.18719378244,0.0650744701727,0.0236518355541,-0.0147776412249,1.51770404049,1.56434554379,-1.50025343532
2.051723,-0.186844398612,0.064887318427,0.0235046762644,-0.015470240062,1.52504719452,1.56180802517,-1.50190639268
2.061707,-0.186465854431,0.0646691212553,0.0233070242798,-0.0159995424147,1.53137514146,1.55960245579,-1.50350231566
2.071690,-0.185898070412,0.0643195694309,0.0230071183274,-0.0163168115092,1.53709364527,1.5576115884,-1.50492691813
2.081674,-0.185092354129,0.0638646008165,0.0226817271342,-0.0166241448801,1.54311091077,1.55549737927,-1.50631396277
2.091657,-0.184046494333,0.0635093025263,0.0224032098184,-0.0171374147369,1.54946235274,1.55325441785,-1.50779262749
2.101641,-0.182775671537,0.0633097650769,0.0221674666089,-0.0177794665762,1.55596919346,1.55097383634,-1.50937495616
2.111624,-0.181471841903,0.0630303317114,0.0219596683888,-0.0182531942721,1.56288657225,1.54863486666,-1.51091011916
2.121608,-0.180433010093,0.0627353530844,0.0217658505848,-0.018596680788,1.56912481395,1.54684642164,-1.5120235136
2.131591,-0.179558571959,0.0626760535708,0.0214403420896,-0.019070553917,1.57408346352,1.54566260262,-1.51286285859
2.141574,-0.178779194565,0.0626212154256,0.0211005742708,-0.0195573803276,1.57771449806,1.54473908507,-1.51366763673
2.151558,-0.177810282586,0.062380734369,0.0209242310729,-0.0199452808429,1.58139992584,1.54350892545,-1.51454918936
2.161541,-0.176442536313,0.0619633724658,0.0208170153983,-0.0204153103999,1.58625167163,1.54159395941,-1.51572874685
2.171525,-0.175065101981,0.0615002374857,0.020685383407,-0.0209397946327,1.59111592342,1.53956325766,-1.51696291961
2.181508,-0.173925326413,0.0610642569472,0.0205876108841,-0.0213044532623,1.59526537109,1.5374626881,-1.51785711803
2.191492,-0.172753830392,0.0606490491025,0.0205248267724,-0.0214800970148,1.59949353854,1.53456651062,-1.51835594674
2.201475,-0.171317985466,0.0602377170798,0.0203193377718,-0.0215571468148,1.60417255819,1.53085915773,-1.51867981394
2.211459,-0.169846029133,0.05984992466,0.0198320352691,-0.021583025708,1.60823388222,1.52746246809,-1.51902238126
2.221442,-0.16862085787,0.0595216742667,0.019243079509,-0.0216715532334,1.61089370752,1.52497634211,-1.51943729847
2.231426,-0.167431999953,0.0592192894973,0.0188964840731,-0.0220788682996,1.61296447008,1.52238438173,-1.51988936168
2.241409,-0.166029836973,0.058630983645,0.0188826430139,-0.0227743505532,1.61493260384,1.5192640973,-1.52037091711
2.251392,-0.164503258132,0.0576784769542,0.0189543711156,-0.0234971252719,1.6163097391,1.51659593644,-1.52093710977
2.261376,-0.163050258625,0.0570006415619,0.0188857494064,-0.0239491235865,1.61734857917,1.51440421327,-1.52151626244
2.271359,-0.161966881083,0.0567885433611,0.0187074911749,-0.0241559654047,1.61838820903,1.51280226851,-1.52198522319
2.281343,-0.161163747256,0.0566683246746,0.0183446077962,-0.0243745547104,1.61946798497,1.51176945178,-1.52229406267
2.291326,-0.160159816101,0.0562900030763,0.017902903106,-0.0246521140522,1.620452071,1.51080914867,-1.52253373448
2.301310,-0.158591805434,0.0556489363829,0.0176060473067,-0.0248985949268,1.62121102147,1.50968483068,-1.52290710202
2.311293,-0.156725608651,0.0549937264118,0.0174513503985,-0.0251122030966,1.62184333484,1.50861246976,-1.52345546627
2.321277,-0.155148356703,0.0544776492855,0.0172273119293,-0.0254039289935,1.62256756408,1.50783520269,-1.52399866354
2.331260,-0.153997812681,0.0540260706061,0.0168566655185,-0.0258271376607,1.62344930969,1.50722055524,-1.52440903375
2.341244,-0.152806699422,0.0535848861026,0.0165437809875,-0.0262873397742,1.62435133266,1.50647227832,-1.52482260217
2.351227,-0.15137220357,0.0532650484723,0.0164372487305,-0.0267344738801,1.62517352912,1.50578278049,-1.52531289084
2.361210,-0.149461519093,0.0530351837869,0.016418333569,-0.0272691344986,1.62604076169,1.50537545189,-1.52569429041
2.371194,-0.147193296815,0.052838672983,0.0163683892563,-0.0277441824956,1.62716680649,1.50500324802,-1.52584498061
2.381177,-0.145564959801,0.0526281595131,0.0162373770637,-0.0280332813773,1.62834074557,1.50482567682,-1.52605226637
2.391161,-0.144406555063,0.0522385899006,0.0160576666722,-0.0282352002673,1.62929499937,1.50509724656,-1.5266278066
2.401144,-0.143124189804,0.0517717384121,0.0158696587052,-0.0283303104176,1.63007541084,1.50569700269,-1.52739889368
2.411128,-0.141773775304,0.0514396013843,0.015661382969,-0.0283586882713,1.6308466018,1.50632373876,-1.52801898455
2.421111,-0.140528804132,0.0512692525265,0.0153755199919,-0.0284787732517,1.63171480794,1.50681018364,-1.52842529176
2.431095,-0.139131502074,0.0511879238011,0.0149856237763,-0.0287846026652,1.63260721192,1.50720835716,-1.52877154571
2.441078,-0.137288507702,0.0510950415326,0.014561027674,-0.0292087107554,1.63334297359,1.50766941996,-1.52910255918
2.451062,-0.135281021648,0.050871736188,0.0142383028309,-0.0296203881368,1.6338612867,1.50822407385,-1.52932473053
2.461045,-0.133599033437,0.0505661526975,0.0141129497333,-0.029952112609,1.63433031221,1.50862622844,-1.52958051536
2.471029,-0.132083455706,0.0504913471974,0.0141917170796,-0.0302343385887,1.63484542912,1.50855329765,-1.53029137989
2.481012,-0.130600749323,0.0506215326196,0.0143412687837,-0.0304800051225,1.63548805117,1.5082728233,-1.53115551003
2.490995,-0.129404964217,0.0507166618032,0.0144041915491,-0.0307050556292,1.63650553263,1.5081503518,-1.53159622181
2.500979,-0.128184852736,0.0507018721086,0.0143892224608,-0.031006612884,1.63767186277,1.50781165835,-1.53209988594
2.510962,-0.12669090666,0.0506141862378,0.0142933872273,-0.0312746190145,1.63852971318,1.50701127339,-1.53290536088
2.520946,-0.12499759119,0.0505745863099,0.0141431171718,-0.0314377096199,1.63898333602,1.50597954392,-1.53368734192
2.530929,-0.123326888797,0.0505945917341,0.0139778103487,-0.0316355367904,1.63931002436,1.50509720966,-1.53429295233
2.540913,-0.121695949193,0.0506698606267,0.0137970893349,-0.0318858980484,1.63978881254,1.50445335262,-1.53486127411
2.550896,-0.119934632838,0.0507983830608,0.0135782250894,-0.0320795150911,1.64042232996,1.50383584279,-1.53564091979
2.560880,-0.118014625172,0.0508965236129,0.0133287979488,-0.0322510200634,1.64102656534,1.50309666432,-1.53678624235
2.570863,-0.116220916776,0.0508568093136,0.013070549464,-0.032596906406,1.6415142288,1.50238075992,-1.53818527716
2.580847,-0.114831130472,0.0508001740886,0.0127571639369,-0.0330643008107,1.64195944551,1.50185347693,-1.53940459049
2.590830,-0.113722830443,0.0508456918794,0.0124043077967,-0.0333481278468,1.64242627518,1.50148751606,-1.54024941568
2.600813,-0.112287675443,0.0508907703981,0.0122612559876,-0.0333468519109,1.64300589646,1.50107090839,-1.54096646054
2.610797,-0.110627126467,0.0509653526379,0.0122436537925,-0.0333080667001,1.6437148856,1.50054241575,-1.5416912424
2.620780,-0.109388523777,0.0510618285608,0.0121609109648,-0.0334733896323,1.64439067343,1.50013726401,-1.54236614921
2.630764,-0.108435636167,0.0510961346675,0.0120255825983,-0.0338385011145,1.64487924508,1.49980060363,-1.54313202205
2.640747,-0.10740915843,0.0510920528817,0.0118575374929,-0.0342113692027,1.64525352414,1.49926785929,-1.54407176532
2.650731,-0.10618140529,0.051110805974,0.0116488266453,-0.0345280260475,1.64561189131,1.49839987553,-1.54507929244
2.660714,-0.104687725636,0.0511420186,0.0114442841783,-0.0348762248449,1.64594646691,1.49721750267,-1.54610934287
2.670698,-0.10293234892,0.0511365813757,0.0113160433223,-0.0352540288861,1.64625089008,1.49586114357,-1.54718354869
2.680681,-0.101120610314,0.0510763764316,0.0112465723107,-0.0355048048742,1.64657803433,1.49457132494,-1.54819475822
2.690665,-0.099526322791,0.0509453892966,0.0111096824155,-0.035566909594,1.64690649072,1.49359648035,-1.548935443
2.700648,-0.0982386672335,0.0506978946894,0.0108546338675,-0.0355704320563,1.64715960398,1.49297218577,-1.54941556318
2.710631,-0.0972281327486,0.0504487958854,0.0106013980542,-0.0357019514549,1.64740357002,1.49240424842,-1.5497592943
2.720615,-0.0961309294105,0.0504048787158,0.0104611618392,-0.0360061333666,1.64775178947,1.49122353962,-1.55010172824
2.730598,-0.0948945188462,0.050573690593,0.0102487447239,-0.0362875197949,1.64805120635,1.48961045968,-1.55059664299
2.740582,-0.0939081965089,0.0507891376152,0.0099905048089,-0.0365143516545,1.64826351424,1.48831999634,-1.55107473857
2.750565,-0.0929710677048,0.0508010126572,0.00992396727109,-0.0367268648344,1.64844116758,1.487108557,-1.55127695148
2.760549,-0.0917214870196,0.0505836971406,0.00989432371755,-0.0369371253911,1.6485075297,1.4853600054,-1.55135970719
2.770532,-0.0902999715,0.0503271129094,0.00970558595715,-0.0371451520588,1.64849848704,1.48321787034,-1.55160074619
2.780516,-0.0889983576389,0.050215298336,0.00955209703825,-0.0373509635258,1.64857931368,1.48110059019,-1.55198555895
2.790499,-0.0878143581954,0.0502650597618,0.00967369224882,-0.0375345217134,1.64880596694,1.47899164138,-1.55231307841
2.800483,-0.0865704059132,0.0503534767614,0.00983041360036,-0.0376346993104,1.64901821565,1.47659877928,-1.55252184964
2.810466,-0.0852648550383,0.0503632141089,0.00963600771165,-0.0376124426914,1.64907553173,1.47395329931,-1.55265816877
2.820450,-0.0839782109969,0.0502912503706,0.00929608823023,-0.0376694360506,1.64900729394,1.4713814026,-1.55277236632
2.830433,-0.0827431792919,0.0501977289709,0.00919303550855,-0.0381862936931,1.64880527219,1.46916397646,-1.55302539528
2.840416,-0.0813266570378,0.0502482933522,0.00900974937415,-0.0388386844973,1.64836641344,1.46638970518,-1.55350532618
2.850400,-0.0800176750305,0.0503985358616,0.00863147282314,-0.039136878389,1.64796747051,1.46326937413,-1.55398046775
2.860383,-0.079081662941,0.0504033927349,0.00843332744271,-0.0391988110571,1.6475270174,1.46000452223,-1.55420306785
2.870367,-0.0781279028489,0.0502226045508,0.00844956132124,-0.0392288078519,1.6465566656,1.45546790801,-1.55429705583
2.880350,-0.0769546631677,0.0499263898164,0.00839948161233,-0.0393192687304,1.64529024876,1.44999922665,-1.55448305017
2.890334,-0.0757674634027,0.0496110930659,0.00818409914469,-0.0394574482046,1.64436738842,1.4451699656,-1.55473351881
2.900317,-0.0746957924993,0.0494292756481,0.00801516243422,-0.0396086167443,1.64378938834,1.44141506992,-1.55487135636
2.910301,-0.0735304534302,0.0494860363162,0.00807599042997,-0.0397954328055,1.64297116327,1.43758762727,-1.55486658523
2.920284,-0.0720971425285,0.0496510564762,0.00821947740627,-0.0400392684826,1.64181436214,1.4330750937,-1.55492328653
2.930268,-0.0706557960163,0.0496565939534,0.00818139625913,-0.0401821497145,1.64089518228,1.42880822,-1.55523794453
2.940251,-0.069508836464,0.049452697871,0.00796244540313,-0.0401731428067,1.64043187747,1.42503831494,-1.5556441482
2.950234,-0.0685569386712,0.0492862314048,0.00773778086168,-0.0403782009839,1.64031601174,1.42121697417,-1.55584842613
2.960218,-0.0675076841333,0.0492113515168,0.00767265724411,-0.0406160852089,1.64022743987,1.4175145196,-1.55600420869
2.970201,-0.0664262085768,0.0491023065254,0.00770186497543,-0.040597570549,1.64016176542,1.414304419,-1.55621022597
2.980185,-0.065497317949,0.0490246214594,0.00763860226776,-0.0405279598725,1.64021847199,1.41183824069,-1.55644717148
2.990168,-0.0645916252067,0.0490567837367,0.00740690305753,-0.0406614413569,1.64002363456,1.40971662056,-1.55674564099
3.000152,-0.0635707306708,0.0491583556692,0.00711868627301,-0.0409577445644,1.63946235439,1.40753587291,-1.55708950907
3.010135,-0.0626040365738,0.0492343262659,0.00693552360603,-0.0412022809796,1.63889194526,1.40537617715,-1.55740522796
3.020119,-0.061926282977,0.0492309612108,0.00687541180714,-0.0413336494638,1.63859467904,1.40353258576,-1.55763908408
3.030102,-0.0614506507412,0.0491554100135,0.00683940442328,-0.0415058800369,1.63842777857,1.40221194911,-1.55779824761
3.040086,-0.0608601137593,0.0490489484555,0.00683392270391,-0.0418249376479,1.63816272769,1.40155534034,-1.557924015
3.050069,-0.0601052597114,0.0489935386445,0.00697226515555,-0.0422342647943,1.63775823529,1.40130099523,-1.55809568267
3.060052,-0.0594636863283,0.0490463027654,0.00714724169181,-0.0425695641219,1.63743042056,1.40111344548,-1.55834587111
3.070036,-0.0589574826435,0.0490506305887,0.00703939345117,-0.0427269505763,1.63725757572,1.40138881695,-1.55848899726
3.080019,-0.0583553501385,0.0489196829735,0.00673624635659,-0.042867084606,1.63685962637,1.40207637705,-1.55856973349
3.090003,-0.0578039413985,0.0487229614972,0.00645108157272,-0.0429914550712,1.636321247,1.40298094798,-1.55875616789
3.099986,-0.0574390445857,0.0485135937814,0.00611861615201,-0.0431315618395,1.63583607691,1.40394626517,-1.55899407325
3.109970,-0.0572388830497,0.04835887823,0.00571031634634,-0.0433811108499,1.6354101155,1.40503040737,-1.55923844533
3.119953,-0.0570878665504,0.0483864451659,0.0054044643604,-0.043665457993,1.63507422234,1.40661721669,-1.55954008153
3.129937,-0.0568291016534,0.0486435246844,0.00527995493844,-0.0438621842392,1.63490331273,1.40881018525,-1.55986372114
3.139920,-0.0564209254989,0.0489639722786,0.00522184604932,-0.0439362105819,1.63489865983,1.41111088929,-1.56007308161
3.149904,-0.056031441659,0.0490688359974,0.00520589787116,-0.043893936211,1.63495980163,1.4131265137,-1.56012194118
3.159887,-0.0558475988961,0.0488662683493,0.0054072495327,-0.0437426327533,1.63499243067,1.41542633897,-1.56012157085
3.169871,-0.0558423504748,0.0485840737327,0.00565348953658,-0.0436524374132,1.63496459461,1.4184109973,-1.56015256119
3.179854,-0.0560250446543,0.0485402066117,0.00539684033618,-0.0438273258284,1.63490324939,1.42165706334,-1.5602862687
3.189837,-0.0563538471227,0.0486561586701,0.00477265676212,-0.0440296394458,1.63482022876,1.4251246034,-1.56056296106
3.199821,-0.0565974213002,0.0486550820049,0.00437472445956,-0.0440396637959,1.63484820471,1.42800027064,-1.56087638847
3.209804,-0.0567730990411,0.0484770697117,0.00429272152748,-0.0440955740582,1.63505261072,1.4306263162,-1.56110696558
3.219788,-0.0570650544072,0.0482592091612,0.00425371683949,-0.0442322872864,1.63530938703,1.43439768231,-1.56120791306
3.229771,-0.057530539268,0.0481496928111,0.00412787163259,-0.0443715028593,1.63548478415,1.43918345121,-1.56126854868
3.239755,-0.058041869323,0.0480971570147,0.00405212923251,-0.0446259648447,1.63560047919,1.44373511407,-1.561458342
3.249738,-0.0584377174941,0.0480295805008,0.00408122906164,-0.0450768975573,1.63579520968,1.44720896886,-1.56181996682
3.259722,-0.0587105550802,0.0480939362593,0.00402616539622,-0.0455009298644,1.63612445152,1.44985842104,-1.56217272197
3.269705,-0.0590201805774,0.0484955674908,0.00370393694475,-0.0455710848499,1.63647398007,1.45263372655,-1.56231379172
3.279689,-0.0594685888144,0.0490315317906,0.00315249118555,-0.0453246842779,1.63676724022,1.45641365376,-1.56232713303
3.289672,-0.0599241974179,0.0492691662346,0.00256554650281,-0.0451065498753,1.63705547655,1.46048030491,-1.56241420202
3.299655,-0.0603911288915,0.0492447364794,0.00222718316983,-0.0452172161818,1.63728749263,1.46346241027,-1.56259133265
3.309639,-0.0610114730013,0.0491960089138,0.0019583929537,-0.0455247731544,1.63740847953,1.46641668145,-1.56284506841
3.319622,-0.0616803718894,0.0490982484359,0.00163102337626,-0.0456901191098,1.63752473269,1.46994921467,-1.56309135756
3.329606,-0.0624656452818,0.0490418771725,0.00124153139254,-0.0456742738372,1.63763874611,1.47412679117,-1.56314747881
3.339589,-0.0633895365256,0.0491373213168,0.000735888802367,-0.0455876980577,1.63765033021,1.47860450597,-1.56304042796
3.349573,-0.0641778296143,0.049321533593,0.000222075200534,-0.0454737863907,1.63766598001,1.48226027727,-1.56298699607
3.359556,-0.0647073560305,0.0494613833851,-0.000200080775115,-0.045389417038,1.63779814014,1.48472526726,-1.56311993822
3.369540,-0.0652302550412,0.0495395987882,-0.000588509137301,-0.0454061406745,1.6379389569,1.4869198404,-1.56338439208
3.379523,-0.0660016771863,0.0496376164991,-0.00105216239324,-0.0455101869018,1.63790972787,1.48968748248,-1.56364848297
3.389507,-0.0668477906168,0.0497468684515,-0.00157319107217,-0.0456277805095,1.63777315253,1.49242502543,-1.5638437021
3.399490,-0.0674640465131,0.0497572080791,-0.00207193412333,-0.0458239753095,1.63771662017,1.49411956033,-1.56400895946
3.409474,-0.0679542410087,0.0496530078742,-0.00239886025148,-0.0461710079753,1.63773429889,1.49510114906,-1.56422336053
3.419457,-0.0685506999362,0.0495907610003,-0.00273396012085,-0.0465003574188,1.6374744072,1.49642252914,-1.5643672146
3.429440,-0.0692711153481,0.0496388296128,-0.00329231238247,-0.0468018328448,1.63683397456,1.49793134215,-1.56432359733
3.439424,-0.0700590368563,0.0496676114726,-0.0037828710076,-0.0471978309142,1.63607883322,1.49910772632,-1.56427847018
3.449407,-0.0706118343268,0.0495813658341,-0.00401278320898,-0.0473659238882,1.63532999207,1.49997468998,-1.56446294208
3.459391,-0.0708409351598,0.0494251141674,-0.00413863768439,-0.0472327898021,1.63445499643,1.50074536835,-1.56483303998
3.469374,-0.0709187640182,0.0492951370396,-0.00436082175574,-0.047142446731,1.63359104568,1.5013365648,-1.56514806819
3.479358,-0.0710685589391,0.0492122850233,-0.0046807717701,-0.0472692625535,1.63293366809,1.50149529819,-1.56523856066
3.489341,-0.0714808003918,0.049110403312,-0.00501322833665,-0.0474137913608,1.63223125024,1.50109444732,-1.56516652859
3.499325,-0.0722085029445,0.0489890050153,-0.00536862210501,-0.0473585745449,1.63099888006,1.50022126457,-1.56514054041
3.509308,-0.0729442473403,0.0490323329799,-0.00577188837312,-0.0471520837175,1.6293985934,1.49913462564,-1.56527706253
3.519292,-0.0733051865838,0.049321588757,-0.00614858451459,-0.0470690425337,1.62805887162,1.49831753606,-1.56546180936
3.529275,-0.07334736219,0.0495201895801,-0.0064501335207,-0.0472612111555,1.62701786232,1.49797404792,-1.56560157083
3.539258,-0.0733993206909,0.0495076412076,-0.00668292818196,-0.0475250742646,1.62594178057,1.49759374262,-1.56581943019
3.549242,-0.0735532032745,0.0495091588285,-0.00692923883664,-0.0477452150934,1.62474629466,1.49699135477,-1.56605786436
3.559225,-0.0738661093876,0.0495768699118,-0.00725827043988,-0.047832105679,1.62337824134,1.49641920127,-1.56617183182
3.569209,-0.0743455855845,0.0496967491349,-0.00770068677558,-0.0478160618501,1.62172613093,1.49589055291,-1.56614798003
3.579192,-0.0748224609618,0.0497857225234,-0.00817040222973,-0.0478643348665,1.62008179928,1.49531795704,-1.56607479265
3.589176,-0.0751542810461,0.0498178583836,-0.00855090523062,-0.0479992824338,1.61894545189,1.49471782011,-1.56603938134
3.599159,-0.0753753011733,0.0498886616502,-0.00881106468739,-0.0480525975106,1.6183891189,1.49419536644,-1.5661227437
3.609143,-0.0755742818654,0.0501511300231,-0.00896928775719,-0.0479512229305,1.61806517367,1.49378581635,-1.56632809565
3.619126,-0.0757254085979,0.0506612214727,-0.00900512735183,-0.0478878186444,1.61777112584,1.4934164511,-1.56651088155
3.629110,-0.0758096900122,0.0512505102021,-0.00896440575889,-0.0479775119785,1.61752087912,1.49309099379,-1.5665636635
3.639093,-0.0759720176882,0.0516190762592,-0.00913713051886,-0.0479665057386,1.61731180977,1.49289757767,-1.56664760234
3.649076,-0.0762496787396,0.0517751953919,-0.00966949901695,-0.047898486597,1.61721121262,1.49262522293,-1.56671643582
3.659060,-0.0764568979655,0.0519355018907,-0.0100710203119,-0.0479858849903,1.61731769973,1.49246482968,-1.56671108722
3.669043,-0.076642138704,0.0521195508967,-0.0101651487085,-0.0481301072285,1.61749699492,1.49256477811,-1.56686084423
3.679027,-0.0769264959294,0.0523485780334,-0.0101698043978,-0.0482585370279,1.61768517467,1.49274795816,-1.56704987894
3.689010,-0.0772406812861,0.0526012911464,-0.0102759470939,-0.0483106265472,1.61787105295,1.49287620461,-1.5671212436
3.698994,-0.0773751853981,0.0528752225861,-0.0105168315742,-0.0483620125421,1.61806705876,1.4928934924,-1.56727001469
3.708977,-0.0772799446208,0.0532117293155,-0.0107912403778,-0.0484606592622,1.61830789421,1.49286575497,-1.56766682785
3.718961,-0.0771102030452,0.0535569592674,-0.0109756759777,-0.0485410880023,1.61859110126,1.49285861745,-1.56811404309
3.728944,-0.0770179199036,0.0537358370609,-0.0110761097279,-0.0485765646257,1.61879515212,1.4927452067,-1.56827453674
3.738928,-0.077017145678,0.053669039157,-0.0112439461448,-0.0486940401081,1.61872817023,1.4922796101,-1.5681320676
3.748911,-0.0771134914653,0.0535065169254,-0.0114960784832,-0.048906612422,1.61839015676,1.49158720377,-1.56789690362
3.758895,-0.0773273475562,0.0534153489512,-0.0116340394766,-0.0490472102029,1.61810345591,1.49124948009,-1.56773026575
3.768878,-0.077490633344,0.0534230728028,-0.0117499596922,-0.0490882430819,1.61809794142,1.49121690602,-1.56770925666
3.778861,-0.0774413747683,0.0535265577282,-0.0118629244988,-0.0490768655457,1.61817568782,1.4908971741,-1.56788341999
3.788845,-0.0772691727756,0.0537462302702,-0.0119669009661,-0.0490858517686,1.61828605214,1.49021101758,-1.5681521188
3.798828,-0.0771742797613,0.0539532940771,-0.0122699364503,-0.0492055825318,1.6184772671,1.48944392158,-1.56828876832
3.808812,-0.0773124353208,0.0540148618071,-0.0128628451956,-0.0494113957229,1.61865888003,1.48886897247,-1.56832303417
3.818795,-0.0776605580053,0.0539709341703,-0.0135636614228,-0.0496358294925,1.61878850779,1.48849336402,-1.56836964507
3.828779,-0.0779926821204,0.0539683270214,-0.0141226365236,-0.0498093334356,1.61893662083,1.4882054243,-1.56845996714
3.838762,-0.0780986485928,0.0540782283087,-0.0145167478308,-0.0498627360178,1.61911274392,1.48791438942,-1.56857477398
3.848746,-0.0779793354399,0.0542314116304,-0.0149797455928,-0.0497668839515,1.61919955786,1.48756416546,-1.56868362332
3.858729,-0.077760185059,0.054326922293,-0.0157066152461,-0.0496001694416,1.61918138845,1.48714251813,-1.56867977665
3.868713,-0.0775785744915,0.0543002328699,-0.0166165025913,-0.04949123822,1.61920792838,1.48664725565,-1.56852907773
3.878696,-0.0777016751311,0.054169511365,-0.0175087577259,-0.0494466074087,1.61939950201,1.48597931922,-1.56847091168
3.888679,-0.0778567987151,0.0539391667463,-0.0182661508364,-0.049368934623,1.61977263755,1.4855782788,-1.56863793277
3.898663,-0.0777286115572,0.0536154024867,-0.0187901108293,-0.0494438850877,1.62006498442,1.48563720782,-1.5688803967
3.908646,-0.0775672850365,0.0535655685239,-0.0192895639117,-0.0496813926486,1.62013880062,1.48554334251,-1.56908513634
3.918630,-0.0773927065115,0.0538172549085,-0.0200627818076,-0.04980935965,1.62006387652,1.48505936084,-1.56909241107
3.928613,-0.0770928851992,0.0539693004304,-0.0209503444774,-0.049692570461,1.61998674432,1.48451384899,-1.56889827121
3.938597,-0.0768598039879,0.0538505737602,-0.0216065678918,-0.0495329368835,1.62007092426,1.4842493698,-1.56878073819
3.948580,-0.0768963129773,0.0536796908053,-0.0220764765759,-0.0495771745528,1.62027878748,1.48422187143,-1.56896627675
3.958564,-0.0770846565247,0.0537722097062,-0.0227798039884,-0.0498053933456,1.62035352718,1.48407738222,-1.5693280246
3.968547,-0.0771773071677,0.0541870888157,-0.023907681062,-0.0500340187887,1.62017559207,1.48357838302,-1.56956021667
3.978531,-0.0771167289352,0.0545920173534,-0.0251288935678,-0.0502585114046,1.62005699575,1.48295690609,-1.56961583914
3.988514,-0.0768033440195,0.0546828112404,-0.0261793028149,-0.0504636145035,1.62018761284,1.48263743267,-1.56961162725
3.998497,-0.076379712212,0.0546998789487,-0.0270923639898,-0.0505893813057,1.62009672568,1.48242589207,-1.56965023595
4.008481,-0.076222074941,0.054635683631,-0.0279613099113,-0.0506222314775,1.61970356661,1.48195755145,-1.56968286439
4.018464,-0.0762691206021,0.0545696652985,-0.0289118584364,-0.0505752796426,1.61926815666,1.48147436963,-1.56982333568
4.028448,-0.0762285991595,0.0546765145,-0.0298232665209,-0.0504972751866,1.61878971511,1.48109183367,-1.57005227639
4.038431,-0.075978140926,0.0548442295294,-0.0306235038713,-0.0505133370854,1.61829917698,1.48072101633,-1.57010871637
4.048415,-0.0757129906911,0.0550209438836,-0.0314230550778,-0.050669858212,1.61785154407,1.48036103508,-1.56999386074
4.058398,-0.0755520530095,0.0552528258956,-0.032250872964,-0.0508826175097,1.61745727536,1.48001596567,-1.56988574766
4.068382,-0.0754452169861,0.0555583401103,-0.0329536898281,-0.0510531406258,1.61714405239,1.47961811923,-1.56987021657
4.078365,-0.0753480610224,0.0558172334275,-0.033389474789,-0.0511530810158,1.61697475711,1.47915054779,-1.56993317569
4.088349,-0.0752542169221,0.0558516068389,-0.0336755943392,-0.0511879360796,1.61694567778,1.47872213523,-1.57011601059
4.098332,-0.0750681943358,0.0557612993812,-0.0341742908852,-0.0511700889379,1.61697967251,1.47831020933,-1.57038779292
4.108316,-0.0748919974619,0.0559429795134,-0.0350045893762,-0.0509907827521,1.61698515801,1.4778247796,-1.57050697479
4.118299,-0.0748234031754,0.0563035925336,-0.0359197513872,-0.0506609785012,1.61664657299,1.47713113725,-1.57044426343
4.128282,-0.0745940245683,0.0567374692525,-0.0365561035034,-0.0505371113059,1.61619629612,1.47624997863,-1.57031369549
4.138266,-0.0741471398559,0.057236436369,-0.0369591877436,-0.0506606712768,1.61622420456,1.4755273803,-1.57036250584
4.148249,-0.0736692741941,0.057641402579,-0.0372727678504,-0.0507755417667,1.61661095536,1.47496382092,-1.57062331285
4.158233,-0.0733903373459,0.057807304218,-0.0376191912221,-0.0509079233821,1.61687938984,1.47437917597,-1.57076631142
4.168216,-0.0733849138385,0.0577401056032,-0.0382051497096,-0.0511695418038,1.61686325776,1.47369457799,-1.57069601126
4.178200,-0.0734839564502,0.057605655662,-0.0390748318416,-0.0514551584096,1.61671692886,1.47299600062,-1.57062530187
4.188183,-0.0734996794869,0.057561622835,-0.0399647655835,-0.0515863352419,1.61662813309,1.47241186717,-1.57069944475
4.198167,-0.0733939676692,0.0576634471672,-0.0405730138646,-0.0515420205134,1.6166371318,1.47190132374,-1.57080970935
4.208150,-0.0731353216121,0.0579434106969,-0.0409477599647,-0.0513412039221,1.61667708289,1.47119972279,-1.57086235565
4.218134,-0.0727563301271,0.0582945799923,-0.041334241343,-0.0509997411399,1.61674581611,1.47025167279,-1.57093391593
4.228117,-0.0725902138361,0.0583763159089,-0.0417946264897,-0.0508001340597,1.61680003082,1.4694455259,-1.57107509173
4.238100,-0.0728073692861,0.0582607067467,-0.0423246542429,-0.0509178130277,1.61660227407,1.46908370072,-1.57124200339
4.248084,-0.0730222783562,0.058184874832,-0.0428379252272,-0.0511276418832,1.61637761223,1.46876606763,-1.5712415219
4.258067,-0.0730216186607,0.0581763592304,-0.0433694991144,-0.0513253831764,1.61617456886,1.4682457555,-1.57117770624
4.268051,-0.0728019835988,0.0582686738889,-0.0439660176472,-0.0514522283127,1.61584877204,1.46759613255,-1.57127955645
4.278034,-0.0724590222018,0.0583197344784,-0.0445313178502,-0.0514549402552,1.61559910346,1.46696225153,-1.57142239107
4.288018,-0.0720826524908,0.0582706606008,-0.0450304509463,-0.0513614723672,1.61556440457,1.46634774434,-1.57142285226
4.298001,-0.0717177305207,0.0582037105671,-0.0455087258165,-0.0512661148454,1.61566611997,1.46580273876,-1.57133880613
4.307985,-0.0714206893104,0.0581638745704,-0.0460200431091,-0.0512404108134,1.61581373414,1.46543866425,-1.57132952277
4.317968,-0.0712663956505,0.0581140317082,-0.0465292344151,-0.0512727341443,1.61598048629,1.46521598426,-1.57140632976
4.327952,-0.071198832109,0.0581561678564,-0.0468120024273,-0.0513024640147,1.61596459748,1.46501623887,-1.5715453984
4.337935,-0.0710345412522,0.0583754717649,-0.046770352236,-0.0513160759245,1.61561061128,1.46493754831,-1.57170603176
4.347918,-0.07082029294,0.058528096986,-0.0467834333726,-0.0512894714868,1.61546102211,1.46487145752,-1.57165443625
4.357902,-0.0707202896992,0.0584238072455,-0.0469788881756,-0.0513075379793,1.61584018437,1.46473993724,-1.57138757192
4.367885,-0.070634321922,0.0581959397535,-0.0472537249279,-0.0513984972215,1.61622445516,1.46465205235,-1.57122889768
4.377869,-0.0706539302847,0.0579749765388,-0.0475838074449,-0.0514385689881,1.61632125002,1.46459536434,-1.57124964867
4.387852,-0.0706833383257,0.0577796379864,-0.0478698389025,-0.0514181386695,1.61621012886,1.46457007225,-1.57139648258
4.397836,-0.0705393294032,0.0575159027345,-0.0480151927432,-0.0514060511343,1.61611963089,1.46472373171,-1.57158449395
4.407819,-0.0702378762904,0.0572468752713,-0.0479960474851,-0.0515226260836,1.61610963375,1.46508903492,-1.5716800526
4.417803,-0.0699766885075,0.0570854355705,-0.0479389939466,-0.051778043687,1.61615155034,1.46551508974,-1.5716843189
4.427786,-0.0698353812471,0.0570046449671,-0.0480736963572,-0.051982718337,1.61629450385,1.46587005471,-1.57174240548
4.437770,-0.0696661963652,0.0569524411497,-0.0484532304646,-0.051951762578,1.61654050221,1.4661305425,-1.57187619573
4.447753,-0.0694815348966,0.0570172156703,-0.0486922577618,-0.0518101108065,1.61665444328,1.46614846551,-1.57196088265
4.457737,-0.0694653409219,0.0570607887893,-0.0486250160608,-0.0516426171095,1.61665264035,1.46594374088,-1.57195572144
4.467720,-0.0694493707768,0.0568942324074,-0.0485636543917,-0.0518279063837,1.61684442383,1.46594528434,-1.57167252182
4.477703,-0.0694638740682,0.0566749427737,-0.0486329937232,-0.052228934548,1.61687335113,1.46603108377,-1.57138592792
4.487687,-0.0696053316327,0.0567054959997,-0.0487301157607,-0.0523993914907,1.61678126997,1.46598888735,-1.5713643959
4.497670,-0.0698726290993,0.0569440111729,-0.0487636812837,-0.0523077077606,1.61678701357,1.46585539636,-1.57151567639
4.507654,-0.0700654884072,0.0571006808908,-0.0487933451492,-0.052087355083,1.61678838537,1.46568515791,-1.57167480211
4.517637,-0.0700251680528,0.0570460097656,-0.048916519023,-0.0518220921706,1.61672547195,1.46549492631,-1.57179804882
4.527621,-0.0698142427389,0.0569123021348,-0.0491695295489,-0.0516414589635,1.6166637387,1.46536267538,-1.57190495791
4.537604,-0.0696507704811,0.0568548428019,-0.0494748186192,-0.051662396062,1.61667175663,1.4654098691,-1.57195190503
4.547588,-0.0696827999134,0.0568834496249,-0.0497902104309,-0.0517938432354,1.61673529111,1.4655783662,-1.57187209268
4.557571,-0.069843980012,0.0569789955423,-0.0503084971878,-0.0517889439831,1.61679799864,1.465552668,-1.57172854863
4.567555,-0.0699634388776,0.0571277011564,-0.0510909260031,-0.0516368357826,1.6168598895,1.46532219091,-1.57162534715
4.577538,-0.0699356651135,0.0572117260244,-0.0515351905927,-0.0514807853146,1.61692095743,1.46542619106,-1.57165489808
4.587521,-0.0696753258647,0.0572070552824,-0.0514624317723,-0.0513422354234,1.61698116456,1.46592037954,-1.57184376277
4.597505,-0.0693953014961,0.0571867992974,-0.05134488302,-0.0512650763192,1.61701264227,1.46622376853,-1.57194599111
4.607488,-0.0691827089161,0.0571055651263,-0.0513849502694,-0.0512803674709,1.61693309639,1.46622324144,-1.57186857674
4.617472,-0.0690029909654,0.0569600988156,-0.0516074868498,-0.0513590035298,1.61674828973,1.46611154198,-1.57173252435
4.627455,-0.0688790926373,0.0568295311448,-0.0519092519275,-0.0514472221848,1.61653784518,1.46607041334,-1.57167265056
4.637439,-0.0688701298784,0.0567320638521,-0.0523511504974,-0.0514207078712,1.61634994066,1.4661692957,-1.5716130423
4.647422,-0.0689742300666,0.0566157546019,-0.0529224881559,-0.0512462520329,1.61628326823,1.46631838937,-1.57148353877
4.657406,-0.0691047825409,0.0565056449605,-0.0533244367668,-0.0510620514808,1.61636068173,1.46639714082,-1.57138731382
4.667389,-0.0691648889586,0.0565328763681,-0.053268634717,-0.051010452937,1.61635696728,1.4664134068,-1.57141892711
4.677373,-0.0691286681997,0.0566992033268,-0.0529468853802,-0.0510571272427,1.61610705219,1.46642740175,-1.5714705795
4.687356,-0.069041245375,0.0568218876066,-0.0527016343604,-0.0511704480989,1.61598435044,1.46642506608,-1.57157267039
4.697339,-0.0689579744178,0.056722824882,-0.0526613998509,-0.0513381435821,1.61606200737,1.46635186645,-1.5716583993
4.707323,-0.068998106168,0.0564196756698,-0.0528694513669,-0.0513823656861,1.61627623479,1.4662097629,-1.57151532478
4.717306,-0.0690007097435,0.0562738189873,-0.0531183354333,-0.0513375859591,1.61663103238,1.46612325622,-1.57115093513
4.727290,-0.0688665712542,0.0562943810021,-0.0531024823639,-0.0513891079624,1.61687346139,1.46610597802,-1.57074339395
4.737273,-0.0687374231644,0.0561948541875,-0.0530620932725,-0.0514942109367,1.61679712855,1.46605776229,-1.57043826305
4.747257,-0.0687012554083,0.0559371266282,-0.0532625162308,-0.0515534403002,1.61646299921,1.46594225437,-1.57025231169
4.757240,-0.0687875070757,0.0557161068911,-0.0536086451577,-0.0515647038344,1.61618764717,1.46582090755,-1.57014162071
4.767224,-0.0689980705591,0.0556695384216,-0.0538678624872,-0.0515393604211,1.61626170106,1.46575031307,-1.57006078546
4.777207,-0.0692114151701,0.0557002823828,-0.0539058711578,-0.051447214046,1.61664257684,1.46575612131,-1.56994355998
4.787191,-0.0692221054737,0.0556485102422,-0.053690691816,-0.0513176699655,1.61700642847,1.46590320063,-1.56974353131
4.797174,-0.0691702321352,0.0556485312515,-0.0534659366818,-0.051250095332,1.61723793673,1.4662061297,-1.5696185448
4.807158,-0.0694652844019,0.0557797380783,-0.0535417725592,-0.0512388771382,1.61748931071,1.46629334055,-1.5696987909
4.817141,-0.0697584620075,0.0557048561856,-0.053648056672,-0.0510842992325,1.61756439749,1.46594808996,-1.56973765088
4.827124,-0.0697721031907,0.0553956040646,-0.0536845930901,-0.0508118223868,1.61728770734,1.46551937675,-1.56961237428
4.837108,-0.0697620027412,0.0551628825667,-0.0538198751384,-0.0507602590008,1.61698717233,1.46542266267,-1.56952854034
4.847091,-0.0697520335575,0.0549882894336,-0.0539891585495,-0.0510105304532,1.61681504986,1.46572637434,-1.56952592642
4.857075,-0.0697261500026,0.0547233747329,-0.0539650030695,-0.0512749251556,1.61689442638,1.46596486555,-1.5695563665
4.867058,-0.0696125077778,0.054508182562,-0.0538078818228,-0.0514154286967,1.61715010166,1.46597635226,-1.56960872579
4.877042,-0.0693731163569,0.0545117814563,-0.0537763200729,-0.0514589701587,1.61733203174,1.46592710579,-1.5696279288
4.887025,-0.0691600916378,0.0546472786857,-0.0538960877706,-0.0513867206427,1.61728487837,1.46590215305,-1.56956007819
4.897009,-0.0692182683325,0.0547100829996,-0.0538784600934,-0.0511860605779,1.61710457268,1.46581423588,-1.56953212532
4.906992,-0.069514272391,0.0546662113307,-0.0536057757132,-0.0510640112946,1.61696947341,1.46571123314,-1.56977603576
4.916976,-0.0696863144384,0.0544944497262,-0.0534498772496,-0.0511631907475,1.61695155166,1.46577383758,-1.57008184758
4.926959,-0.0696773320264,0.0541577115451,-0.0537746097638,-0.0513446795202,1.61697704567,1.46596542137,-1.57017889507
4.936942,-0.0696566804633,0.0539667363305,-0.0541802356538,-0.0514648947089,1.61722864741,1.4658809073,-1.57035255724
4.946926,-0.0695832905702,0.0540813412129,-0.0542254985599,-0.05150184734,1.61739127926,1.46583202939,-1.57039691845
4.956909,-0.0694898077277,0.0542950008938,-0.0540329926014,-0.0515707825837,1.61726095349,1.46602533765,-1.57021234487
4.966893,-0.0694510750055,0.0543330399709,-0.054046723635,-0.0516068952532,1.61708786578,1.46614228763,-1.5699100253
4.976876,-0.0694452292623,0.0541946852784,-0.0541788947043,-0.0514860201759,1.61700239999,1.46620018726,-1.56960779464
4.986860,-0.0694741803077,0.0540872190375,-0.0542384002174,-0.0513292247416,1.61692604303,1.46636259403,-1.56946947883
4.996843,-0.0695476864845,0.054048649643,-0.0543053216709,-0.0513376088916,1.61686090804,1.46653241326,-1.56964038829
5.006827,-0.0696099074487,0.053973669817,-0.0544856653951,-0.0514591254538,1.6169315538,1.46650695587,-1.57001538889
5.016810,-0.0695995508555,0.0538908316025,-0.0546634204126,-0.0514510544223,1.61713979146,1.46634330645,-1.57026846831
5.026794,-0.0695733173873,0.0538512432245,-0.0548007431497,-0.0513471041761,1.61730890741,1.46621646048,-1.57037006246
5.036777,-0.0694962023921,0.053710262066,-0.0547999779432,-0.0514175774626,1.61735288134,1.46619973412,-1.57075765993
5.046760,-0.0693962907947,0.0535340804128,-0.0545657051378,-0.0516653596374,1.61722066764,1.4662797069,-1.5716253716
5.056744,-0.069354845343,0.0535639940466,-0.0543844479303,-0.0516686486448,1.61712755951,1.46615478963,-1.57252504899
5.066727,-0.0692144470766,0.0535933129593,-0.0544205849871,-0.0515946946118,1.61700054096,1.46591918469,-1.57304335526
5.076711,-0.0689927505167,0.0535290366471,-0.0545160021577,-0.0517526436528,1.61674945855,1.46580683922,-1.57319532934
5.086694,-0.0689800658081,0.0535352125543,-0.0545519393865,-0.0519156275432,1.61659738563,1.46589779445,-1.5732122616
5.096678,-0.0691601566893,0.0535684749667,-0.0545683249962,-0.0518808390566,1.61666843923,1.4661660565,-1.57330271761
5.106661,-0.069198377604,0.0535468255391,-0.0546585457818,-0.0517488699746,1.61679691843,1.46643969538,-1.57336561337
5.116645,-0.0690364982524,0.0535591845864,-0.0548541562797,-0.0516252848069,1.61684769675,1.46653571745,-1.57325017887
5.126628,-0.0690278047383,0.0537091334406,-0.0550365948641,-0.0514268653488,1.6169423289,1.46643967015,-1.57308011641
5.136612,-0.0692790345848,0.0538626018013,-0.054995044199,-0.0511341964658,1.61719481468,1.46629553092,-1.57308798858
5.146595,-0.0692769611983,0.0538433657809,-0.0547121571116,-0.0509795134958,1.6173727634,1.46621288354,-1.57317695949
5.156579,-0.0689418051887,0.0537609879131,-0.0543067128903,-0.0510707182676,1.61724111704,1.46622164701,-1.57311123175
5.166562,-0.0687410384712,0.0535925548393,-0.0539395056604,-0.0512577833518,1.61692695152,1.46624021799,-1.57295921441
5.176545,-0.0687872067912,0.0534748171497,-0.0538195695419,-0.0514516193978,1.61667828509,1.46632363605,-1.57286505309
5.186529,-0.0688669071674,0.0533902159973,-0.0538055998274,-0.0516303309522,1.61665005486,1.4664826408,-1.57286139003
5.196512,-0.0688355165048,0.0532513280773,-0.0538155129705,-0.0517520460173,1.61685221576,1.46660210747,-1.57288796261
5.206496,-0.0687382592376,0.0531753552112,-0.053872258179,-0.0517447896813,1.61715081401,1.46659263221,-1.5730080993
5.216479,-0.0686902673957,0.0532472746679,-0.0540073898275,-0.0516282191562,1.61738785167,1.46646862187,-1.57327966031
5.226463,-0.0687179906306,0.0533493485735,-0.0541897058922,-0.0515083294535,1.61747644855,1.46629728508,-1.57359358161
5.236446,-0.0687554946242,0.0533700813012,-0.0543695453849,-0.0515194887397,1.6174141094,1.46612828453,-1.57371419461
5.246430,-0.0686951765139,0.0534155100621,-0.0545235159858,-0.0517275400428,1.61733825858,1.46598979129,-1.57347127086
5.256413,-0.0684642349991,0.0535780517475,-0.0546306504139,-0.0520057481044,1.61744343742,1.46593412974,-1.57296737005
5.266397,-0.0682805855085,0.0535232193342,-0.0547060966093,-0.0520342088317,1.61741519871,1.46602640792,-1.57268308945
5.276380,-0.0683563212843,0.0530968838994,-0.054794063366,-0.0516972586536,1.61701509746,1.46619307292,-1.57286157739
5.286363,-0.0685917856193,0.0529490539328,-0.0546673161531,-0.0513570808231,1.61687248079,1.46623082999,-1.57297110234
5.296347,-0.0688587242235,0.0530288284379,-0.0544763466053,-0.0510959061196,1.61677503959,1.46609074393,-1.5729262928
5.306330,-0.0689942851305,0.0530421279609,-0.0545002707219,-0.0510090568584,1.61637832741,1.46597203547,-1.5728014033
5.316314,-0.0690204113185,0.0529840120037,-0.0547093381227,-0.0510238676649,1.61608303667,1.4658912992,-1.57280078135
5.326297,-0.0690043521699,0.0528448363454,-0.0550066210598,-0.0509529460462,1.61610850558,1.46576621598,-1.57302407906
5.336281,-0.0689129503056,0.0526633359813,-0.0551963354353,-0.0509164577529,1.61622136123,1.46563466982,-1.57321558405
5.346264,-0.0687016636932,0.052485622312,-0.0551558276628,-0.0510925660657,1.61619199522,1.46554905308,-1.57311966096
5.356248,-0.068421326766,0.0523334172935,-0.0550475173825,-0.0513607965195,1.61609972114,1.46548134771,-1.57287088282
5.366231,-0.0681421584017,0.0522077003584,-0.0550978912588,-0.0514318787588,1.61614106365,1.46543444144,-1.57282418206
5.376215,-0.0678460248702,0.0520610275103,-0.055093710722,-0.0513141553375,1.6163216113,1.46552036845,-1.57300991111
5.386198,-0.0677063661745,0.0518923823498,-0.0548485083842,-0.0513594029788,1.61645367321,1.46567243435,-1.57319934392
5.396181,-0.0678072462106,0.0520157867909,-0.0545995197438,-0.0515493825983,1.61654399581,1.46563094506,-1.57336304376
5.406165,-0.0678072568208,0.0522175846869,-0.0546118980339,-0.0514563176841,1.61664183474,1.46540139845,-1.57335876863
5.416148,-0.0678029872449,0.0521791759667,-0.0547884169117,-0.0513315735095,1.61648876684,1.46539165976,-1.5732705689
5.426132,-0.067798773615,0.0520197353464,-0.054789248337,-0.0514375954668,1.61611909574,1.46557909035,-1.57346069211
5.436115,-0.0677972976779,0.051781741126,-0.0547022935149,-0.0515689089772,1.61584623062,1.46575900844,-1.57362220701
5.446099,-0.0678353282181,0.0514355550892,-0.0547023489825,-0.0515786119769,1.61569277981,1.46598126045,-1.57341959816
5.456082,-0.0679538774859,0.0510411332894,-0.0548273058051,-0.0514707738348,1.61547080335,1.46614644541,-1.57314369236
5.466066,-0.0681300447749,0.0507667734683,-0.0550119330894,-0.0513651035695,1.61515801646,1.46616505164,-1.57317402403
5.476049,-0.0682828559117,0.0507127027861,-0.0551965271386,-0.0513970472335,1.61489043142,1.46616987205,-1.57341829718
5.486033,-0.0683396573008,0.0508028957906,-0.0553530124289,-0.0515584811932,1.61466280537,1.46623622436,-1.57355427324
5.496016,-0.0682523201336,0.0509505285284,-0.0554479234882,-0.0516590904029,1.61442807606,1.4661599515,-1.57345134268
5.506000,-0.0680567686285,0.0509819837228,-0.0554416475908,-0.0516658853391,1.6143642564,1.46599055209,-1.57336925161
5.515983,-0.0678168722181,0.0507980326118,-0.0553833495992,-0.051672581838,1.61459266033,1.46589495324,-1.57349045331
5.525966,-0.0676145528634,0.0505483316366,-0.0553651584188,-0.0516791861579,1.61495823185,1.46587247354,-1.57324746644
5.535950,-0.0676847107713,0.0502815887457,-0.0555546168352,-0.0516857017307,1.61507905384,1.4657680535,-1.57300679782
5.545933,-0.0678597744517,0.0501250487492,-0.0557687028448,-0.0516873183034,1.61501875197,1.46559462946,-1.57312669181
5.555917,-0.0678394440121,0.0500452589719,-0.0557885197193,-0.0516469927997,1.61491005216,1.46561311856,-1.57335063131
5.565900,-0.0676227312453,0.0499542861353,-0.0555900219296,-0.0515726963586,1.61475604487,1.4657892634,-1.57342464439
5.575884,-0.0674195941169,0.0498576007962,-0.0553290904573,-0.0515920222288,1.61468979591,1.46587734868,-1.57342546217
5.585867,-0.0673478046408,0.0497489872689,-0.0552917546334,-0.0517806895566,1.61478318558,1.46580312322,-1.57357658883
5.595851,-0.0673445758501,0.0495963951312,-0.0555896693148,-0.0519693601351,1.61485785562,1.46572771829,-1.57383908082
5.605834,-0.0673413894089,0.0495057791057,-0.0558584291915,-0.0518848661762,1.61481771538,1.46573441355,-1.57384386095
5.615818,-0.0673382447846,0.0494939113438,-0.055849390582,-0.0515862310101,1.61483085057,1.46576108336,-1.57352567023
5.625801,-0.0673351417876,0.0494152028008,-0.0557827853678,-0.0515153818751,1.6150767174,1.46590898086,-1.57332014589
5.635784,-0.067326508707,0.0491275395486,-0.0556892760889,-0.0517887179329,1.61530209796,1.46625054122,-1.57338828929
5.645768,-0.0672736917532,0.0488760172797,-0.0558003345148,-0.0518617219511,1.61520853315,1.46647754265,-1.57349586535
5.655751,-0.0672957938326,0.0489348454853,-0.0560595029911,-0.0517291957108,1.61491952963,1.46640938218,-1.57353417095
5.665735,-0.0675374001673,0.0489675371849,-0.0562724768458,-0.0516123118028,1.61462892442,1.46618317433,-1.57353677789
5.675718,-0.0677535008491,0.0488291111647,-0.0564408230769,-0.0516174747524,1.61443475148,1.46604813775,-1.57350559236
5.685702,-0.0677286479566,0.0487248498553,-0.0564987027506,-0.0517100272494,1.61439112756,1.46600475936,-1.57346251207
5.695685,-0.0675793888871,0.0487247738556,-0.0563046822955,-0.0517788597729,1.61456974575,1.46581362423,-1.57345744877
5.705669,-0.0675314695743,0.0487260070432,-0.0559051580416,-0.0517840235928,1.61488078657,1.46541825314,-1.57340793985
5.715652,-0.0676215202794,0.0487451030009,-0.0555839048794,-0.0517894216081,1.61504133048,1.46511867111,-1.57318411945
5.725636,-0.0677682663302,0.0488079250533,-0.0555202380794,-0.0518051633243,1.61497065929,1.46510994872,-1.5730175838
5.735619,-0.0677218840414,0.0488339450541,-0.055732947275,-0.0518802279455,1.61481678073,1.46528157753,-1.57316514253
5.745602,-0.0673292764869,0.0486018188828,-0.0562449117944,-0.0520503253043,1.61471319165,1.46540266381,-1.57351328731
5.755586,-0.0672201010286,0.0483651761795,-0.0564797044553,-0.0520426862357,1.61466081623,1.46547733391,-1.57369410081
5.765569,-0.0676111274583,0.0483341630145,-0.0562759406301,-0.0517484541433,1.61457956911,1.46563850125,-1.57357415835
5.775553,-0.0676759008587,0.0483305910483,-0.0561680380918,-0.0515039288202,1.61461334943,1.46576876951,-1.57345392905
5.785536,-0.067479116416,0.0482816517346,-0.0561778609384,-0.0514858682721,1.61471858263,1.46580751158,-1.57342390198
5.795520,-0.0674308909412,0.0481906792543,-0.0561715289864,-0.0516194092264,1.61473881807,1.46573548955,-1.57342997867
5.805503,-0.0674538620899,0.0481674057619,-0.0562671754884,-0.0517650641559,1.61463131578,1.46550156077,-1.573442265
5.815487,-0.0673975450111,0.04825187044,-0.0565041453047,-0.0518365107336,1.61446162805,1.46517197025,-1.57353973341
5.825470,-0.0674146442209,0.0483330282291,-0.056670329862,-0.0518408871712,1.61429342722,1.4649128744,-1.57384309796
5.835454,-0.0675887840718,0.048314288708,-0.0566713739546,-0.0518451459741,1.61418493653,1.46479622585,-1.57426614684
5.845437,-0.0677672897364,0.0482245409693,-0.0566722094906,-0.0518416497976,1.61425477029,1.46486531582,-1.57432937222
5.855421,-0.067923176152,0.0479973623722,-0.0566699184365,-0.0517802488506,1.61453733565,1.46519886428,-1.57389558434
5.865404,-0.0678370760167,0.0478425154047,-0.0566057669159,-0.0516109490243,1.61459894115,1.46529571066,-1.57373898224
5.875387,-0.0673470327057,0.0480414035922,-0.0564417177835,-0.0514912401337,1.61450537717,1.464992054,-1.57384163103
5.885371,-0.0669710521081,0.0482767782836,-0.056320002804,-0.0514741881338,1.61455460089,1.46486129488,-1.5738051643
5.895354,-0.0670286014316,0.0483865153517,-0.0563907726425,-0.0514284614563,1.61466029092,1.46509397059,-1.57361601529
5.905338,-0.0674316127063,0.0485188688493,-0.056659221929,-0.0513001324097,1.61466336273,1.46536249119,-1.57335363249
5.915321,-0.0678516495926,0.0486192702524,-0.0569007880962,-0.0512028174462,1.61450162496,1.46546432253,-1.57316986259
5.925305,-0.0680057080235,0.0485640040607,-0.0568792382522,-0.0512309445165,1.61421718116,1.46543644073,-1.57317472307
5.935288,-0.0679000632639,0.0483895375156,-0.0566277053003,-0.0513058884047,1.6139296423,1.46533330485,-1.57338952018
5.945272,-0.0677626307144,0.0482336586701,-0.0564117510877,-0.0513303715203,1.61377677097,1.46515722736,-1.57370896455
5.955255,-0.0677501019623,0.048161143086,-0.0564050336623,-0.0513983292936,1.61378711913,1.46497781938,-1.57390608182
5.965239,-0.0678850445024,0.0482311107569,-0.056580471472,-0.0514977294171,1.61379732431,1.46483442087,-1.57391013321
5.975222,-0.0677935334356,0.0484131700973,-0.056759775246,-0.0514362785105,1.61380738788,1.46485820151,-1.57390744478
5.985205,-0.0673498638155,0.0485868487181,-0.0568627136851,-0.0513351419134,1.61381419226,1.4651265173,-1.57378116221
5.995189,-0.0671477553609,0.048770670193,-0.056818906589,-0.0513218763076,1.6137624684,1.46509068249,-1.57358100886
6.005172,-0.0671492372847,0.0489968734295,-0.056663563444,-0.0513330902855,1.61362361112,1.46481651322,-1.57352964753
6.015156,-0.0670382166184,0.0492191010799,-0.0565403830774,-0.0513798014588,1.61355233795,1.4647089424,-1.5734977089
6.025139,-0.0669068080133,0.0492636778942,-0.0565360005286,-0.0514771569742,1.61365043216,1.46463374692,-1.57345022251
6.035123,-0.066961308479,0.0491391213781,-0.0565867375209,-0.0515715013989,1.61380056109,1.46450314119,-1.57348959187
6.045106,-0.0672649773702,0.0489629905594,-0.0565394943967,-0.0516848730095,1.61387421264,1.4645534995,-1.57358973204
6.055090,-0.0675911043521,0.0488357758044,-0.0563884263573,-0.0517901718755,1.61388319946,1.46493930692,-1.57369701724
6.065073,-0.0675992028744,0.0488408892877,-0.0563035284334,-0.0516928987545,1.61389273766,1.46543379793,-1.57385760976
6.075057,-0.0673503248484,0.0489781717044,-0.0563171135612,-0.051358278937,1.61391404696,1.46575539582,-1.57394618868
6.085040,-0.0673097377431,0.0489475602994,-0.056395421291,-0.0510757228434,1.61399197185,1.46565810941,-1.57388086727
6.095023,-0.0674169542803,0.0487296456159,-0.0566301765622,-0.0509701083192,1.61410929762,1.46533395894,-1.57377596553
6.105007,-0.0672450023155,0.0488325885243,-0.0569169781748,-0.0510852785741,1.61394672243,1.4654312369,-1.57377103056
6.114990,-0.066976055102,0.0490012752773,-0.0570041685875,-0.0513596861251,1.61363292607,1.46555604769,-1.57367377733
6.124974,-0.0669828462614,0.0488603216153,-0.0568829385775,-0.0514725804886,1.6135464015,1.46535554282,-1.5735212886
6.134957,-0.0669890185117,0.0487206549358,-0.0567473004742,-0.051375092803,1.61342903666,1.4650937483,-1.57358294192
6.144941,-0.066893494364,0.0488789799427,-0.0566991749627,-0.0512735305933,1.6131973312,1.46479039387,-1.57372884977
6.154924,-0.0667678949517,0.0491346250481,-0.0566990186796,-0.0513333981999,1.61317592957,1.46450096231,-1.57382416812
6.164908,-0.0666291698992,0.0491386883308,-0.0566728194152,-0.0514616585705,1.61341832846,1.46430937912,-1.57388302003
6.174891,-0.0665576243994,0.048862500711,-0.0565777805656,-0.051450918669,1.61359218424,1.46411719872,-1.5738729644
6.184875,-0.0666858541412,0.0485743413314,-0.0564635947066,-0.0512951404922,1.61358524124,1.46375911907,-1.57371793211
6.194858,-0.0666364552546,0.0485256861519,-0.0565811557062,-0.0512011828275,1.61352408202,1.46332456319,-1.57361714595
6.204842,-0.0663000608995,0.0489225603091,-0.057021501501,-0.0512657046744,1.61342706399,1.4628149791,-1.57361789932
6.214825,-0.0660603809343,0.0493310404586,-0.0572094042166,-0.0514384895293,1.61348655265,1.4624559269,-1.57362043287
6.224808,-0.0660982884805,0.049299075363,-0.0571148689666,-0.0514483620591,1.61360868731,1.46225267511,-1.57356502568
6.234792,-0.0662504291098,0.0489109684272,-0.0570434731155,-0.0512161674271,1.61353151811,1.46163553953,-1.57341456589
6.244775,-0.0663821570596,0.0486586786947,-0.0569444672794,-0.0510527820886,1.61334087349,1.46084984897,-1.57333180789
6.254759,-0.0664644754745,0.048750703504,-0.0569409923439,-0.05097397457,1.61325843425,1.46032088728,-1.57342739871
6.264742,-0.0665888953967,0.0490498706767,-0.0570323627587,-0.0508839207177,1.61319778441,1.4599326723,-1.57357347927
6.274726,-0.0667366179898,0.0493473315469,-0.0570972948849,-0.0508221324944,1.61303572745,1.45949594069,-1.57364105954
6.284709,-0.0667663479266,0.0495435534703,-0.057075585594,-0.0508020192531,1.61291385619,1.45902017403,-1.57366688527
6.294693,-0.0665677297925,0.0497252982927,-0.057001453014,-0.0506976387531,1.61301085951,1.45845996851,-1.57374460139
6.304676,-0.0661672073316,0.0500466745224,-0.056918758023,-0.0504616346337,1.61317835923,1.45763456207,-1.57383083268
6.314660,-0.0657932113934,0.0502636043855,-0.0569691345448,-0.0502027940153,1.61329062844,1.45677435748,-1.57378977066
6.324643,-0.0657833311769,0.0502095035459,-0.0570901494308,-0.0502006943878,1.61323909648,1.45633283733,-1.57373440859
