time,right_s0,right_s1,right_e0,right_e1,right_w0,right_w1,right_w2
0.560658,1.22320607692,-0.584067509754,-0.143631384279,1.09014266823,0.149807749914,1.0713679827,0.263697176359
0.570645,1.22373714832,-0.583146435351,-0.143645872803,1.09024475073,0.150206376577,1.07103290025,0.264123000712
0.580631,1.22466923828,-0.58269059899,-0.143598900258,1.08984845875,0.150482957355,1.07166293098,0.264884889713
0.590618,1.22539011278,-0.582377462679,-0.143503906272,1.08964029722,0.15025234791,1.07271134394,0.265651179294
0.600604,1.225954248,-0.581869920762,-0.14344449607,1.08965650372,0.150455730785,1.07307737565,0.266078333151
0.610591,1.22653826084,-0.581145774901,-0.143546477664,1.08995800173,0.150929534189,1.07332926206,0.266480800212
0.620578,1.2273756473,-0.580675493465,-0.143550144798,1.08979188286,0.150959685501,1.07375903348,0.266946016814
0.630564,1.22750456217,-0.580408845654,-0.143129360232,1.08950758275,0.151278041215,1.07437966747,0.267235425371
0.640551,1.22800605303,-0.579616184398,-0.142877901264,1.08957900467,0.151767813324,1.07510650514,0.267406142666
0.650537,1.22866506293,-0.578890925232,-0.142910771824,1.08971203369,0.151923200553,1.07558231663,0.267933394096
0.660524,1.22893059831,-0.578669806586,-0.142972988316,1.08970650377,0.152182308951,1.07581902918,0.268726732728
0.670510,1.22957349469,-0.578273210323,-0.143003190714,1.08957275224,0.152663669355,1.07596747319,0.269344002373
0.680497,1.22972275622,-0.577896711544,-0.14292529925,1.08932003933,0.152750841156,1.07591010418,0.269819232564
0.690484,1.22981261067,-0.577370345903,-0.142997406163,1.08914741028,0.152965087948,1.07628913947,0.269940198575
0.700470,1.23041703782,-0.576292943468,-0.142623754884,1.08895386916,0.153300930481,1.07687421754,0.270392111803
0.710457,1.23079357831,-0.575889881633,-0.142797569408,1.08898102921,0.15338253678,1.0769810894,0.270814765458
0.720443,1.23109736197,-0.575681019246,-0.142631405086,1.08891016906,0.153373272338,1.0777355032,0.271006300998
0.730430,1.23148232744,-0.575496284575,-0.142326322052,1.08913081789,0.153008423085,1.07816958963,0.271261373241
0.740417,1.2320637195,-0.575214659945,-0.142068987473,1.08919464281,0.153292950078,1.078441079,0.271784447632
0.750403,1.23289422783,-0.574540758183,-0.142157712155,1.08918339443,0.153706278248,1.07871074364,0.2722757031
0.760390,1.23345952816,-0.573992935243,-0.142268521371,1.0888759672,0.153929368439,1.07901146065,0.272501111018
0.770376,1.2334512374,-0.57409359659,-0.142218724433,1.08844934265,0.154232430662,1.07945460514,0.272643762052
0.780363,1.23343794669,-0.574082213414,-0.142417670219,1.08858835509,0.154228116043,1.07978189123,0.272919666666
0.790350,1.23377559495,-0.57335130764,-0.142531745404,1.08872851282,0.154128391636,1.08006129259,0.273396814848
0.800336,1.23385118399,-0.573061380054,-0.142178386858,1.08870343903,0.154648137111,1.08040328855,0.274120808291
0.810323,1.23393334424,-0.572676669683,-0.141695073745,1.08889871924,0.154957033329,1.08087066953,0.274386203451
0.820309,1.23441607933,-0.571971402774,-0.141594908101,1.08864725021,0.154601191612,1.08117063261,0.27422151613
0.830296,1.23512327865,-0.571515989906,-0.141495879458,1.08845878837,0.15451470667,1.08116377704,0.274686382961
0.840282,1.23528061601,-0.571577992702,-0.141715628266,1.08857536335,0.155133719033,1.08091032893,0.274900748925
0.850269,1.23530276841,-0.571572398839,-0.141908717624,1.08852054229,0.155335431191,1.0810587924,0.2749467866
0.860256,1.23550065982,-0.571346101647,-0.141739199465,1.08853397452,0.155541996139,1.08170642754,0.27531494655
0.870242,1.23559945362,-0.571084072852,-0.141534650703,1.0886565679,0.155779817202,1.08215597557,0.275719141371
0.880229,1.23566239712,-0.570822601819,-0.141568686266,1.08879056213,0.155670241278,1.08251891451,0.275989714927
0.890215,1.23595499438,-0.570472150897,-0.141612758441,1.08885879956,0.155746347089,1.08316641791,0.276216796547
0.900202,1.23646997253,-0.570111901191,-0.141501800731,1.08859655391,0.155948994668,1.08332706545,0.276433668894
0.910189,1.23688115763,-0.569800841159,-0.141536328535,1.08846085511,0.155765958534,1.08297161599,0.276642910102
0.920175,1.23709299449,-0.569154844019,-0.141484030524,1.08883188782,0.156141206824,1.08340907083,0.276971222028
0.930162,1.23756213512,-0.569074002331,-0.141712859094,1.08908797856,0.156081705029,1.08342168974,0.277418156601
0.940148,1.23776369715,-0.569044322267,-0.141682610041,1.08881392357,0.155996223999,1.08281669464,0.277275347675
0.950135,1.23785780864,-0.568900980635,-0.141529650428,1.08853976997,0.156075837766,1.08287232259,0.277307466868
0.960122,1.23801684729,-0.568876893994,-0.141320520214,1.08829973703,0.156345118144,1.08342602643,0.277561075054
0.970108,1.23816325662,-0.568683679307,-0.141461900013,1.08815756357,0.156576357639,1.08389305974,0.277763938695
0.980095,1.23804726185,-0.568504792825,-0.141572621343,1.08839982931,0.156686841786,1.08364711025,0.278067313906
0.990081,1.23811075194,-0.568220935347,-0.141438046724,1.08859318954,0.156758989441,1.08327689572,0.2782640068
1.000068,1.23855457029,-0.567832254664,-0.141365057696,1.08826631409,0.15672952559,1.08385793524,0.278162787497
1.010054,1.23889212997,-0.567863457427,-0.141329988337,1.08797657411,0.156777457499,1.08475547528,0.278142866208
1.020041,1.23901292118,-0.567974440687,-0.14122094341,1.08825569443,0.157125599144,1.08484026962,0.278583534197
1.030028,1.2386673004,-0.56791092844,-0.140919372161,1.08844162569,0.156992846962,1.08470918049,0.279062548783
1.040014,1.23873684088,-0.567729308367,-0.140707295167,1.08864867422,0.15674351211,1.084619382,0.278923448101
1.050001,1.23892418889,-0.567441920296,-0.140911795506,1.08874034472,0.15704418051,1.0843677848,0.278705500342
1.059987,1.23913770973,-0.567411239027,-0.140921555599,1.08871659034,0.156888901691,1.08447642229,0.278884338266
1.069974,1.23976802735,-0.56757351123,-0.140817189241,1.08850438889,0.156782391039,1.08504113156,0.279262114142
1.079961,1.23996678338,-0.567429678218,-0.140929049588,1.08821438658,0.1569251276,1.08545154617,0.279205905398
1.089947,1.23983945829,-0.566917177778,-0.140911740199,1.08845079259,0.157155478141,1.08559634078,0.279181663408
1.099934,1.23985968227,-0.56682356201,-0.140756983481,1.0886341532,0.157377545092,1.08555477139,0.279490897923
1.109920,1.23994327456,-0.567071510791,-0.14068757241,1.08817737778,0.157461403752,1.0854444871,0.279583853961
1.119907,1.2400249517,-0.566934346649,-0.140569974357,1.08804730697,0.157320670845,1.08528486541,0.279424436233
1.129894,1.23994289713,-0.566717573813,-0.140424148224,1.08857299574,0.157108543191,1.08526461132,0.27959458296
1.139880,1.23967489819,-0.566421870383,-0.140539286154,1.08842711682,0.157414446567,1.08580807017,0.279798929297
1.149867,1.23977011778,-0.566312199171,-0.14048680528,1.08817017853,0.15754993432,1.08554921713,0.280081114544
1.159853,1.239911629,-0.566420040943,-0.140136972696,1.08778804687,0.157416402819,1.08525037178,0.28020825698
1.169840,1.23998950471,-0.566468736684,-0.140105015172,1.08776343482,0.157300933214,1.08555133091,0.280069108414
1.179826,1.24004629847,-0.566459416546,-0.140383324481,1.08804866617,0.157145570248,1.08603713464,0.279829811308
1.189813,1.24011221981,-0.566721407479,-0.140681972756,1.08835380283,0.157205732001,1.08627885823,0.27990727395
1.199800,1.24029509713,-0.566654440113,-0.140553528631,1.0882314405,0.157368566231,1.0863389297,0.280228502393
1.209786,1.24024127211,-0.566205644233,-0.140380649192,1.08806424746,0.157567449381,1.08611236662,0.280344071539
1.219773,1.24008384272,-0.565898580058,-0.140463534279,1.08814247098,0.157769678934,1.08580235276,0.280260910153
1.229759,1.24021080439,-0.565987463185,-0.140596280751,1.08808836254,0.157744535559,1.0859307484,0.280346830498
1.239746,1.2403790004,-0.566188048163,-0.140711862763,1.08804681356,0.157481796012,1.08636711923,0.280500800666
1.249733,1.24054785758,-0.565810896774,-0.140566279515,1.08823796365,0.157295362327,1.08654129458,0.280470202187
1.259719,1.24045842727,-0.565487670907,-0.140421993552,1.0880520052,0.157475625743,1.08659095475,0.280506022209
1.269706,1.24039329266,-0.565666543338,-0.140251738866,1.08806679325,0.157725138006,1.08652570918,0.280323191317
1.279692,1.24039480267,-0.566205806899,-0.140316642866,1.08817612141,0.157648387482,1.08617342002,0.280509636052
1.289679,1.24043058338,-0.566030135241,-0.140397366115,1.08837309446,0.157369146487,1.08591468138,0.280727217135
1.299666,1.24060133764,-0.56551408958,-0.140268838852,1.08849590967,0.15721379027,1.08575534424,0.28063200059
1.309652,1.24061513439,-0.565564485578,-0.140427599347,1.08835159278,0.157225381291,1.08604872467,0.280641187734
1.319639,1.24064380538,-0.565699722924,-0.140703664508,1.08806893287,0.1576270757,1.08598134069,0.280628294375
1.329625,1.24089503198,-0.565607112396,-0.140667768342,1.08820606586,0.157810420561,1.085776218,0.280392633599
1.339612,1.24102687554,-0.565558496424,-0.140483417048,1.08871198187,0.157610503435,1.0859449992,0.280361534214
1.349598,1.24072253499,-0.565637149224,-0.140499375184,1.08889303855,0.157671566054,1.08588863093,0.280697744501
1.359585,1.2404644924,-0.565844099727,-0.140546226908,1.08861023406,0.157461513598,1.08617807954,0.280905652731
1.369572,1.24075306041,-0.565871496301,-0.140227676186,1.08799425584,0.157512746647,1.08638972293,0.280997323133
1.379558,1.2406707193,-0.565699145359,-0.140090850849,1.08808179713,0.157534534606,1.08660879513,0.280751221023
1.389545,1.24066949019,-0.565670174765,-0.140278204818,1.08804690856,0.157289394267,1.08671803991,0.280685611417
1.399531,1.24073802614,-0.565999927976,-0.140559908317,1.08818968345,0.156870283756,1.08668508176,0.280579641769
1.409518,1.24074317069,-0.566092945364,-0.140548972046,1.08824450815,0.15706905173,1.08637296403,0.280435960887
1.419505,1.24074526161,-0.565708718763,-0.140428140341,1.08812794393,0.157290859005,1.08652688416,0.280252225818
1.429491,1.24099795212,-0.565514643856,-0.140381690846,1.08784146131,0.157233806972,1.08665638254,0.280339245618
1.439478,1.24119270839,-0.565629103981,-0.140247405095,1.08797204975,0.157174410982,1.08668083615,0.280381964533
1.449464,1.24108661549,-0.565909664529,-0.139959674606,1.08827911192,0.1569492427,1.08693056,0.28030373926
1.459451,1.24091383017,-0.566158062887,-0.139789227946,1.08793707229,0.156547015424,1.0869430123,0.280377729179
1.469438,1.24074803388,-0.565849820711,-0.139991601422,1.08797361562,0.156395613862,1.08673293971,0.280076564501
1.479424,1.24082976167,-0.565601905785,-0.14013660238,1.08841466294,0.156238553821,1.08669417163,0.279966401109
1.489411,1.24087608831,-0.565707654437,-0.139965538822,1.08831752077,0.155944311184,1.08674775967,0.280103484889
1.499397,1.24089350535,-0.565917302068,-0.140137425299,1.08814711182,0.156004795903,1.08646007825,0.280221583902
1.509384,1.2409784453,-0.566311714996,-0.140319370994,1.0881042828,0.1558635264,1.0862606733,0.280362353746
1.519371,1.24072520623,-0.566440269649,-0.140213541639,1.08811930292,0.155827001633,1.08651614908,0.280290925543
1.529357,1.24042670322,-0.566215204292,-0.140221836307,1.08827175044,0.156231860694,1.08662911865,0.280122087992
1.539344,1.24045351796,-0.565939030908,-0.140209652855,1.08829349071,0.156567794396,1.08666114756,0.279909820307
1.549330,1.24055640785,-0.566031527942,-0.140201949273,1.08829868538,0.156638126108,1.0867712834,0.279832726203
1.559317,1.24033690118,-0.566488958028,-0.140128376602,1.08842838287,0.156521152063,1.08700941622,0.280026522993
1.569303,1.23981797139,-0.566761373844,-0.140084407326,1.08848623431,0.156400891886,1.08736075463,0.280228467584
1.579290,1.23957523355,-0.566696497687,-0.140550185747,1.08841593452,0.156432613063,1.08739116179,0.280030741615
1.589277,1.23988706912,-0.56654483245,-0.140713533342,1.08815208193,0.156352619487,1.08703873497,0.279529931811
1.599263,1.24009223519,-0.56631183333,-0.140400297048,1.08792015469,0.156386618725,1.08668372976,0.279689649014
1.609250,1.23976275785,-0.566438335753,-0.139865259847,1.08802407272,0.156270409488,1.08705272809,0.280094307664
1.619236,1.23936159064,-0.566398448572,-0.140022983851,1.08827580508,0.156147288101,1.08769561832,0.280001094866
1.629223,1.23946185242,-0.566584337255,-0.140360432659,1.08828337309,0.156098780801,1.08803894451,0.2799017778
1.639210,1.23966312833,-0.566878264229,-0.140467507383,1.08832033027,0.156075304512,1.08838436814,0.279948861993
1.649196,1.23965192262,-0.567011568721,-0.140615970448,1.08829223534,0.156051237102,1.08868446199,0.280047587109
1.659183,1.23932863032,-0.567078808254,-0.140642038066,1.08817083126,0.156018884547,1.08914056431,0.27977274172
1.669169,1.23889926014,-0.567143194047,-0.140300139377,1.08810596958,0.15588058153,1.08986270578,0.279357145045
1.679156,1.23851540442,-0.567213659052,-0.13988107137,1.08782228353,0.155665250572,1.09048237184,0.27939524257
1.689143,1.23804335262,-0.567437074112,-0.139971142507,1.08739050236,0.155487407848,1.09102866647,0.279589195957
1.699129,1.23795354188,-0.567764919854,-0.140422744867,1.08741382759,0.155186014856,1.09173729642,0.279615979792
1.709116,1.23824471386,-0.567635452744,-0.140324974768,1.08723846668,0.154874041163,1.09239475247,0.27956676299
1.719102,1.23838816941,-0.56761460841,-0.140213661256,1.0872452601,0.154858021491,1.09337334074,0.279369970675
1.729089,1.23835958878,-0.568033998485,-0.140358197381,1.08725958542,0.15534520361,1.09442717577,0.278837069947
1.739075,1.23828763072,-0.568568292537,-0.140479198108,1.08698588712,0.155697517877,1.0952471795,0.278716478256
1.749062,1.23818752977,-0.568984717337,-0.140353015847,1.08701539184,0.155608270216,1.09579254776,0.278864014004
1.759049,1.23783116914,-0.56897769783,-0.14024153762,1.08707924655,0.155579071256,1.09657325719,0.279010276986
1.769035,1.23769008864,-0.569167437619,-0.140584073655,1.08674429131,0.155659419717,1.0972621587,0.278968285184
1.779022,1.2377364451,-0.569558399732,-0.140766911446,1.08646810119,0.155581273629,1.0980318851,0.278665401229
1.789008,1.23758930049,-0.569928863321,-0.140515365988,1.08651656091,0.155657767982,1.09930813163,0.278361200595
1.798995,1.23728876835,-0.570528556545,-0.140514533752,1.08641974351,0.155889498338,1.10054983002,0.278376757464
1.808982,1.23688135917,-0.57098113817,-0.140583460663,1.0861070661,0.155713669206,1.10145070648,0.278763806193
1.818968,1.2368707331,-0.571476446183,-0.140604366957,1.08611858578,0.155897119247,1.10243000342,0.279068939697
1.828955,1.23705057419,-0.571860720546,-0.140566702515,1.08614780763,0.155762371721,1.10359959884,0.279040873589
1.838941,1.23707473619,-0.572374647252,-0.14039842645,1.08585041491,0.155628729592,1.10468002624,0.278634395682
1.848928,1.23682461815,-0.572890246774,-0.140276587046,1.08501051103,0.155839373994,1.10548415688,0.278274536272
1.858915,1.23647809196,-0.573219346459,-0.140269822088,1.08424258928,0.155765916671,1.10605077226,0.277989859947
1.868901,1.2366626661,-0.573812045045,-0.140411773054,1.08392994568,0.155499504082,1.10712695277,0.277919489365
1.878888,1.23687283307,-0.574542641412,-0.140318953095,1.08365415503,0.15536121143,1.10794115322,0.27797141113
1.888874,1.23665418872,-0.575316776351,-0.140162247812,1.0838931622,0.155101917738,1.10802711978,0.278062224372
1.898861,1.23625349709,-0.576022994082,-0.140236048649,1.08435645474,0.155019807097,1.107808435,0.27806956382
1.908847,1.23623727142,-0.576501545143,-0.140478727724,1.08406586015,0.155488261966,1.10729781868,0.277880646055
1.918834,1.23655707017,-0.576994486118,-0.140885265271,1.08374026863,0.155733420675,1.1068539422,0.277803449005
1.928821,1.23599589127,-0.577381110817,-0.141015341718,1.08375422948,0.155558904461,1.10702798936,0.277970822729
1.938807,1.23547457627,-0.577914981163,-0.14082225044,1.08351219343,0.15575198871,1.1067399331,0.278133133712
1.948794,1.2355860233,-0.57852655987,-0.140615600627,1.08288629497,0.156010504725,1.1067059415,0.277938978958
1.958780,1.23587857944,-0.579333317339,-0.140759112734,1.08247625725,0.155841804828,1.1063005832,0.277443643971
1.968767,1.23585008795,-0.580072715452,-0.140711561757,1.08235567481,0.155717064374,1.10522571801,0.277230953659
1.978754,1.23579354081,-0.580714106207,-0.140648326375,1.08204834378,0.15574966918,1.10430561005,0.277402009331
1.988740,1.23569365225,-0.581062988052,-0.140723558527,1.08171597087,0.155625243693,1.10402931521,0.277656018709
1.998727,1.23561350011,-0.581580286118,-0.140667797129,1.0813687734,0.155539911765,1.10394947343,0.277686844576
2.008713,1.23564933403,-0.582325502347,-0.140612302211,1.081003875,0.155516559061,1.10387371602,0.277596074541
2.018700,1.23571525554,-0.582875452132,-0.140737559051,1.08068383668,0.155451892366,1.10401064195,0.277458444107
2.028687,1.2356817341,-0.583373262871,-0.140897359843,1.08021797898,0.155532867679,1.1042090642,0.27707116227
2.038673,1.23530031817,-0.583828986736,-0.140982867023,1.07978889617,0.155513244329,1.10392014235,0.276823240551
2.048660,1.23512933001,-0.584499384372,-0.140778491962,1.07953068498,0.155411259211,1.10299276594,0.276820073681
2.058646,1.23527612824,-0.585052798044,-0.140758564913,1.07953832189,0.155615926607,1.1026515971,0.277096786396
2.068633,1.23513299604,-0.585637412638,-0.140877170601,1.07947542216,0.155779602403,1.10309534039,0.277243139614
2.078619,1.23495299587,-0.585749219321,-0.141045550439,1.0793339113,0.1556042195,1.10345910382,0.277062818974
2.088606,1.23464460916,-0.586260986559,-0.140895341903,1.07899169323,0.155143635538,1.10335391132,0.276821211675
2.098593,1.2344269413,-0.586893992732,-0.140636084563,1.07868195519,0.155156044799,1.10326185321,0.276556267084
2.108579,1.2344019097,-0.587455029021,-0.140559883583,1.07857437417,0.15525794864,1.10321026342,0.276324288711
2.118566,1.23437528475,-0.588131310606,-0.140776001618,1.07845899905,0.155061269661,1.10346007534,0.276383309544
2.128552,1.23438445527,-0.588702156393,-0.141062429139,1.07818688156,0.15498530191,1.10404285634,0.276393406955
2.138539,1.23448579668,-0.589007505791,-0.141125262986,1.07777247218,0.155123344262,1.10414921866,0.276061567207
2.148526,1.23442307307,-0.589197434232,-0.141124297859,1.07736418569,0.155046088565,1.10373186569,0.276045233456
2.158512,1.23421954886,-0.589804451222,-0.140909548337,1.0773921621,0.154817811639,1.10340421439,0.275997576568
2.168499,1.23410916092,-0.590520503803,-0.140891740475,1.07765018934,0.155043479676,1.10307409921,0.275934084305
2.178485,1.23384664686,-0.591352312155,-0.140946722516,1.07777427362,0.155130590555,1.10277338272,0.275679323109
2.188472,1.23384085148,-0.592024964465,-0.140782900579,1.07762586716,0.15492825286,1.10286164425,0.275681255383
2.198459,1.23399233466,-0.592238709387,-0.140374076927,1.07730119141,0.155017824827,1.10305372688,0.275827410097
2.208445,1.23412276869,-0.592491462051,-0.140467724359,1.0768511642,0.155261057254,1.10307826533,0.275820528463
2.218432,1.23406657853,-0.592758471335,-0.140855887671,1.07684488116,0.155438656584,1.1031409741,0.275616761023
2.228418,1.23376496502,-0.593229406155,-0.140935919971,1.07700679721,0.155362387809,1.10324818005,0.275372294357
2.238405,1.23352732131,-0.593787581525,-0.140788274771,1.07677092639,0.155139020414,1.10333556999,0.27531561386
2.248391,1.23353823151,-0.594058685344,-0.140796340103,1.07652505813,0.155206422304,1.10322315367,0.275416328419
2.258378,1.23360041823,-0.594563299641,-0.140989184494,1.07661315755,0.155299283045,1.10261082186,0.275494306346
2.268365,1.23376830785,-0.595036727112,-0.141101276888,1.07670649757,0.155005338901,1.10206956828,0.275499483936
2.278351,1.23387978983,-0.595532645313,-0.141085973195,1.07663910906,0.154717723693,1.1019252458,0.275177174001
2.288338,1.23360134518,-0.595900711765,-0.140962960151,1.07630446064,0.154532737727,1.10220793992,0.274874919694
2.298324,1.23327342922,-0.596209065109,-0.141001951425,1.07606255206,0.154686300585,1.10255015157,0.274735875304
2.308311,1.23312863405,-0.596469280261,-0.141084595362,1.07615094638,0.154909943683,1.10253356667,0.274643858755
2.318298,1.23319026446,-0.596888935307,-0.140729498853,1.0762894316,0.154966685036,1.10217074545,0.274440830035
2.328284,1.23325791571,-0.5973154034,-0.140651734546,1.07610161516,0.155064839732,1.10150620129,0.274454925166
2.338271,1.23312013272,-0.597749844725,-0.140986000217,1.07600124607,0.155184787663,1.10097522286,0.274539290254
2.348257,1.23286854565,-0.598198029887,-0.141197500818,1.07620355772,0.155032425104,1.10077428838,0.274427985103
2.358244,1.23278438347,-0.598534468129,-0.141225706815,1.07612029381,0.154798327363,1.10074912783,0.274360830068
2.368231,1.23294608185,-0.599090658737,-0.141103033332,1.0757161404,0.15481964359,1.10090558363,0.274395086646
2.378217,1.23302814044,-0.60001058792,-0.140862984559,1.07567774974,0.154648363072,1.10089860973,0.274349293025
2.388204,1.23281449697,-0.60084487567,-0.141006767124,1.07554788926,0.154650067741,1.10088407251,0.274484874636
2.398190,1.23284902798,-0.602081280574,-0.141254465632,1.0755634563,0.154897456007,1.10070848508,0.274460015659
2.408177,1.2329470637,-0.603213245369,-0.141516262133,1.07575236725,0.155189105238,1.1005910007,0.274309245941
2.418163,1.23276422703,-0.604188907995,-0.141812920593,1.07564642637,0.155319321343,1.10160054307,0.274180445438
2.428150,1.23240386947,-0.605405104324,-0.141884825815,1.07550923471,0.155167102524,1.10290489452,0.27395794093
2.438137,1.23234954003,-0.606828918341,-0.141901798755,1.07530154313,0.154839445267,1.10381389975,0.273721826358
2.448123,1.23218547836,-0.6080963918,-0.141801766046,1.07491199369,0.154590621856,1.10459969304,0.273592481701
2.458110,1.23171256687,-0.609343205606,-0.141726646869,1.07459822284,0.15468648624,1.10561102857,0.273613674965
2.468096,1.23123279587,-0.61077518376,-0.14177414331,1.07433948947,0.155097061864,1.10680453663,0.273715908548
2.478083,1.23082409999,-0.612348478077,-0.141649926403,1.0739012285,0.155696418355,1.1079812482,0.27366642365
2.488070,1.23060912776,-0.614225707381,-0.141606835127,1.07352790648,0.156389755587,1.10937354761,0.273419582673
2.498056,1.23020738345,-0.615927092376,-0.141723996436,1.07323718575,0.156574563935,1.11067491996,0.273181577293
2.508043,1.2297744832,-0.617709867304,-0.142197793348,1.07274871463,0.156769826304,1.11221801217,0.272953166427
2.518029,1.22960465468,-0.620012149522,-0.142283411718,1.07251818578,0.157161042618,1.11402357089,0.272908647154
2.528016,1.22928804966,-0.622441931882,-0.142292651174,1.07254270867,0.157707354112,1.11604769039,0.272963270928
2.538003,1.22867530507,-0.624612599904,-0.142340118896,1.0724450093,0.158447881046,1.11793483002,0.273066040548
2.547989,1.22843049943,-0.627070400816,-0.142288495752,1.0723019964,0.158884981172,1.11986876735,0.273037674063
2.557976,1.22830345602,-0.629833648235,-0.14223718387,1.07234517894,0.159243671479,1.12210342833,0.273084212232
2.567962,1.22781409344,-0.632528720725,-0.142140727075,1.07221766708,0.159865981584,1.12449795583,0.273085716928
2.577949,1.227312423,-0.635263600342,-0.141975477381,1.07195611504,0.160342487594,1.12681567526,0.272904391808
2.587935,1.22700451476,-0.638102935737,-0.141895585772,1.07220059593,0.160547657608,1.12890026111,0.272846447973
2.597922,1.22651918383,-0.640599842588,-0.141958735667,1.07261904361,0.161044818474,1.13096361814,0.272793412485
2.607909,1.22620298202,-0.642942629849,-0.142251340824,1.07251855905,0.16160554901,1.13349556752,0.272611701779
2.617895,1.22575883941,-0.645641749501,-0.142680611639,1.07236887548,0.162222157542,1.13618590245,0.272548562884
2.627882,1.22506119859,-0.648743801404,-0.142790129293,1.07244796509,0.162997205361,1.13894351995,0.272451282749
2.637868,1.22436514924,-0.651617881077,-0.142553688629,1.07244303096,0.163616178277,1.14154666338,0.272427443967
2.647855,1.22414023162,-0.65430082563,-0.142248362317,1.07234968618,0.163898981793,1.14429361756,0.272469282882
2.657842,1.22370895983,-0.65724213562,-0.142296021319,1.07245491084,0.164365091328,1.14685978496,0.272447673448
2.667828,1.22271303875,-0.66030405742,-0.142224610741,1.07273623743,0.165319203214,1.14912101203,0.27237278882
2.677815,1.22164407638,-0.66326612237,-0.142075638451,1.07287477884,0.166282068084,1.15140966011,0.272203915604
2.687801,1.22086527229,-0.666079413485,-0.142204648727,1.07279250283,0.166854755702,1.15390325192,0.272051627413
2.697788,1.2203324286,-0.668865943391,-0.142375719302,1.07271291862,0.167196191087,1.15663906124,0.272071015838
2.707775,1.21989722027,-0.671715059155,-0.142405319597,1.07264675505,0.167453993465,1.15951036901,0.272094402302
2.717761,1.21931104153,-0.674453125178,-0.142415948026,1.07252839129,0.167596482142,1.16225547653,0.272040706581
2.727748,1.21828874215,-0.677336596381,-0.142338889835,1.07253991141,0.167709661501,1.16491544366,0.271929904549
2.737734,1.21708053877,-0.680018297432,-0.142093393535,1.07255415215,0.16767903238,1.16706754748,0.271735249655
2.747721,1.21596249883,-0.682837748717,-0.142104787852,1.07273643734,0.167693142945,1.1689434176,0.271681439049
2.757707,1.2151372249,-0.685761108792,-0.142219069485,1.0728587721,0.167813555845,1.17094305369,0.271725993493
2.767694,1.21447134998,-0.6885976612,-0.142430902397,1.07280066058,0.168209723262,1.17329440351,0.271686719107
2.777681,1.21375934311,-0.691547083924,-0.142580832744,1.07275168402,0.168296461015,1.17592226111,0.271392307747
2.787667,1.21308320434,-0.694489333391,-0.142461343522,1.07275968778,0.167979199224,1.17847235269,0.271208503426
2.797654,1.21228722123,-0.697282108761,-0.142411891148,1.07284956875,0.167905272859,1.18105003898,0.271328549582
2.807640,1.21109447783,-0.700083109299,-0.142600500394,1.0728780007,0.168126431294,1.18351471688,0.271430250191
2.817627,1.20970264387,-0.702898447702,-0.142688275349,1.07268858991,0.168118212928,1.18525867044,0.271321647719
2.827614,1.20850967384,-0.705662399531,-0.142736916037,1.07283382911,0.168002405706,1.18676345892,0.271135432824
2.837600,1.20748752242,-0.708553793786,-0.142584957599,1.07342993091,0.167951734863,1.18818630839,0.27116937321
2.847587,1.20640074903,-0.711377787257,-0.142311995667,1.07374157221,0.167956466784,1.18965506262,0.271263585534
2.857573,1.20534424559,-0.714153491664,-0.142596346459,1.07338669079,0.168052635833,1.19126226393,0.270914019551
2.867560,1.20378356596,-0.716963273639,-0.142947141567,1.07297344224,0.168026679851,1.19283654042,0.270441352568
2.877547,1.20222791212,-0.719571977858,-0.142735746253,1.07307820876,0.167896594889,1.194497916,0.270248092469
2.887533,1.20100772432,-0.722128631579,-0.142612494962,1.07302648422,0.167928585446,1.19605455789,0.270309975611
2.897520,1.19961824311,-0.724850468691,-0.14270095921,1.07267964806,0.167951389091,1.19748544188,0.27041550396
2.907506,1.19808784927,-0.727435102115,-0.142596629986,1.07265412253,0.167829431166,1.19901996854,0.270433419095
2.917493,1.19677712324,-0.729871800684,-0.142436002832,1.07306410636,0.167718445276,1.2004618325,0.27037779665
2.927479,1.19563627611,-0.732560219931,-0.142512570822,1.07338486548,0.16774463851,1.20143741258,0.270253356822
2.937466,1.19451488356,-0.735336061633,-0.142619417041,1.07328553416,0.167836091356,1.20228271228,0.270129716393
2.947453,1.19334650312,-0.738018304798,-0.142646559423,1.07306667332,0.16784937442,1.20334156284,0.270293576389
2.957439,1.19210214311,-0.740469397409,-0.1426179083,1.0730799039,0.168003244653,1.20412108358,0.270428568633
2.967426,1.19085424815,-0.742703813894,-0.142473325433,1.07321926155,0.168093774863,1.20489239818,0.270281600874
2.977412,1.18909608765,-0.744929743871,-0.142333702309,1.07339062742,0.168123008204,1.20577221391,0.270055501055
2.987399,1.1871108635,-0.747518239189,-0.142318248721,1.07339321103,0.168090272997,1.20661306931,0.269836010529
2.997386,1.18565210149,-0.750287737922,-0.142582417275,1.07304373252,0.168190404638,1.20704534942,0.269862444179
3.007372,1.18417016383,-0.752719061292,-0.142915534427,1.07276663483,0.168225342094,1.20735760158,0.269964999895
3.017359,1.18243486057,-0.75500430884,-0.142976611315,1.0727855165,0.168298983115,1.20774232916,0.269978061005
3.027345,1.18071722549,-0.7574345335,-0.142749273657,1.07295184563,0.16854004639,1.20802294961,0.269858069648
3.037332,1.17897435998,-0.759853495158,-0.142617871863,1.07320739467,0.168621883203,1.20816027526,0.269677915481
3.047319,1.17735918919,-0.762037113407,-0.142858617139,1.07343935577,0.168574659974,1.20809280052,0.269709344135
3.057305,1.1758336624,-0.763855598078,-0.143087869259,1.07335827669,0.168701726699,1.20785351557,0.269639083666
3.067292,1.1736842694,-0.765782402358,-0.143104583133,1.07313580825,0.168762811693,1.20802297519,0.269381515403
3.077278,1.17117238642,-0.767804931023,-0.142928707523,1.07312432924,0.168582866626,1.20834348485,0.269280754274
3.087265,1.16935083128,-0.769735144087,-0.14268671338,1.07321559056,0.168326609345,1.20856860173,0.269210877048
3.097251,1.16788655554,-0.771812333983,-0.142763300035,1.07310635674,0.168455542253,1.20885151623,0.269195476658
3.107238,1.16611098296,-0.77393143336,-0.143033631758,1.0726722211,0.168358037199,1.20949293797,0.269370299025
3.117225,1.16412254777,-0.775759651676,-0.143063015888,1.07204533388,0.167985320996,1.20983367494,0.269438639514
3.127211,1.16213255927,-0.77749516407,-0.143017064252,1.07145114921,0.167926977255,1.20978749482,0.269398739152
3.137198,1.1602210847,-0.779217543256,-0.143189349874,1.07100285507,0.168053327447,1.209922024,0.269427652342
3.147184,1.15832197065,-0.780840984379,-0.143388989959,1.07057666064,0.168032454331,1.21035485841,0.26932731763
3.157171,1.15627323127,-0.782610462778,-0.143226477071,1.07016927122,0.168023611493,1.210778439,0.268995161593
3.167158,1.15416965335,-0.784452571532,-0.14283931594,1.06999479696,0.167980652175,1.21102137056,0.268931397755
3.177144,1.15216447643,-0.786198583312,-0.142816784116,1.06959028661,0.167930214009,1.21125529043,0.269084760181
3.187131,1.15010304296,-0.78813913122,-0.14311206399,1.06873526384,0.167801206892,1.21157928872,0.269079861975
3.197117,1.1478308353,-0.790003659191,-0.142992945329,1.06810010389,0.167909538668,1.21163563698,0.269042872238
3.207104,1.14547779644,-0.791455757142,-0.142517191582,1.06804104419,0.168002572327,1.21178490008,0.268966435651
3.217091,1.14298900859,-0.792763254553,-0.142450599959,1.06805913775,0.167942847011,1.21222840677,0.268818291577
3.227077,1.14036867498,-0.794381254254,-0.142612439652,1.06772067811,0.167969487812,1.21242418253,0.268824323393
3.237064,1.13779594624,-0.796144888219,-0.142700936268,1.06721808568,0.168120696987,1.21248595312,0.268933298415
3.247050,1.13544823067,-0.797592350164,-0.142802592671,1.06686609593,0.16834709911,1.21260632747,0.268892456534
3.257037,1.1332009896,-0.798787515782,-0.142905978982,1.06660912441,0.168376488798,1.21265030281,0.268827511242
3.267023,1.13073364445,-0.800243223239,-0.143041703865,1.06625750657,0.1680145834,1.21279707397,0.269014042429
3.277010,1.12812477646,-0.80205770464,-0.143237056744,1.06597468015,0.167821615371,1.2131415377,0.269086184167
3.286997,1.1255898017,-0.803976671942,-0.143053310289,1.06568933411,0.167949672191,1.21333071415,0.268754534004
3.296983,1.12300886382,-0.805723115954,-0.142828565608,1.06524961261,0.16819516677,1.21383281007,0.268434536898
3.306970,1.12023291969,-0.807266519611,-0.142750831172,1.06489975523,0.168174527617,1.21488159069,0.268339061513
3.316956,1.11751271406,-0.808829478149,-0.142801173387,1.06466066891,0.167915576634,1.21564232669,0.268445679959
3.326943,1.11478892912,-0.810319599401,-0.143024825367,1.06435469148,0.16765830997,1.21598264583,0.268669754314
3.336930,1.11188652661,-0.811771053292,-0.143030456021,1.06387136464,0.167485817384,1.21661733841,0.268623454849
3.346916,1.10905190665,-0.813206310052,-0.142891075764,1.06315451614,0.167578257271,1.2179450562,0.268419060039
3.356903,1.10626968842,-0.814555154146,-0.142989597473,1.06245961481,0.167623880734,1.21943587563,0.268295701768
3.366889,1.10340935941,-0.815835711744,-0.143242194787,1.06185462789,0.167362857297,1.22035540035,0.268308587301
3.376876,1.10055198523,-0.817222166156,-0.143186262225,1.06120525576,0.167137737194,1.22096751372,0.268320986704
3.386863,1.09767691848,-0.81888697801,-0.142799511183,1.06069510628,0.167080601055,1.22205925753,0.268044132507
3.396849,1.09482964276,-0.820517520683,-0.142708666986,1.05996497382,0.167070390286,1.22328687017,0.267910129012
3.406836,1.09182130172,-0.821820901633,-0.14282354567,1.05888331703,0.16703972584,1.22445955195,0.268122783773
3.416822,1.08841950143,-0.822970077807,-0.142992050524,1.05771040211,0.167054081478,1.22596093114,0.268026792753
3.426809,1.0850305662,-0.824250081534,-0.14300975478,1.05624493964,0.167143159137,1.22771114726,0.267919940203
3.436796,1.08185234372,-0.825848996641,-0.14292453762,1.05472118972,0.167175924903,1.22922144186,0.268276438767
3.446782,1.07847020151,-0.82715143914,-0.142986337477,1.05370753985,0.167164213895,1.23048298224,0.268446892868
3.456769,1.075038136,-0.828168355446,-0.143159565815,1.05276630143,0.167249600433,1.23180856485,0.268221314719
3.466755,1.07191430983,-0.829348909931,-0.14324731776,1.05154543413,0.167397207406,1.23353194818,0.268020175024
3.476742,1.06887909931,-0.830610546221,-0.143179367699,1.05030665525,0.167471175225,1.23549680009,0.267965102653
3.486728,1.0654948846,-0.83184035376,-0.143022577145,1.04910669448,0.167397863875,1.23719952121,0.267923483252
3.496715,1.06183405684,-0.833211309369,-0.142901755903,1.04776543821,0.16726263087,1.23871966455,0.267829915302
3.506702,1.05834939266,-0.834387612444,-0.142945357832,1.0464808831,0.167234195202,1.24054875815,0.267625687464
3.516688,1.05505608794,-0.835386512634,-0.143099155246,1.04497149319,0.167207054632,1.24277215885,0.267487981827
3.526675,1.05165018816,-0.836434615881,-0.143256289583,1.04316983243,0.167223049082,1.24515849956,0.267501938775
3.536661,1.04803879881,-0.837518129869,-0.143258862374,1.04136464586,0.167314211889,1.24761473915,0.267364358801
3.546648,1.04457094888,-0.838601830465,-0.143015629264,1.03957726777,0.167335057246,1.25015557258,0.267156420134
3.556635,1.04130439663,-0.839684538262,-0.142677064827,1.03758641133,0.167214810037,1.25266231106,0.266944718864
3.566621,1.03812273976,-0.840774189942,-0.142472639091,1.03557717785,0.167236539028,1.25530826458,0.266854051452
3.576608,1.03518961855,-0.841945531304,-0.142745689803,1.03353012279,0.167386791855,1.25811133752,0.267000154729
3.586594,1.0323236226,-0.843115803865,-0.143099299545,1.03126370047,0.167539011753,1.26130613049,0.267294769221
3.596581,1.02904699833,-0.8441374856,-0.142933973001,1.02895149694,0.167637035095,1.26513213355,0.267479066625
3.606568,1.02541489374,-0.845109433299,-0.142726511512,1.02681635323,0.16761971754,1.26895956593,0.267346813226
3.616554,1.02199211332,-0.846129170935,-0.142918883334,1.02460750168,0.167706814233,1.27208509223,0.267038032735
3.626541,1.01889931719,-0.84713288615,-0.142928137801,1.02210341064,0.167912779739,1.27499460407,0.266798671491
3.636527,1.01578518185,-0.848330944736,-0.142822844731,1.01935042778,0.167991053989,1.2781905735,0.266649673426
3.646514,1.01231251041,-0.849537098189,-0.142832303884,1.01660072417,0.168087571232,1.28189041261,0.266686648708
3.656500,1.00858154046,-0.850572503442,-0.143064009183,1.01414901525,0.16811812299,1.28581506963,0.266684943477
3.666487,1.00529048639,-0.851712353142,-0.143174072422,1.01170111585,0.168121525862,1.289488684,0.266542466602
3.676474,1.00245497413,-0.852949681712,-0.143074962116,1.00880817765,0.168298145872,1.29310050387,0.266455237178
3.686460,0.999411103679,-0.854008378353,-0.142902656836,1.00564873319,0.168342177226,1.29695449293,0.266612912852
3.696447,0.996146777462,-0.854844837479,-0.142663925311,1.00239671984,0.16817325822,1.30104618114,0.266987697088
3.706433,0.993006121509,-0.855648541458,-0.142600340206,0.999117571095,0.16811653697,1.30524408814,0.267200744307
3.716420,0.989918575073,-0.856540457096,-0.142917124821,0.995879411356,0.168198216954,1.30949801057,0.267031801465
3.726407,0.9867853873,-0.857344986909,-0.143177964948,0.992588487175,0.168243316543,1.31395864345,0.266921289485
3.736393,0.983750734503,-0.858014318351,-0.143266639488,0.989403635269,0.168343228271,1.31863741484,0.266940383133
3.746380,0.980678093534,-0.858917848214,-0.143354517513,0.986079168342,0.168292258824,1.32328783945,0.266791912743
3.756366,0.97744569271,-0.860041149989,-0.143287902984,0.982283991126,0.168051719171,1.32772945132,0.266631121436
3.766353,0.974329270933,-0.860960285993,-0.143275501179,0.978482247443,0.167935712616,1.33213550141,0.266643214013
3.776340,0.971299148643,-0.861290742221,-0.14347813038,0.974737149011,0.167919446966,1.3367413659,0.266542230037
3.786326,0.968197171565,-0.861552179973,-0.143396508128,0.970612010913,0.167911573399,1.34135791671,0.266239951194
3.796313,0.965289882214,-0.862195459761,-0.143071382892,0.966412928778,0.167987237762,1.34592489047,0.266045778745
3.806299,0.962433657499,-0.862919734705,-0.14288627571,0.962337450797,0.168067800709,1.3507199283,0.265928299999
3.816286,0.95923572996,-0.863615698222,-0.142809727655,0.958074676786,0.168199210895,1.35570264915,0.265869713079
3.826272,0.955961008069,-0.864318855987,-0.142764883424,0.953530126625,0.168455946768,1.36061069713,0.265993497663
3.836259,0.953215416657,-0.864632973071,-0.142967230291,0.948995827606,0.168487301585,1.36555925171,0.266093396216
3.846246,0.950643353708,-0.864727206151,-0.143266796546,0.944566027873,0.16825934516,1.37054286472,0.266081568517
3.856232,0.94750112434,-0.864890421929,-0.143477292933,0.940162701064,0.168151686712,1.37539174207,0.266119958294
3.866219,0.944028522104,-0.865081384268,-0.143607831826,0.935760829379,0.168078500368,1.38038908371,0.266312355911
3.876205,0.940933882396,-0.865273791655,-0.143569190444,0.931342252497,0.168268483251,1.38546525818,0.266347577322
3.886192,0.93799922447,-0.865464318279,-0.143621867407,0.926793283541,0.168539709195,1.39055789785,0.266118653558
3.896179,0.935117025916,-0.865640460716,-0.143688512152,0.921903245918,0.168116641438,1.39585176265,0.266157572935
3.906165,0.932454934754,-0.865634623007,-0.143593984469,0.916928029594,0.167461762958,1.40136374389,0.266179003757
3.916152,0.929539864262,-0.865481703523,-0.143425668076,0.912317304525,0.167334722497,1.40688372682,0.266002555351
3.926138,0.926289705148,-0.865318195374,-0.143263769703,0.907908791957,0.167627443706,1.4122535574,0.266005291655
3.936125,0.923213415506,-0.86515641073,-0.143266690181,0.903295373293,0.167788861529,1.41745555971,0.266121651093
3.946112,0.920311681503,-0.86499247012,-0.143488771219,0.898510435306,0.167638143224,1.42263633384,0.266008648522
3.956098,0.917281795346,-0.864831770713,-0.143446027505,0.893646216407,0.167530952357,1.42798043872,0.265998862679
3.966085,0.914158956943,-0.864667046369,-0.143115102248,0.888965408325,0.167673936539,1.43319764971,0.266092507728
3.976071,0.911087093791,-0.864478712394,-0.142737133233,0.884608287711,0.167895424541,1.438218145,0.266070933847
3.986058,0.907936978117,-0.864165844839,-0.142782584632,0.880243312934,0.167850432551,1.44333204587,0.265919391569
3.996044,0.904626583937,-0.863758323178,-0.143279220585,0.875785854032,0.167666442897,1.44832228712,0.265709570982
4.006031,0.901190087861,-0.863662314921,-0.143538762255,0.871658683176,0.167576320083,1.45312190349,0.265529883056
4.016018,0.897950415918,-0.863626206924,-0.143440341601,0.867775290675,0.167373148675,1.45814102859,0.265523272037
4.026004,0.894926692432,-0.863141353331,-0.143189528619,0.863752632591,0.167199362381,1.46327009295,0.265651764671
4.035991,0.891852861145,-0.862602637058,-0.142936015425,0.859852608275,0.167314386896,1.46796385966,0.265591679769
4.045977,0.888675042876,-0.862520557182,-0.142995526108,0.856368253965,0.167510560921,1.4720088101,0.265424444448
4.055964,0.885361378616,-0.862585259179,-0.143428123879,0.85303032696,0.167479057217,1.47565079672,0.265536228923
4.065951,0.881695683227,-0.862506310117,-0.143591776211,0.84969768275,0.167387973692,1.47914188049,0.265648347615
4.075937,0.878027253381,-0.862481260827,-0.143343376832,0.846479412181,0.167427700861,1.48254692131,0.265648247599
4.085924,0.874453752215,-0.862480512522,-0.143389310171,0.843503846364,0.167290122621,1.48569047603,0.265652325503
4.095910,0.870930196279,-0.86239488857,-0.143637221209,0.84048311491,0.167026687928,1.48855026982,0.265734996226
4.105897,0.867419331874,-0.862450387441,-0.143529296298,0.837483435864,0.167023212345,1.49132231075,0.26575841639
4.115884,0.864093461525,-0.862419079643,-0.143412562371,0.834962887404,0.167200094999,1.49407851792,0.265627685011
4.125870,0.86070020794,-0.862262249804,-0.143508905819,0.832692171549,0.167450376956,1.49663316537,0.265530936373
4.135857,0.857006277641,-0.862199249858,-0.143593083575,0.830505931494,0.167613735029,1.4988608063,0.265498510986
4.145843,0.853219937425,-0.862359178612,-0.143531691751,0.828271796332,0.167617024862,1.50070405703,0.265402611128
4.155830,0.849628432714,-0.862695787579,-0.14342953537,0.826111006861,0.167593143017,1.50220240061,0.265277670543
4.165816,0.846198221269,-0.862863550327,-0.143421452453,0.824571301586,0.167493521024,1.50345869215,0.265235939466
4.175803,0.842611009566,-0.862634338956,-0.143425187741,0.823641844259,0.167236194162,1.50442064458,0.265222297607
4.185790,0.838820223142,-0.86250764246,-0.143428890194,0.822685623811,0.167180674164,1.50502992552,0.265226870335
4.195776,0.835000585322,-0.862607647932,-0.143462112804,0.821413597305,0.167169754588,1.50544040332,0.265324061148
4.205763,0.830924112482,-0.862686394117,-0.143548726257,0.820111317386,0.16715893247,1.5058206441,0.265322472231
4.215749,0.826700445986,-0.862785970591,-0.143514075124,0.819240279506,0.167163899221,1.5061397378,0.265182548622
4.225736,0.822678597218,-0.862764558229,-0.143426000362,0.818787757781,0.167261281025,1.50599601157,0.264987835997
4.235723,0.81858005681,-0.862604227457,-0.143334797341,0.818457154819,0.167431262402,1.50578177681,0.264908416625
4.245709,0.814266440956,-0.862618055266,-0.143088692507,0.818022298698,0.167584635364,1.50553754488,0.265051300534
4.255696,0.809856594822,-0.862723351378,-0.143052169651,0.817230880308,0.167596460187,1.50506413203,0.265217819353
4.265682,0.805318920583,-0.862809882438,-0.143375861114,0.816268901445,0.167435925485,1.50449049622,0.265228755459
4.275669,0.80075207948,-0.86298067998,-0.143731529541,0.815745452625,0.167289801195,1.50401889943,0.265294313278
4.285656,0.796532315771,-0.863044698313,-0.144001191404,0.815817284136,0.167321096213,1.50378729318,0.265479691491
4.295642,0.792534744436,-0.862738427826,-0.143981804166,0.816058232641,0.167410391718,1.50372928293,0.265348570647
4.305629,0.788152534822,-0.862336688974,-0.14372300225,0.81612560256,0.167426425816,1.50369612287,0.265113804718
4.315615,0.783393832572,-0.862213040143,-0.143550027049,0.816001760745,0.167334215004,1.50376391684,0.264841511256
4.325602,0.778206873437,-0.862185058272,-0.143568867004,0.816380474653,0.167488349443,1.50380061583,0.264746503952
4.335588,0.773191916587,-0.861848909988,-0.14342798147,0.81685695743,0.167593845921,1.50395869003,0.265034031468
4.345575,0.768641405232,-0.86123233941,-0.143088171426,0.81673640946,0.167380305626,1.50415741086,0.265136584856
4.355562,0.763961124118,-0.860641834032,-0.143105093552,0.816523021149,0.167123540744,1.50410440338,0.264957465691
4.365548,0.759041182228,-0.860271859599,-0.143359285115,0.816689584006,0.167090076863,1.50396885528,0.264989935527
4.375535,0.754031739539,-0.860012911253,-0.143482568579,0.816980408635,0.167237046335,1.50391678941,0.265167281056
4.385521,0.748876428059,-0.85952751468,-0.143495088626,0.816970872304,0.16735427147,1.50392420183,0.265179385494
4.395508,0.743609648665,-0.858791808644,-0.143454192663,0.816643354458,0.167358857146,1.5039903382,0.265146984367
4.405495,0.738328481691,-0.858292093633,-0.143305764852,0.81647738478,0.167311059177,1.50393965023,0.265183731252
4.415481,0.732976147164,-0.857983111002,-0.143155823893,0.816567384618,0.167160953131,1.50373747345,0.265290527401
4.425468,0.72747815015,-0.857418616429,-0.143119977954,0.81644126066,0.166967587134,1.50352332446,0.265471700101
4.435454,0.722106326224,-0.856746438642,-0.143141679823,0.816569051882,0.166845042472,1.50331402333,0.265571916483
4.445441,0.717050495227,-0.856283924523,-0.143253954695,0.816717973681,0.166968403081,1.50320996275,0.265520976002
4.455428,0.711897196251,-0.855919727578,-0.143439869625,0.816531930309,0.16720728308,1.50315941465,0.265210706625
4.465414,0.706448535811,-0.855298523338,-0.143597046838,0.816407654521,0.167014882447,1.50302564244,0.265028128079
4.475401,0.7009097304,-0.854370152693,-0.143539882175,0.816567424916,0.166812584664,1.50281897358,0.264849745088
4.485387,0.695435623208,-0.853532963625,-0.143226792324,0.816718516215,0.166941017975,1.502738682,0.264629661657
4.495374,0.689874344573,-0.853035071879,-0.143024593423,0.816566024305,0.167014387632,1.50290851719,0.264582288378
4.505360,0.684209417462,-0.852679044236,-0.143127705287,0.816307557908,0.166938801999,1.5032543688,0.264581415523
4.515347,0.678825703333,-0.852259625781,-0.143224683105,0.816315654646,0.16702707532,1.50364168051,0.264585472852
4.525334,0.67340132258,-0.851602005502,-0.143478760637,0.816351767343,0.166997470802,1.50382430421,0.264696844578
4.535320,0.66784414635,-0.850783714474,-0.143643272312,0.816443800563,0.166788021657,1.50385557994,0.264690397829
4.545307,0.662442790953,-0.850059450469,-0.14349464371,0.816271098381,0.16672831163,1.5040155994,0.264573293021
4.555293,0.657011764155,-0.849473774386,-0.14344645321,0.815908788913,0.166577172777,1.50400070367,0.264496028191
4.565280,0.651271228142,-0.848971055061,-0.143441167934,0.815506972881,0.166070948613,1.50377096604,0.264594924776
4.575267,0.645480952419,-0.848540049176,-0.143165990173,0.815216692938,0.165567931074,1.50363423863,0.264743618657
4.585253,0.640015018135,-0.848195833347,-0.143066654757,0.815679763638,0.16511828531,1.50319357983,0.264821381377
4.595240,0.634601850599,-0.847790351292,-0.143161483461,0.816382940785,0.165014318149,1.50246420748,0.264747762346
4.605226,0.629050631952,-0.847339670873,-0.143230155376,0.816288200744,0.165156189988,1.50214468398,0.264619062986
4.615213,0.623572484768,-0.847079170366,-0.143341969266,0.815788904441,0.165019754226,1.50230567513,0.264592019206
4.625200,0.618139047332,-0.847000703111,-0.143380592985,0.815649025724,0.16494283865,1.50232208847,0.264615995202
4.635186,0.612621969256,-0.846792014261,-0.14336099599,0.815284003011,0.165165923732,1.50236506632,0.264744073459
4.645173,0.606924688408,-0.846226247957,-0.143385336421,0.815052842791,0.165348021012,1.5027206664,0.264862405591
4.655159,0.601147492158,-0.84569326497,-0.143388403865,0.815067830936,0.165286985265,1.50310677849,0.264792941096
4.665146,0.595704025283,-0.845404787757,-0.143475728918,0.815178349259,0.16533350807,1.50342285264,0.264687748146
4.675132,0.590446339745,-0.845249684257,-0.143340171228,0.815358163879,0.16551258292,1.50383384912,0.264575823875
4.685119,0.585171186956,-0.845083922279,-0.142902067553,0.815079476969,0.165674514061,1.50404829751,0.264204965868
4.695106,0.579653532513,-0.845009556326,-0.142629572565,0.814496666458,0.165853934538,1.50402527396,0.263989604192
4.705092,0.573808328853,-0.845079068241,-0.142681373186,0.814263361736,0.166084393483,1.50412993764,0.264065991572
4.715079,0.568124945105,-0.845132815055,-0.142798774085,0.814469060007,0.166232876918,1.50436711801,0.264202300577
4.725065,0.562996656765,-0.84496904308,-0.142858838491,0.81463384955,0.166079308508,1.50438713219,0.264565788844
4.735052,0.557977469009,-0.844736824332,-0.142894306385,0.814442197369,0.16584540341,1.50414791634,0.265118138483
4.745039,0.552577794379,-0.844819140849,-0.142721284701,0.814267125395,0.166079420826,1.50406019821,0.26508176904
4.755025,0.547027289959,-0.844886490447,-0.142642839436,0.814406849309,0.166237873449,1.5041834941,0.264724815489
4.765012,0.541586075225,-0.844851929356,-0.142894837884,0.814420773479,0.166153304506,1.50412832224,0.264432049816
4.774998,0.53628132241,-0.844776309659,-0.142873479895,0.814366408408,0.165974447343,1.50388493407,0.264488909674
4.784985,0.53061715868,-0.844588713468,-0.142729193763,0.814273450253,0.165911212328,1.50341936041,0.264432495277
4.794972,0.524610114923,-0.844540199052,-0.142727618454,0.814331473747,0.165996111928,1.50343125589,0.264335748711
4.804958,0.519181775571,-0.844522118271,-0.142914859241,0.814412568164,0.166170865122,1.50393415333,0.264239048586
4.814945,0.513935838598,-0.844327229825,-0.143023002037,0.814673958205,0.166336839618,1.50435342027,0.264057193067
4.824931,0.508750331322,-0.843975140361,-0.143079794153,0.814984789205,0.166440715941,1.50455818385,0.263931092687
4.834918,0.504166260246,-0.843830647432,-0.143104850584,0.815117335566,0.166411576915,1.50458590816,0.264002718173
4.844904,0.499972271661,-0.843889887287,-0.142860365109,0.815234108954,0.166271671425,1.50462950669,0.264132708235
4.854891,0.495459296771,-0.843564854004,-0.142694444253,0.815406282446,0.166352087328,1.50498983673,0.263957584955
4.864878,0.490040593751,-0.843568156839,-0.142801286529,0.81584958621,0.166692794676,1.50507564858,0.263701537661
4.874864,0.484376718098,-0.843580277817,-0.142821183081,0.816008381351,0.166986924851,1.50504521749,0.263804746567
4.884851,0.479123878368,-0.843111225287,-0.142711958257,0.816065304666,0.167050489775,1.50515538006,0.263734035967
4.894837,0.47444009843,-0.842525305922,-0.142559212431,0.815855419479,0.167448820861,1.50532808089,0.263859943183
4.904824,0.469797223392,-0.842112058085,-0.142645577209,0.815229118926,0.167782884441,1.50575405967,0.2640081484
4.914811,0.464855736832,-0.84184540068,-0.142764188515,0.814970446302,0.167678589116,1.50635956251,0.263833720748
4.924797,0.459884260773,-0.841595908341,-0.142596430444,0.814989223464,0.167653749121,1.5067835532,0.263695223933
4.934784,0.454824202322,-0.841141611497,-0.14252985486,0.814730569244,0.167815701036,1.50704350938,0.263830009934
4.944770,0.44986046969,-0.840518874087,-0.142605792092,0.814383373363,0.168030548259,1.50707333515,0.263964283933
4.954757,0.445250373197,-0.840014313859,-0.142488922597,0.814334192004,0.168323879316,1.50681920965,0.263944059839
4.964744,0.440461217122,-0.839619673175,-0.142508324566,0.814515020131,0.168561378741,1.5067650584,0.263962829358
4.974730,0.435481191229,-0.839111340697,-0.142616496629,0.81506908039,0.168823295062,1.50690713328,0.263891629455
4.984717,0.430472503144,-0.838451506056,-0.142709551661,0.815836205902,0.169124415622,1.507045022,0.263809896183
4.994703,0.42596219307,-0.837790474961,-0.142796771614,0.815818724439,0.169480252564,1.50717542045,0.26374832957
5.004690,0.42157004452,-0.837246023112,-0.143002557028,0.815197791291,0.170058580233,1.507125197,0.264056821304
5.014676,0.416806924512,-0.836562007054,-0.143053647455,0.814679176404,0.170459281573,1.5070090052,0.26428095145
5.024663,0.412073560925,-0.835386420634,-0.143068662564,0.814633932529,0.171168952592,1.50706544553,0.264095785393
5.034650,0.407378551577,-0.834403045882,-0.142992482961,0.814491459757,0.17205696505,1.50692159094,0.263880642013
5.044636,0.402683979341,-0.833691197128,-0.142889615402,0.814350927486,0.172646419702,1.50646878683,0.263793230117
5.054623,0.398311305557,-0.833032805607,-0.14293215269,0.81450026602,0.173017356904,1.50621264697,0.26364352495
5.064609,0.394067675442,-0.832425034022,-0.143040784898,0.81461451543,0.173450657167,1.50621013397,0.263634167121
5.074596,0.389550133932,-0.831564973429,-0.14298799917,0.814497889369,0.17408811907,1.50588122223,0.264115411791
5.084583,0.385179595656,-0.830508973175,-0.142633527958,0.814315479272,0.174793464206,1.50542384314,0.264317970847
5.094569,0.380770997209,-0.8293830986,-0.142536153016,0.814117969658,0.175335922523,1.50528830388,0.263950099465
5.104556,0.376292856048,-0.828345916986,-0.142866265365,0.813727404656,0.175820123193,1.50541280308,0.263690546553
5.114542,0.371707504933,-0.827397644496,-0.142988823964,0.813322351777,0.176037458258,1.50554111484,0.263723427104
5.124529,0.367194283696,-0.826218561135,-0.142871925602,0.813171528027,0.176111807385,1.5056118515,0.263887904262
5.134516,0.362722260609,-0.825174588546,-0.142996015176,0.813022889644,0.176453097237,1.50549760694,0.263872889027
5.144502,0.35851883841,-0.824079311319,-0.143077953978,0.812749540639,0.176597266098,1.50545266534,0.263620225594
5.154489,0.354441669815,-0.822832478992,-0.143083961775,0.812638070507,0.17627159915,1.50552202126,0.263390500168
5.164475,0.350413450371,-0.821955309839,-0.143048307611,0.812543739095,0.176046942637,1.50530244605,0.263358071673
5.174462,0.346628441544,-0.821470795269,-0.143006638129,0.812269920277,0.176058294097,1.5046046885,0.263459282726
5.184449,0.342835811273,-0.820735810784,-0.143281536135,0.812105615522,0.175744714538,1.50380387818,0.263707126322
5.194435,0.338780123103,-0.819585361975,-0.143583861198,0.812066258191,0.175299499776,1.50333518008,0.26400682525
5.204422,0.334766671345,-0.818390581492,-0.143547350028,0.811899319667,0.175137059581,1.50302372335,0.263772404894
5.214408,0.330448778875,-0.817411363827,-0.143489968095,0.811504840123,0.175030474795,1.50275289725,0.263429899912
5.224395,0.325976099401,-0.81655448408,-0.143612253783,0.811056932463,0.1747259675,1.5027097062,0.263215310276
5.234381,0.321337486846,-0.815666918998,-0.143664655536,0.810642134708,0.1745805482,1.50265237887,0.263291809692
5.244368,0.316897670529,-0.814791536364,-0.14350857212,0.810006260811,0.174592933146,1.50258592327,0.263436350355
5.254355,0.312948466291,-0.813691273764,-0.143223849058,0.809399558659,0.174799102379,1.50244358726,0.263429266904
5.264341,0.309202959923,-0.812311578966,-0.143181117926,0.808792630427,0.175183612432,1.50249803321,0.263770098709
5.274328,0.305217314072,-0.811122645209,-0.143344642184,0.807892010992,0.175286328005,1.50267427318,0.263934775056
5.284314,0.301058902938,-0.81044555007,-0.143466561831,0.806760348922,0.175185677747,1.5030234042,0.263712840721
5.294301,0.297076416164,-0.809965983023,-0.143479572153,0.806086861648,0.175271582776,1.5037453448,0.263780940453
5.304288,0.292822305209,-0.80917883202,-0.143333088128,0.806258001307,0.175116742833,1.50384734576,0.263653171342
5.314274,0.288262957085,-0.80817108054,-0.143330611602,0.806019580278,0.174687005741,1.50315890596,0.263499380324
5.324261,0.284701905601,-0.807433294504,-0.14350898328,0.805324111551,0.173824595441,1.50291575664,0.263565733432
5.334247,0.28119860567,-0.806914262877,-0.143987597182,0.80426928918,0.172522586406,1.50302458565,0.263722305584
5.344234,0.277525704759,-0.806419958903,-0.144492186799,0.803177133995,0.171411713117,1.50306647029,0.263722124014
5.354221,0.273378269972,-0.805675108687,-0.144398959364,0.80265366136,0.170550708511,1.50296406288,0.263753116657
5.364207,0.268963890556,-0.80517545742,-0.144078436282,0.80169842281,0.169795661689,1.50267123787,0.26398065194
5.374194,0.264622384035,-0.804820176435,-0.144011036796,0.800582712573,0.169202987983,1.50212532532,0.263770866487
5.384180,0.260790250578,-0.804530804264,-0.143692244371,0.799850193407,0.168516796695,1.50147538149,0.263466899611
5.394167,0.25726855391,-0.804361841436,-0.143140640128,0.799122948503,0.167959352356,1.50118095156,0.263491797189
5.404153,0.253289272557,-0.804144894657,-0.142907746247,0.798211170333,0.167936521357,1.50102558016,0.263348756726
5.414140,0.248956228492,-0.803861892112,-0.142812499145,0.7971874024,0.168131702036,1.50047104759,0.263083286878
5.424127,0.244785260651,-0.803450701671,-0.142925860924,0.796039027392,0.16853544577,1.50026739952,0.263284320787
5.434113,0.240811145432,-0.803073629441,-0.143337739803,0.795143259709,0.168827215685,1.49991902629,0.263630335783
5.444100,0.236877895419,-0.802754901663,-0.143485572949,0.794210637772,0.168836732518,1.49968016584,0.263711360663
5.454086,0.232639110004,-0.802926826141,-0.143204020639,0.792734017461,0.16888155358,1.499377953,0.263611119143
5.464073,0.228442133432,-0.80300805295,-0.142914374128,0.791150813427,0.168939213089,1.49901769261,0.263417320096
5.474060,0.224369396911,-0.802760077909,-0.143108610213,0.789908755913,0.169296780695,1.49873010879,0.263321667647
5.484046,0.220111527761,-0.802481773469,-0.143316210157,0.788651740809,0.169757118596,1.49862235867,0.263312381571
5.494033,0.215800310602,-0.802250511722,-0.143383426468,0.78697863594,0.170285884854,1.49877207565,0.26330596681
5.504019,0.211545906092,-0.80188849805,-0.143493898898,0.785101355418,0.171159823341,1.49923027013,0.263301477272
5.514006,0.207173891992,-0.801445008417,-0.143465898871,0.783331724963,0.172155126506,1.49960152291,0.263333617061
5.523993,0.202678166729,-0.801252872011,-0.143295074393,0.781574913794,0.172863977459,1.49933489574,0.26349519583
5.533979,0.198262882615,-0.801190432087,-0.143571752615,0.779867783045,0.173437221967,1.49884155133,0.263744105924
5.543966,0.193943540865,-0.800943342229,-0.144012713617,0.778370214564,0.173941194562,1.49860091997,0.26373613297
5.553952,0.189692127507,-0.800484169426,-0.143813518049,0.777082094608,0.174456545302,1.49861285418,0.26352183396
5.563939,0.185700057367,-0.800147616806,-0.143548428408,0.775621336355,0.174763565432,1.49860974673,0.263574778774
5.573925,0.181694359159,-0.799867759728,-0.143492441265,0.773852364379,0.174851635276,1.49837303822,0.263660733833
5.583912,0.177402409078,-0.799584534606,-0.143986586741,0.771836442676,0.174987826633,1.49830101113,0.263789848225
5.593899,0.173040808874,-0.799750907504,-0.14407057918,0.769793707993,0.175293493012,1.4982146992,0.264020268155
5.603885,0.168558742394,-0.799489141622,-0.143526044409,0.767864024402,0.17551895993,1.49820138136,0.26395635041
5.613872,0.163951396176,-0.799018114859,-0.143022081408,0.76607677797,0.175783127542,1.49845700435,0.263725300783
5.623858,0.159521858934,-0.799272599093,-0.142994546555,0.764581256866,0.175880317702,1.49863775326,0.263547081661
5.633845,0.155187627001,-0.799409014504,-0.14326833074,0.763143302666,0.175451168864,1.49866152593,0.26355261772
5.643832,0.150612593352,-0.798850498586,-0.14320362759,0.76121665084,0.175256543767,1.49891295988,0.263926772321
5.653818,0.146158905417,-0.798549112495,-0.143145357135,0.7596097947,0.175340924899,1.49899410021,0.26369158684
5.663805,0.141807175361,-0.798057455727,-0.143282752504,0.758391602915,0.175519897819,1.49889811912,0.263559913083
5.673791,0.13776641238,-0.797874943549,-0.143343525257,0.757046271064,0.175576149753,1.49908713593,0.263377448255
5.683778,0.133463803712,-0.7977759252,-0.143344425711,0.755915359844,0.175546766506,1.49948610232,0.26307739993
5.693765,0.129133039737,-0.797375284222,-0.143345317114,0.75492375078,0.1753381037,1.49942904608,0.263087930382
5.703751,0.125145530173,-0.796665920717,-0.143346199271,0.753723431589,0.174910815856,1.49940572658,0.263187694318
5.713738,0.120954049857,-0.796148475596,-0.143347072649,0.75262637422,0.174910689593,1.49944536745,0.263290666677
5.723724,0.11648663112,-0.795953365736,-0.14334793733,0.751291563523,0.175139526707,1.49928493841,0.263471515549
5.733711,0.112167044083,-0.795797303313,-0.143348793395,0.749746562693,0.175044946052,1.49920445695,0.263387771842
5.743697,0.108041193361,-0.795609342192,-0.14334923456,0.748770435392,0.174710585949,1.49943152477,0.263232151894
5.753684,0.103789213306,-0.795390558251,-0.143324596252,0.748132962183,0.174549568451,1.49969362429,0.263628654844
5.763671,0.0993895572578,-0.79485240064,-0.143203251644,0.747531602656,0.17490253219,1.49976191011,0.263718696312
5.773657,0.0953361808663,-0.794267443522,-0.143055076746,0.747198103358,0.174953531626,1.49985840239,0.26344576354
5.783644,0.0913656770608,-0.794053993467,-0.143192409995,0.746799369842,0.175054017089,1.49958946919,0.263127095414
5.793630,0.0873371602428,-0.79373075276,-0.143553727343,0.746403421116,0.174936926993,1.49941078744,0.263037573584
5.803617,0.0828805465574,-0.792975301424,-0.143609528478,0.745702871765,0.174396087475,1.49918878638,0.263398493931
5.813604,0.0787877642556,-0.792655958987,-0.143546690367,0.745098538237,0.173700447659,1.49861365463,0.263710221504
5.823590,0.0750432785536,-0.792710016257,-0.144039885485,0.744825987912,0.173222886995,1.49825805122,0.263640396462
5.833577,0.0715309267203,-0.79241588288,-0.144121076579,0.744246709944,0.173282869421,1.49808451016,0.263414461941
5.843563,0.0678418771971,-0.791789526557,-0.143543189941,0.743648716713,0.173590338172,1.49765017571,0.263053233395
5.853550,0.0634570930407,-0.791233813085,-0.143224374658,0.743836301271,0.17373029082,1.49726369586,0.262674263875
5.863537,0.0591207893512,-0.790712732881,-0.143161615247,0.744205462124,0.173822307347,1.49724413854,0.26282806186
5.873523,0.0553933791755,-0.790039684137,-0.14334183303,0.743944251221,0.173866031385,1.49714339251,0.263224013482
5.883510,0.0516489963344,-0.789340993975,-0.143457528748,0.743545489915,0.1739732068,1.49735804919,0.263170272312
5.893496,0.0476645824073,-0.788656035874,-0.143463378752,0.743311349477,0.173729775234,1.49757631324,0.263210604308
5.903483,0.0442726164761,-0.788033238131,-0.143237031812,0.743473079258,0.173752201742,1.49732363209,0.263386684991
5.913469,0.0408070980334,-0.787467771612,-0.14327203621,0.743378812742,0.174056337256,1.49754006126,0.263398418671
5.923456,0.0368844299864,-0.786793133748,-0.14342724796,0.743045719153,0.173987193387,1.49734116003,0.263267573271
5.933443,0.0330559679891,-0.78624207498,-0.143558734926,0.742818142118,0.173695096736,1.49706629183,0.26333300604
5.943429,0.0295055170245,-0.785498683992,-0.143559512854,0.742818922716,0.173513808297,1.49711232706,0.263402357652
5.953416,0.0257976798503,-0.784688821918,-0.143507767496,0.742808224553,0.17338429959,1.49693300145,0.263293072468
5.963402,0.0218650636542,-0.784090530246,-0.143460422974,0.742706134229,0.173367098781,1.49661877275,0.263305109929
5.973389,0.0182017243844,-0.783278418796,-0.143499110842,0.74283315948,0.173524618379,1.4965759268,0.263546083169
5.983376,0.0147680010077,-0.782396594765,-0.143887017874,0.743008737795,0.173522956563,1.49656905952,0.263542238298
5.993362,0.0111344371402,-0.781679274442,-0.14382508222,0.742943994698,0.173443961022,1.49654454372,0.26340433499
6.003349,0.00714017207974,-0.781064797072,-0.143845878626,0.742779490082,0.173450757947,1.49640979722,0.263593644497
6.013335,0.0035441231606,-0.780500933159,-0.143863987323,0.742812499864,0.17376680739,1.49600633432,0.26361567133
6.023322,0.000259692765593,-0.779909947527,-0.14355745531,0.743016929587,0.173923977603,1.49531454051,0.26371200751
6.033309,-0.00318955255319,-0.779701919671,-0.143368480032,0.74311217242,0.173921726878,1.49452457399,0.263675959232
6.043295,-0.00691121976369,-0.779317222718,-0.143313229885,0.743014057956,0.173916116357,1.49396309998,0.263296988695
6.053282,-0.0105957408472,-0.778589540546,-0.143186528069,0.742726095018,0.17387003283,1.4931403815,0.262996769297
6.063268,-0.0138673912656,-0.777810052847,-0.143169831284,0.742615996958,0.173789107322,1.49211645596,0.262817254664
6.073255,-0.01689604489,-0.777217499977,-0.143231349706,0.742758166836,0.173924675591,1.4911252831,0.262722048268
6.083241,-0.020137451007,-0.776718736451,-0.143294168504,0.742785532994,0.174231549099,1.48973005221,0.262972296772
6.093228,-0.0234056072414,-0.775877618655,-0.143394870008,0.742795662708,0.174166987876,1.48783343561,0.263340853313
6.103215,-0.026356789581,-0.775181988141,-0.143097878875,0.742788078883,0.17408896775,1.48565867749,0.263366918968
6.113201,-0.02920358423,-0.774699668824,-0.143119102845,0.742753792431,0.174245369892,1.48355563492,0.263175834077
6.123188,-0.0324134446163,-0.77446499446,-0.14340093473,0.742910906748,0.174382379872,1.48184073477,0.262862862232
6.133174,-0.0356779306103,-0.774041127277,-0.143666152881,0.743555984519,0.174500576341,1.4800856776,0.262826074645
6.143161,-0.038879782592,-0.773244383026,-0.143697670476,0.74378385453,0.174389614726,1.4782359554,0.262718026324
6.153148,-0.0418380814355,-0.772503059868,-0.143506751102,0.743718305063,0.174232459657,1.47664410194,0.262605418852
6.163134,-0.0450825876953,-0.772025716241,-0.143383493168,0.743361572193,0.174096952837,1.47489377545,0.26250332483
6.173121,-0.0483121065481,-0.771629226718,-0.143334590268,0.743169207514,0.174123040381,1.47331124562,0.262212077151
6.183107,-0.0508288569041,-0.771099598612,-0.143182635272,0.743448505168,0.174296981042,1.47183405662,0.262050185185
6.193094,-0.0531263742869,-0.770444096627,-0.142983975347,0.74364594702,0.174424005607,1.47001737032,0.26221307032
6.203081,-0.0559471428102,-0.769892565238,-0.142837999451,0.743634045397,0.174523461867,1.46860581187,0.262315788702
6.213067,-0.0587819457496,-0.769537005387,-0.142664467454,0.743445465397,0.174555542876,1.46742811722,0.262254739181
6.223054,-0.0612334745826,-0.769267234203,-0.142738489099,0.743245024645,0.174690733445,1.46593535466,0.261792176388
6.233040,-0.0633193152906,-0.768939393597,-0.143011916371,0.743369626448,0.174394323365,1.46467409247,0.261377302061
6.243027,-0.0651194578222,-0.768251803159,-0.143221994983,0.743277239351,0.17411607657,1.46391032753,0.261028263305
6.253013,-0.0676348855627,-0.767554952246,-0.14323023825,0.743439620596,0.173898201637,1.46352567483,0.260743817393
6.263000,-0.0703331502251,-0.766793976384,-0.143411225632,0.743458976289,0.174166612007,1.46332177967,0.26068525449
6.272987,-0.0724154378584,-0.766651106464,-0.143323679153,0.743404482619,0.174150353903,1.46304837583,0.260716613181
6.282973,-0.074193106772,-0.766773359734,-0.143198920264,0.743575911088,0.173981998405,1.46307784943,0.260343581385
6.292960,-0.0759969608961,-0.766771769835,-0.143240217622,0.743770388568,0.174266044991,1.46327674975,0.259893905652
6.302946,-0.0775998239733,-0.766770035733,-0.143315600422,0.743933438582,0.17458005157,1.463470761,0.259846245046
6.312933,-0.0789935829175,-0.766503540531,-0.143438560384,0.744109478139,0.17450999585,1.46409880314,0.259863212455
6.322920,-0.0808804883007,-0.766358549892,-0.143198126533,0.744058507999,0.174413245065,1.46467272143,0.259995320915
6.332906,-0.0828630232732,-0.766238936567,-0.143224495218,0.744092414301,0.174463339053,1.46505344167,0.260251013509
6.342893,-0.0843166289131,-0.765861526074,-0.143152441172,0.744506329341,0.174331605138,1.46532796101,0.260227696874
6.352879,-0.0855542954674,-0.765828691486,-0.143132759256,0.744721531602,0.174328803049,1.46554557552,0.259719738429
6.362866,-0.0869630794896,-0.765492998207,-0.142886061645,0.744604533897,0.174461563333,1.4658784052,0.259583329997
6.372853,-0.0881795598116,-0.765553076282,-0.142887873565,0.744948427093,0.174359275226,1.46587353243,0.259920306466
6.382839,-0.0892887415776,-0.766089033656,-0.143046623698,0.745105050652,0.174200264047,1.46566672826,0.259955492823
6.392826,-0.0906098173934,-0.766021014429,-0.143221941801,0.744995894909,0.174058946302,1.46531471812,0.259792472903
6.402812,-0.0918313446503,-0.765764424837,-0.143303845659,0.744959487573,0.174031801243,1.4650134878,0.259621845732
6.412799,-0.092966136878,-0.765818679762,-0.143030833792,0.744847620936,0.174040697253,1.46495699691,0.259452637545
6.422785,-0.0942006880677,-0.765515171734,-0.142659555714,0.744758960807,0.173891047966,1.46480886623,0.259451196489
6.432772,-0.095061686419,-0.765257976935,-0.142614644827,0.744701785105,0.173984951247,1.46452884948,0.259550626725
6.442759,-0.096044295846,-0.765555598551,-0.14262926135,0.744318345354,0.174196384298,1.46447866937,0.25966925806
6.452745,-0.0970385897715,-0.765404287591,-0.14273391768,0.744045981031,0.174328672775,1.46464870645,0.259695656533
6.462732,-0.0978867326058,-0.765380895092,-0.143004219363,0.743741644405,0.174438732149,1.46445536767,0.259954125011
6.472718,-0.098436624041,-0.765151102618,-0.143221739906,0.743853909167,0.174254235362,1.46441893864,0.259977384249
6.482705,-0.0990529640109,-0.76477354998,-0.143129784961,0.744213493704,0.173952193054,1.46426736942,0.260021398848
6.492692,-0.0999032866181,-0.765033902486,-0.143159270436,0.744567236861,0.173795620452,1.46401513608,0.259889413683
6.502678,-0.10065324818,-0.765561185002,-0.14364815808,0.744838692506,0.173649264255,1.4640986744,0.259590186737
6.512665,-0.101133510337,-0.765552243398,-0.143960965653,0.744773129071,0.17359484216,1.46436825406,0.259500058471
6.522651,-0.101537465586,-0.765177571571,-0.143957478288,0.744387687467,0.173449117658,1.46445162647,0.25977785025
6.532638,-0.102262458831,-0.76477519601,-0.143992358344,0.744292710182,0.173078110222,1.46452813275,0.260102446541
6.542625,-0.103251129028,-0.764344360583,-0.143849990589,0.744751467356,0.17289747188,1.46473151409,0.259920989736
6.552611,-0.103683290491,-0.764685674244,-0.144007571074,0.744940162544,0.172587977513,1.46428410551,0.259641167472
6.562598,-0.103903617551,-0.765180633524,-0.144219550617,0.74497104094,0.172316542017,1.46372947234,0.259849921821
6.572584,-0.104530047254,-0.765128301284,-0.143953230111,0.745225660325,0.172073612272,1.46375659018,0.260185228565
6.582571,-0.104683529706,-0.76432823974,-0.143855247458,0.745127603766,0.17153647447,1.4639633522,0.260397803153
6.592557,-0.104859247552,-0.76415656005,-0.144008043349,0.744884919557,0.170933734324,1.4643146458,0.260296029398
6.602544,-0.105367094065,-0.763983236,-0.143961420421,0.744931742851,0.170625765135,1.4643337072,0.260277969355
6.612531,-0.10576755799,-0.763706649876,-0.14394365952,0.744879917656,0.170295529096,1.4642180092,0.260592690597
6.622517,-0.10595563108,-0.763526050748,-0.143778298678,0.744814518678,0.170205837414,1.46424252344,0.260646006843
6.632504,-0.1062321604,-0.763290183309,-0.143591278786,0.745054720214,0.170439190377,1.46436716538,0.260259173452
6.642490,-0.106575217914,-0.762915287102,-0.143624498122,0.745151138757,0.17036462041,1.46443245576,0.260150958214
6.652477,-0.106699545529,-0.762573219405,-0.143584983517,0.744850335394,0.169976480117,1.46436204756,0.260515942446
6.662464,-0.106851223417,-0.762901639757,-0.143857284891,0.745104285229,0.169796781711,1.46442639436,0.260680253203
6.672450,-0.106783020428,-0.762963478985,-0.143996924729,0.745524315455,0.169507969914,1.46427829558,0.260859646221
6.682437,-0.106725144123,-0.762713807318,-0.143796943307,0.745311072871,0.169327151758,1.46429234765,0.260752798921
6.692423,-0.107144313213,-0.762041854961,-0.143711722336,0.745226110646,0.169447922193,1.46442080012,0.260356784192
6.702410,-0.107602131025,-0.761564587938,-0.144117381802,0.745387261824,0.169481632434,1.46425907065,0.260283220782
6.712397,-0.107513427604,-0.761421909308,-0.143989715076,0.745386784124,0.169240765544,1.4640042523,0.260724438916
6.722383,-0.107760573714,-0.761274154599,-0.14356616085,0.745607121995,0.169011170585,1.46414781095,0.261113913093
6.732370,-0.10792749763,-0.761242632947,-0.143414001111,0.745715029509,0.169208387398,1.46461970871,0.261094632135
6.742356,-0.107612443552,-0.761058503176,-0.143430567698,0.745610168798,0.169544287354,1.46486831126,0.260945200516
6.752343,-0.107383826604,-0.760585617495,-0.143569392019,0.74573675844,0.169754625122,1.46452374803,0.260928957321
6.762329,-0.107287560035,-0.760341289711,-0.143751758403,0.745908720756,0.170152616949,1.46416526131,0.260955807978
6.772316,-0.106919737017,-0.760224070476,-0.143677396523,0.745739135759,0.17026341431,1.46440205917,0.261152214803
6.782303,-0.106290108311,-0.7601330732,-0.143580512354,0.745517610365,0.169812596376,1.46436356796,0.261365702435
6.792289,-0.106240926346,-0.760372225909,-0.143797350796,0.745743168723,0.169780415147,1.46443623638,0.261066469379
6.802276,-0.106479361101,-0.760661910845,-0.143928904668,0.745750913939,0.169775385471,1.46437356799,0.260926019624
6.812262,-0.106207851522,-0.7607965123,-0.143560134492,0.745819085332,0.169984563539,1.4644856002,0.260976296961
6.822249,-0.105890348428,-0.760834006187,-0.143232310532,0.745765596001,0.169786351419,1.46454557357,0.261136196919
6.832236,-0.105626403984,-0.760263038709,-0.14342193564,0.745806407943,0.169550156753,1.46435518207,0.261094963028
6.842222,-0.105993855842,-0.760075922715,-0.143375212367,0.745765047699,0.1695069031,1.46424948481,0.26107239911
6.852209,-0.106381279433,-0.760300854513,-0.143322646475,0.745623082347,0.16937269591,1.46437019888,0.26089799361
6.862195,-0.106110929937,-0.760090574419,-0.143855321334,0.745611598693,0.169321109679,1.46436053222,0.260582688674
6.872182,-0.105949990275,-0.759958338239,-0.144177091747,0.745600537573,0.169400159453,1.46390600081,0.260697584374
6.882169,-0.105800820605,-0.760329648418,-0.143632665437,0.745502944622,0.169431078336,1.46329080587,0.261093167139
6.892155,-0.105475785409,-0.760406683784,-0.143356051382,0.745388968216,0.16971061193,1.4631952167,0.261262053198
6.902142,-0.105803378554,-0.76041198531,-0.143744985064,0.745469478256,0.169607301631,1.46383447065,0.260931156378
6.912128,-0.105571131828,-0.76041722477,-0.144029956953,0.745406521894,0.169544255237,1.46390232469,0.261269663558
6.922115,-0.104953535409,-0.760426532019,-0.144007358477,0.745531229576,0.169593202418,1.46382100102,0.261737400625
6.932101,-0.105037860302,-0.760470012637,-0.144150686695,0.745634341264,0.169715497489,1.46386628738,0.261529754561
6.942088,-0.105317505248,-0.760602666512,-0.143660245343,0.745600940326,0.169471737477,1.4641039701,0.261334264311
6.952075,-0.105664172381,-0.760475243421,-0.143500632625,0.745454923838,0.169423483905,1.46441792197,0.261442062927
6.962061,-0.105943173634,-0.760677061903,-0.143797630886,0.74546830149,0.169721312416,1.46455146796,0.261291565463
6.972048,-0.105944493323,-0.761148918375,-0.143991389775,0.745589239539,0.169885815446,1.46439809471,0.261127782787
6.982034,-0.105918963336,-0.7610786447,-0.14428130986,0.745381395995,0.169788573006,1.46410768328,0.261395836232
6.992021,-0.105883142633,-0.76089886944,-0.144259917692,0.745189874971,0.169674602864,1.46410736326,0.261508964225
7.002008,-0.105737118097,-0.761068159429,-0.143683340693,0.745449211853,0.169639034829,1.4644786501,0.261309456944
7.011994,-0.105333592694,-0.761389638207,-0.14333643589,0.745338418664,0.169200715308,1.46440551208,0.261090891469
7.021981,-0.104910619735,-0.761173337471,-0.143563098532,0.745282076201,0.169081581727,1.46406572871,0.26074446122
7.031967,-0.105040953959,-0.760736386328,-0.143630427247,0.74534334165,0.169630373901,1.46416529722,0.260788678759
7.041954,-0.105443417172,-0.760756382036,-0.14390482341,0.745552349563,0.169965872339,1.46442632594,0.260881515534
7.051941,-0.105207925962,-0.7609460915,-0.143928726288,0.745629842581,0.170092703536,1.46429976745,0.260808283682
7.061927,-0.104805634753,-0.761295760472,-0.143802146119,0.745416158835,0.16981382509,1.46398472641,0.260466327195
7.071914,-0.104932728472,-0.761403457478,-0.143745059481,0.745099998209,0.169328762965,1.46382763522,0.260386982978
7.081900,-0.105103485683,-0.761131300268,-0.143502720886,0.74492219681,0.16902440106,1.46381525058,0.260793012539
7.091887,-0.105060251594,-0.761035551262,-0.143527201975,0.744908460748,0.169086102122,1.46381552261,0.260932261931
7.101874,-0.105204901704,-0.761005430754,-0.144106116741,0.744921015245,0.169478901608,1.46382519416,0.260674526964
7.111860,-0.105009309849,-0.760703011705,-0.144169893386,0.745036959777,0.169540727226,1.46392987586,0.260834599937
7.121847,-0.104659194773,-0.760741771794,-0.143996789264,0.745315208808,0.169623619283,1.46414965244,0.260877631173
7.131833,-0.104803798572,-0.760594733711,-0.143648125661,0.745305818955,0.16975464513,1.46429132179,0.26088196208
7.141820,-0.105064619958,-0.760520505602,-0.143706885566,0.744728571563,0.169560778001,1.4645590184,0.260941614999
7.151806,-0.105050272125,-0.760529513869,-0.143845981112,0.745025217814,0.169257660472,1.46481317241,0.26114541492
7.161793,-0.104654953363,-0.760604084203,-0.144018414368,0.745564784795,0.169180411355,1.46464703853,0.261184470321
7.171780,-0.104607158446,-0.7609944374,-0.143981371323,0.745668547362,0.169344250013,1.46413724121,0.260796211883
7.181766,-0.104894855854,-0.76126531617,-0.144016588927,0.745502187228,0.169364418038,1.46388977729,0.260479977395
7.191753,-0.105032689838,-0.761152952393,-0.144151499903,0.745339763648,0.169504262072,1.46417938007,0.260338437603
7.201739,-0.10489186917,-0.7610803238,-0.144030234617,0.745340433149,0.169734151958,1.46452020364,0.260413304782
7.211726,-0.104667542769,-0.761031721061,-0.143834681436,0.745451562295,0.169668513704,1.46432404582,0.260684128044
7.221713,-0.10461590494,-0.760645110399,-0.143908131286,0.745555312399,0.169645613958,1.46390838666,0.260526121924
7.231699,-0.104511004015,-0.760748682384,-0.144025061415,0.745301242881,0.169260078346,1.46401435271,0.260572179504
7.241686,-0.104360495981,-0.761098861941,-0.143795381764,0.745181932468,0.169223467179,1.46443797635,0.260713224703
7.251672,-0.104540564983,-0.760974738855,-0.14357362719,0.745479064646,0.169433190557,1.46452017839,0.260634875134
7.261659,-0.104781799723,-0.76067137552,-0.143741950952,0.745498396495,0.169482116037,1.46425986919,0.260751724597
7.271646,-0.104696399359,-0.760533024816,-0.144059444955,0.74556569388,0.169339013975,1.46394239932,0.260827183353
7.281632,-0.104730198221,-0.760366578115,-0.144152523975,0.745460761025,0.169586157108,1.46384934287,0.260656291197
7.291619,-0.104717164805,-0.760432130641,-0.143976684964,0.745171339904,0.16965883406,1.464025203,0.260694595566
7.301605,-0.104853340836,-0.760711159062,-0.143815600386,0.745200656935,0.169354225175,1.46418744811,0.260845527064
7.311592,-0.10504176046,-0.760626624654,-0.143814644226,0.745626958673,0.169144831494,1.4642152787,0.260859320913
7.321578,-0.104834334633,-0.760263517846,-0.143928241294,0.745816794583,0.169030578898,1.46431915333,0.260858429581
7.331565,-0.104491834658,-0.760426037181,-0.144044149638,0.745541759102,0.169135706829,1.46432099009,0.260857547809
7.341552,-0.104102716476,-0.760778019824,-0.143949681069,0.74568754253,0.169736963228,1.46392285631,0.260861924536
7.351538,-0.104580440725,-0.760748486142,-0.144039145491,0.74565884614,0.169585965835,1.46389672305,0.260932080893
7.361525,-0.104778260617,-0.760897534588,-0.143957152495,0.745377729924,0.168852154166,1.46411277354,0.261022557905
7.371511,-0.104809163904,-0.760988693494,-0.144085949997,0.745035114972,0.168972711811,1.46419857457,0.260729253628
7.381498,-0.104973906029,-0.7609916409,-0.144223798371,0.744821926128,0.169331948346,1.46416554114,0.260727829883
7.391485,-0.104899777469,-0.76099455228,-0.144374403847,0.745346844488,0.169095375312,1.46398712074,0.260817609764
7.401471,-0.104892050276,-0.760996679248,-0.144161205742,0.745946903639,0.169150675744,1.46401354887,0.260588246542
7.411458,-0.104711476665,-0.760981884441,-0.144020149715,0.746115873417,0.16911592859,1.46401407398,0.260131144279
7.421444,-0.104513908634,-0.760864767852,-0.144172088302,0.746010880813,0.168799342412,1.46398253312,0.260054939162
7.431431,-0.104761271527,-0.760914985109,-0.144199833306,0.746051005838,0.168881095265,1.4640349449,0.260414603076
7.441418,-0.104670370835,-0.761218328741,-0.144308824713,0.746254887846,0.16899895606,1.46384168818,0.260465533997
7.451404,-0.104205486627,-0.761054986692,-0.144530899531,0.746066738743,0.169009725171,1.46380697665,0.260561742309
7.461391,-0.104328515846,-0.760931525981,-0.144575387973,0.746416494825,0.169561880508,1.46372529486,0.260774173718
7.471377,-0.104073574405,-0.76078211372,-0.144511675786,0.746622295256,0.170061605285,1.46350667819,0.260709263887
7.481364,-0.104057176757,-0.760915199641,-0.144342448504,0.746941189934,0.169965573313,1.46342464685,0.260324795375
7.491350,-0.103931600304,-0.760983496949,-0.144383329996,0.747436020875,0.16971908577,1.46346225465,0.260301728841
7.501337,-0.103799534759,-0.760776567313,-0.144108457539,0.747437818575,0.169966353902,1.46369756709,0.260287304039
7.511324,-0.103739357028,-0.760622510823,-0.143992296918,0.747138475847,0.169867041714,1.46402568245,0.260670653562
7.521310,-0.103379663131,-0.760444155771,-0.143803074642,0.747152049622,0.169762392059,1.4641872835,0.260640168678
7.531297,-0.103017855935,-0.760272170827,-0.14364336228,0.747341103676,0.170052685056,1.46418686182,0.260457653017
7.541283,-0.102979272289,-0.760266117016,-0.144052156151,0.747623770637,0.17013344705,1.46405470846,0.260797418146
7.551270,-0.103061330059,-0.760380010461,-0.144284859566,0.748062409676,0.169934465792,1.46383805435,0.260836792745
7.561257,-0.102893310359,-0.760607420596,-0.14389285866,0.748213108589,0.169808304909,1.46381083541,0.26073735215
7.571243,-0.10235681169,-0.760648445141,-0.143887324338,0.748351256169,0.169586853633,1.46381329775,0.260510428702
7.581230,-0.102714046828,-0.760518202929,-0.144042324892,0.748130263117,0.169589335539,1.46387955726,0.260381698497
7.591216,-0.102247552667,-0.760186513078,-0.14395380053,0.747986541261,0.169706558165,1.46404652626,0.260214066124
7.601203,-0.102236516664,-0.760428513893,-0.144035252947,0.748468175376,0.169447077092,1.46392663575,0.260332310772
7.611190,-0.102169704581,-0.760711621552,-0.143939337302,0.748440879762,0.169689544092,1.46378560466,0.260447652706
7.621176,-0.101449427974,-0.761075194857,-0.143852039579,0.748585957004,0.170286865771,1.46358313689,0.260448651517
7.631163,-0.101176804172,-0.761003183529,-0.144206061459,0.748893546068,0.17006120536,1.46341545827,0.26046456914
7.641149,-0.101463298178,-0.760550543825,-0.144560451896,0.74908711717,0.169582042732,1.46324566634,0.260610448624
7.651136,-0.101660508883,-0.760595734697,-0.144713218737,0.749400505319,0.169688102168,1.46305397828,0.260664199366
7.661122,-0.101666907246,-0.760890010987,-0.144701470359,0.749410519936,0.170124758354,1.46303313565,0.260476172107
7.671109,-0.101554068041,-0.760817500959,-0.144476393059,0.749186236577,0.17039716805,1.4630353797,0.260550132346
7.681096,-0.101231010129,-0.760922996499,-0.144765929066,0.749476556455,0.169938216944,1.46312000396,0.260774434352
7.691082,-0.100938085147,-0.760830199281,-0.144655771824,0.749368639884,0.169739643548,1.46327501922,0.260758573461
7.701069,-0.100799186034,-0.761032846665,-0.144578941143,0.749349251404,0.170049538504,1.46318462713,0.260481633793
7.711055,-0.100649330251,-0.761307323371,-0.144538876263,0.749569014765,0.169939905968,1.46330884887,0.260207906979
7.721042,-0.100912157722,-0.761181362035,-0.144323173575,0.749683041163,0.169442648152,1.46339744145,0.260310878125
7.731029,-0.100780501812,-0.760868948505,-0.144236528763,0.74972277386,0.169584541565,1.46320988645,0.260417466552
7.741015,-0.100813603436,-0.760874778181,-0.144604930777,0.750049833821,0.169712844091,1.46323409114,0.260266362086
7.751002,-0.100636087397,-0.760704755847,-0.144950225823,0.749912254724,0.169872223139,1.46322681278,0.260428367907
7.760988,-0.100227378503,-0.760360264687,-0.145099390087,0.749640528376,0.169947801571,1.46305332837,0.26078961457
7.770975,-0.100259691473,-0.760557222664,-0.144948916309,0.749649090629,0.169568097501,1.46303363412,0.260828590316
7.780962,-0.100358712839,-0.760807741835,-0.144398023507,0.749329792872,0.169518126543,1.46303476076,0.260826961667
7.790948,-0.101095568696,-0.760595187983,-0.14443798861,0.749918074332,0.169517991234,1.46312303805,0.260739113396
7.800935,-0.101543869256,-0.760873840641,-0.144337460197,0.750076550743,0.16951717426,1.46327671769,0.260657252141
7.810921,-0.101714412204,-0.760851359276,-0.144548436195,0.750135085903,0.169459204247,1.46312343469,0.260918483054
7.820908,-0.101270469994,-0.760902173911,-0.144818757625,0.750357278877,0.169279036684,1.46299224346,0.260736996415
7.830894,-0.100659620638,-0.760600708957,-0.144760649993,0.750492323762,0.169389058556,1.46277363712,0.260905081377
7.840881,-0.100843128734,-0.760582825738,-0.145039804749,0.750666761481,0.169458095341,1.46270478534,0.260750046598
7.850868,-0.101292463089,-0.760899366644,-0.145142811505,0.750423005932,0.168939512152,1.46326712146,0.260649723117
7.860854,-0.101271828819,-0.760901267423,-0.14517811966,0.750126644144,0.169124511291,1.46357477362,0.26062443088
7.870841,-0.100795105134,-0.760724990003,-0.14549783538,0.750405414632,0.169665048318,1.46328171479,0.260460241154
7.880827,-0.100365296017,-0.760585045387,-0.145721603171,0.750939740902,0.169406899733,1.46305414488,0.260567974315
7.890814,-0.100519260921,-0.760465025967,-0.145745062713,0.751109105647,0.169156992124,1.46292608786,0.260793637252
