time,right_s0,right_s1,right_e0,right_e1,right_w0,right_w1,right_w2
0.545541,0.497703726988,-0.63354319688,-0.0287785854625,1.03362278694,0.0680291512268,1.22614211003,-0.353339107401
0.555529,0.498252575821,-0.632251381389,-0.0276158723548,1.03377476353,0.0680596167418,1.2270890603,-0.352713360932
0.565517,0.498358853583,-0.630725945562,-0.026645085863,1.03473282444,0.0682230521126,1.22836634232,-0.351901311872
0.575506,0.498904190297,-0.629304349819,-0.0258462159853,1.03507187209,0.0681534841701,1.22886159501,-0.351339697882
0.585494,0.499380272043,-0.628671970341,-0.0243885182628,1.03552655107,0.0682317695708,1.22958814541,-0.350596624261
0.595482,0.499821391845,-0.627833506243,-0.0231220007562,1.03593961218,0.0687000032246,1.23030135879,-0.350815270949
0.605470,0.499990724949,-0.626316313541,-0.0223157958437,1.03597927318,0.0689903612199,1.23113048896,-0.350607425625
0.615458,0.500093635028,-0.625483212677,-0.0215011878326,1.03644075075,0.0688553947107,1.23163188986,-0.350178244931
0.625447,0.500106887824,-0.624737454703,-0.0205777931428,1.03672346027,0.0684267778856,1.23212921197,-0.349747554819
0.635435,0.499904173179,-0.623854853211,-0.0195319783709,1.03697427227,0.0683025888244,1.2331380333,-0.34950428827
0.645423,0.500439667474,-0.623078724823,-0.0187336772403,1.03757278547,0.0684867905983,1.23418828616,-0.348904657262
0.655411,0.501170097777,-0.622207419524,-0.0178498886825,1.03788391042,0.0687075306024,1.23471328244,-0.348200821157
0.665399,0.501077204208,-0.621325699792,-0.0166822646772,1.0377530472,0.0690767699223,1.23509792201,-0.347878216764
0.675388,0.501192919998,-0.620462789275,-0.0159722213298,1.03804366102,0.0693063786153,1.23588547357,-0.347248722976
0.685376,0.50124564321,-0.619621048309,-0.0149095903822,1.03887748881,0.0691199742669,1.2365023236,-0.347714077629
0.695364,0.501887513487,-0.618731410707,-0.0143471731747,1.03917818337,0.0689630171416,1.23713174208,-0.347492630634
0.705352,0.501999977318,-0.61777540352,-0.0140149283717,1.03947645906,0.0690778291431,1.23835173317,-0.346953135224
0.715340,0.501709313171,-0.617099117221,-0.0133133746592,1.03997027202,0.0689696471622,1.23940533991,-0.346142139076
0.725329,0.5016570043,-0.616469331843,-0.0126009979966,1.04037481242,0.068778134913,1.2398788241,-0.346033147029
0.735317,0.501850288181,-0.615934802734,-0.011453237643,1.04067231381,0.069077974177,1.23994650076,-0.345623795459
0.745305,0.50239103745,-0.615317840467,-0.0107381559875,1.04090411897,0.0693721902042,1.24021475974,-0.344590147164
0.755293,0.502682520811,-0.614310570776,-0.0102922298154,1.04066856116,0.0692863860852,1.24073136804,-0.344511379115
0.765281,0.502575235308,-0.613571754196,-0.00953004841282,1.04058092283,0.0691579396111,1.24140704115,-0.34496620017
0.775270,0.50239420469,-0.612788922097,-0.00870582141998,1.04079549676,0.0690453873433,1.24196860541,-0.34500005373
0.785258,0.502333111938,-0.611753429892,-0.00792693027791,1.04112881516,0.0691347617918,1.24232103615,-0.344777794793
0.795246,0.502746092749,-0.61128965497,-0.00721185334148,1.04184431954,0.0696412071938,1.24277220983,-0.344418945536
0.805234,0.503629263557,-0.610839088586,-0.00687079974042,1.04239790915,0.06982216956,1.24333592639,-0.343864155805
0.815222,0.504023491763,-0.610161026694,-0.00649026271197,1.04269986838,0.0694995347755,1.24394210468,-0.34341857085
0.825211,0.503969513736,-0.60965112331,-0.00573579966142,1.04280420333,0.069457637976,1.24458200826,-0.343373132496
0.835199,0.504248986308,-0.609005244416,-0.00505868397482,1.04271557655,0.0695794562652,1.24566398199,-0.343271739048
0.845187,0.504168540976,-0.608557302384,-0.00501912449504,1.04300609158,0.0693952769306,1.24547137541,-0.342513680708
0.855175,0.504091821048,-0.608064627955,-0.00484481234095,1.04291696432,0.069573710661,1.24564078716,-0.34180966606
0.865164,0.504191350761,-0.607184025558,-0.00435515693381,1.04333407942,0.0696648342398,1.24623690156,-0.341836832335
0.875152,0.504303845814,-0.606601070364,-0.00351393717581,1.04389173311,0.0697883963491,1.24682259509,-0.342206467527
0.885140,0.504295760556,-0.606520491114,-0.0028954240103,1.04399949212,0.0701186842825,1.24703198567,-0.341732813759
0.895128,0.504682730573,-0.606097490045,-0.00251729897144,1.04415250041,0.0703293796288,1.24710709643,-0.34135098575
0.905116,0.505158491081,-0.605210139637,-0.00171783332038,1.04422411326,0.0701365440577,1.24753437914,-0.341311081571
0.915105,0.504865833462,-0.604481023151,-0.000821613398737,1.04416559594,0.0697778612454,1.24818983893,-0.341082391646
0.925093,0.504312108584,-0.604080287575,-0.000650413415804,1.04444945457,0.06970706424,1.24879045274,-0.341228541686
0.935081,0.504333098785,-0.604030428845,-0.000716233802167,1.04466480849,0.0698105997526,1.2492646304,-0.341240662192
0.945069,0.504778464798,-0.604034972623,-0.000387373334229,1.04483278467,0.0700496656422,1.24958656573,-0.340931970993
0.955057,0.505376372835,-0.603472576548,0.000127867166098,1.04493015211,0.0702162403003,1.24935432613,-0.340049040526
0.965046,0.505771478797,-0.602698632947,0.000488088353896,1.0449288226,0.0704054333589,1.24938162529,-0.340286434636
0.975034,0.506142007388,-0.602487440679,0.00107493623522,1.04520388456,0.0703763694866,1.24974703015,-0.340668460135
0.985022,0.505703568011,-0.602337483653,0.00126557233246,1.04565022789,0.0704606647573,1.25051339259,-0.340582759966
0.995010,0.505284686441,-0.601986275787,0.00139718519242,1.04592701414,0.0704134434023,1.25047542794,-0.340850500598
1.004998,0.50530212482,-0.601304241121,0.0020350742391,1.04590633249,0.0703090503884,1.25057126378,-0.340787741847
1.014987,0.505552439896,-0.600825878534,0.00266529639383,1.0458901194,0.0703133759172,1.25105789,-0.340554557324
1.024975,0.505938996155,-0.600751594368,0.00302107524051,1.04612489161,0.0704816995161,1.25164358449,-0.340247005067
1.034963,0.506128975669,-0.600658629429,0.00308548615934,1.04642446771,0.0707933385142,1.25212542538,-0.339777449607
1.044951,0.506270410851,-0.600301405414,0.00329083802828,1.04648107414,0.0707343510652,1.25214755412,-0.339353303509
1.054939,0.506620987017,-0.599718977672,0.00390249607667,1.04630110613,0.070182285667,1.25211355988,-0.338988768355
1.064928,0.506353261964,-0.599329509922,0.00382782464404,1.0463789962,0.0701050853354,1.25226419724,-0.339102830255
1.074916,0.505735007093,-0.599265021896,0.00374566861099,1.04703400634,0.0702420845753,1.25266953855,-0.338847667208
1.084904,0.505700937458,-0.598821232685,0.00388321510214,1.04727592787,0.0701969692608,1.25331178402,-0.338582131646
1.094892,0.506462599467,-0.598642379315,0.0041950392368,1.04701274732,0.0703230583146,1.25320595176,-0.338766754617
1.104880,0.507418579965,-0.598719243297,0.00484283914155,1.04688025763,0.0703703829327,1.25309017596,-0.338949904263
1.114869,0.507658014366,-0.598805636333,0.00543906600401,1.04696030987,0.0700428315575,1.2532146791,-0.339227110112
1.124857,0.507113854491,-0.598547530548,0.00533325642206,1.0472334283,0.0699615294478,1.2533538256,-0.339047267437
1.134845,0.506999634761,-0.59805538404,0.00572614462944,1.04745669595,0.0700880714036,1.25321243167,-0.33870909724
1.144833,0.506822074086,-0.597806972752,0.00572452530899,1.04740703486,0.0702723088751,1.25350389806,-0.338585838877
1.154821,0.506426963432,-0.597614375453,0.00544416389243,1.04717785238,0.0703457066303,1.25409271993,-0.33877463878
1.164810,0.506465595603,-0.597282576751,0.0056624435217,1.04703259117,0.0705574032995,1.25423510807,-0.339071138557
1.174798,0.506696443488,-0.596958138791,0.0058170477258,1.04725038175,0.070811640493,1.25398258475,-0.339094631531
1.184786,0.506627138612,-0.596578842828,0.00613288283967,1.04756324832,0.0704496708291,1.25380702518,-0.338775066037
1.194774,0.506405152282,-0.596433402608,0.00649385651871,1.04748954712,0.0704155730692,1.25398903653,-0.338227867934
1.204762,0.506637535342,-0.5964174997,0.00679596771925,1.04789086439,0.0703373732551,1.25395167231,-0.338213408549
1.214751,0.506583497692,-0.596112269829,0.00630652355623,1.04826248609,0.0705727047229,1.25460326715,-0.338061789706
1.224739,0.506428952444,-0.595773066045,0.00608027379609,1.04821431851,0.0709817966633,1.25449182881,-0.338285223599
1.234727,0.506682366593,-0.595925254552,0.00629606956507,1.04806651342,0.0708286547156,1.25455021921,-0.338009985692
1.244715,0.506849842581,-0.596238111081,0.00637256119455,1.04845337521,0.0704219256471,1.25464454011,-0.337806707815
1.254703,0.507429530351,-0.596296336768,0.00656569621958,1.04821773402,0.0702575303328,1.25461899582,-0.33785065013
1.264692,0.507257253914,-0.596054655937,0.00713209956918,1.04805145628,0.0703878612423,1.2545224128,-0.337983882316
1.274680,0.507011198721,-0.595792547741,0.00771625272508,1.0481461171,0.0704182249207,1.25458105016,-0.337969146647
1.284668,0.506973588995,-0.595666470898,0.00780846673206,1.04809194727,0.0704043547585,1.25480225202,-0.337930579152
1.294656,0.506461494674,-0.595687933182,0.00766958127128,1.04819494398,0.0703332543334,1.25512912971,-0.338129774327
1.304644,0.506427161357,-0.59571287204,0.00764229480772,1.04823423406,0.0701833496728,1.25530997557,-0.33787023968
1.314633,0.507411458054,-0.595493702921,0.00734459501524,1.04783151446,0.0705675908741,1.2551115161,-0.337190789877
1.324621,0.508384552049,-0.595436758611,0.00734447632764,1.04759545456,0.0709060407905,1.25544511259,-0.337650371594
1.334609,0.507914998661,-0.595448546345,0.007523339202,1.04778849168,0.0707655298437,1.25531106768,-0.337914251647
1.344597,0.507258788617,-0.595145075306,0.00757135391065,1.04809996226,0.0701366867106,1.25524656878,-0.33783876077
1.354585,0.507225498267,-0.595123790972,0.00779093516375,1.04825159492,0.0702004900127,1.25544792693,-0.337506931299
1.364574,0.507515712827,-0.595356884908,0.00749245169112,1.04829381685,0.070149837588,1.25557805382,-0.337617001772
1.374562,0.507654949271,-0.595461943996,0.00717413318059,1.04831570276,0.0701089997617,1.25546164237,-0.337813941131
1.384550,0.507326874046,-0.595252373865,0.00731966149689,1.04834888525,0.0700596082129,1.25553043427,-0.337670443456
1.394538,0.506856988074,-0.594777871195,0.00764273771751,1.04850217201,0.0702475797681,1.25581299577,-0.337502235278
1.404527,0.506481553936,-0.594665819912,0.00772497997297,1.04841205647,0.0705385945216,1.25574370435,-0.33746148896
1.414515,0.506277830935,-0.594925960264,0.00761293130364,1.04823836405,0.0705151768666,1.25532872787,-0.337580360598
1.424503,0.506541649881,-0.59522632478,0.00767907838608,1.04833839644,0.070539737832,1.25515344035,-0.337867728668
1.434491,0.506876599265,-0.59554052606,0.00787925016103,1.04839995936,0.0706992020824,1.25529304536,-0.338030550172
1.444479,0.506694606322,-0.595464046582,0.00794349066983,1.04841332883,0.0704097465975,1.25543501178,-0.33773213083
1.454468,0.507178555915,-0.595407161108,0.00780669041199,1.04841984679,0.0702716930498,1.2555079125,-0.337320824726
1.464456,0.507500953509,-0.595405290833,0.00745335733907,1.0483094794,0.070306527304,1.25530607618,-0.33716087073
1.474444,0.507302600446,-0.595418369777,0.0073828508743,1.04806286977,0.0704525469414,1.25549626013,-0.336840038853
1.484432,0.507243260217,-0.595435819324,0.00729123331568,1.04836682566,0.070446691546,1.25568094038,-0.33716715946
1.494420,0.507169727978,-0.595481812858,0.00736905290396,1.04850190046,0.0706562188989,1.25573082671,-0.337120372726
1.504409,0.507245210797,-0.595655858725,0.00762183901083,1.04826764094,0.0705680494264,1.25587535838,-0.337128800809
1.514397,0.507507347931,-0.595535510789,0.00757249182366,1.04824482047,0.0704777202375,1.25583335514,-0.337055234677
1.524385,0.507412677251,-0.595721209141,0.00713989791103,1.0482219062,0.0703943589499,1.25568324593,-0.337279523866
1.534373,0.507379811732,-0.595912235047,0.00710861450008,1.04821945318,0.0700200983734,1.2555998752,-0.337842594126
1.544361,0.507635202613,-0.595620804227,0.00727089318914,1.04834630811,0.070082109314,1.25532902439,-0.337952659909
1.554350,0.507634661843,-0.595472582869,0.0070137476195,1.04839406597,0.0707217329847,1.25491773583,-0.337858519527
1.564338,0.507435501462,-0.595649573564,0.00702135907881,1.04847327251,0.0708799129112,1.25492302379,-0.338154450818
1.574326,0.507509028093,-0.595766638027,0.00744494569038,1.04851553604,0.0705402846849,1.25528401498,-0.338149458313
1.584314,0.50776444985,-0.595896966839,0.00768861145935,1.04824526694,0.0701804575981,1.25527440198,-0.337848072923
1.594302,0.507387141728,-0.59599101382,0.00760522575733,1.04830503442,0.070367997539,1.25491441443,-0.337823146209
1.604291,0.5067060372,-0.595673736551,0.00755608009638,1.04855637324,0.0705455800145,1.25488738512,-0.337773535253
1.614279,0.50670051664,-0.595803031445,0.00721969137133,1.04861378028,0.0705457137406,1.25513775379,-0.337817702934
1.624267,0.506980956357,-0.596271963355,0.00688695031778,1.04827810048,0.0703591667535,1.25544302175,-0.337570048789
1.634255,0.506566807711,-0.596684650026,0.00658959617635,1.0481753573,0.070238822814,1.25573130972,-0.33716211408
1.644243,0.50706334334,-0.59663145041,0.00638593746632,1.04855790317,0.0704906105747,1.25582175772,-0.33698876824
1.654232,0.507454370112,-0.596560142917,0.00656050954317,1.04875156694,0.0703916692904,1.2553669854,-0.33713116619
1.664220,0.507067949656,-0.596602619455,0.00682350228222,1.04865033116,0.0702169927181,1.25481813855,-0.337460453129
1.674208,0.506975626707,-0.596664695524,0.00684952414424,1.04857875783,0.0704239637172,1.25502973379,-0.337728593545
1.684196,0.507229033764,-0.596884705658,0.00677086602841,1.04855170296,0.0706242334168,1.25542973859,-0.337829153857
1.694184,0.507401731662,-0.596956336307,0.00660206851133,1.04860689686,0.0708301282,1.25494868398,-0.337948884259
1.704173,0.507188320043,-0.596778591688,0.00645211813588,1.04863968294,0.0707527560874,1.25454997812,-0.338187305319
1.714161,0.507078862239,-0.596710734616,0.00654620598966,1.04836372953,0.0703589770908,1.25455925951,-0.338309600667
1.724149,0.50752423345,-0.596978372275,0.00625214737523,1.04834131347,0.0701512831167,1.25452144833,-0.338157542801
1.734137,0.507784459203,-0.596910873307,0.00592551965526,1.048428588,0.070108187142,1.25431653848,-0.337606041815
1.744125,0.507617482192,-0.596805258533,0.00568910667548,1.04857207134,0.0701587901033,1.25429610665,-0.337842076555
1.754114,0.50724562346,-0.596876824556,0.00596176031412,1.04850125704,0.0705040540524,1.25431055668,-0.338189199531
1.764102,0.506737627071,-0.597152566482,0.006098612854,1.04831045407,0.0707610259555,1.25410228439,-0.338535935335
1.774090,0.50670446504,-0.597427174159,0.00592922247762,1.04782024481,0.0705207571554,1.25405490619,-0.338844443257
1.784078,0.507196649376,-0.597710314415,0.0056626307643,1.04783904166,0.0703427152915,1.25447765337,-0.338828996774
1.794066,0.507500555525,-0.597883149444,0.00562842696388,1.04821782876,0.0706491748176,1.25447709376,-0.338702217598
1.804055,0.507515140989,-0.597973897416,0.00592240440041,1.04800898881,0.0709524072819,1.25393378796,-0.338675629764
1.814043,0.50744619259,-0.59812940059,0.00585887323503,1.04763175644,0.0708823572543,1.25369772058,-0.338445286068
1.824031,0.507088483039,-0.59803705237,0.00530523559748,1.04771964531,0.0705792811842,1.25345739189,-0.338043361583
1.834019,0.506910016356,-0.597951910808,0.00508612068952,1.04794737214,0.0700296097136,1.25343006702,-0.338452370499
1.844007,0.506745785281,-0.598163231042,0.0047730530979,1.04795619169,0.0699362461216,1.253599651,-0.339060014968
1.853996,0.506484034445,-0.598470287628,0.00442206153283,1.04774412494,0.0700794860274,1.25348027125,-0.339029314175
1.863984,0.506846134516,-0.598944877948,0.0043833563869,1.04762357026,0.0704200674727,1.2536664131,-0.339187068829
1.873972,0.507463525051,-0.599152911415,0.00449154475789,1.0476847011,0.0704924345385,1.25355624946,-0.338790280191
1.883960,0.507444858955,-0.599194641481,0.00422488193519,1.04745785848,0.0703811973099,1.25329027889,-0.338027647238
1.893948,0.507016980754,-0.599318106949,0.00414784879187,1.04732616682,0.070188684437,1.25341990625,-0.337805543529
1.903937,0.506745293777,-0.599714619746,0.00411190137997,1.04750463652,0.0701583129504,1.25319814515,-0.337824994894
1.913925,0.50652563541,-0.599790386212,0.00391322895762,1.04754699419,0.0701443243901,1.25282939293,-0.33828285532
1.923913,0.506206551857,-0.599615434238,0.00384666250217,1.0474969318,0.0701267068728,1.25286316244,-0.338999508166
1.933901,0.506038158491,-0.599657006276,0.00379536182937,1.04748195185,0.0702433410182,1.25298886373,-0.339484705536
1.943890,0.506297110534,-0.599739315601,0.00354159279525,1.04739315034,0.0702980173167,1.2527915318,-0.33951650954
1.953878,0.506663108478,-0.600004579602,0.00341161594202,1.04732876829,0.0702204532881,1.25236928721,-0.338580719498
1.963866,0.506554422027,-0.600219983433,0.00359432130384,1.04709662617,0.0700133995879,1.25228762639,-0.338149958547
1.973854,0.506208133451,-0.600318749085,0.00383146590084,1.04725014343,0.0700129463583,1.25236079523,-0.338894784051
1.983842,0.505908932571,-0.600317989054,0.00356382832778,1.04730217307,0.0703109636032,1.2525536019,-0.33933416415
1.993831,0.505980048969,-0.600515664285,0.00312473826671,1.04697574665,0.0702999114632,1.25229953608,-0.339096157513
2.003819,0.506357713425,-0.600812640048,0.00250664217452,1.04685664969,0.0699311613299,1.25180136523,-0.33944075411
2.013807,0.506328071115,-0.601293046017,0.00261526008396,1.04704639429,0.0700869457301,1.25149903626,-0.339970603463
2.023795,0.506232334498,-0.601437018019,0.00310348712689,1.04702708648,0.0702934888869,1.25150041633,-0.340005715843
2.033783,0.506422187541,-0.601488532113,0.00287140975734,1.04685280482,0.0701044946852,1.25140623466,-0.33987721764
2.043772,0.506613368846,-0.601714687011,0.00240204144795,1.04663656639,0.0698957639922,1.25116865857,-0.339537935446
2.053760,0.506750986177,-0.602019781192,0.00216767056082,1.04651323662,0.0700355873856,1.25089956946,-0.339610647708
2.063748,0.506808417255,-0.602262183781,0.00216861598525,1.04649290104,0.0701974269235,1.25079928236,-0.340300974547
2.073736,0.50649648401,-0.602289758858,0.00221715812471,1.04648015079,0.0698684061803,1.2513196579,-0.340523573104
2.083724,0.506065361488,-0.602151891027,0.00158951523714,1.04675220129,0.0695823209049,1.25179804637,-0.340535803305
2.093713,0.50584888451,-0.601832417667,0.00136496743976,1.04687510534,0.069590551665,1.25116544296,-0.340399419049
2.103701,0.505479750926,-0.602098357352,0.00134750206397,1.04675363307,0.0694804121359,1.25083249272,-0.339894891214
2.113689,0.505625765845,-0.602602294291,0.000972708736277,1.04629904621,0.0694148992618,1.25087467574,-0.339648605537
2.123677,0.505847184499,-0.602928826992,0.000719641100192,1.04581949133,0.0696476536713,1.2507952469,-0.339841225677
2.133665,0.506379317735,-0.603109370914,0.00113276601947,1.04563513507,0.070222672113,1.25092951588,-0.340187710296
2.143654,0.506402078887,-0.603234828343,0.00111423572519,1.0460143615,0.0702255026914,1.25118529381,-0.340277798182
2.153642,0.505913787479,-0.603105170235,0.000935478106896,1.04612323134,0.0701349899995,1.25068888694,-0.340361822635
2.163630,0.505730754549,-0.603197353542,0.000724661454774,1.04589355166,0.0699138907828,1.25001288082,-0.340411740034
2.173618,0.505913103324,-0.603456064691,0.000576898543591,1.04586264454,0.069611266245,1.25027257444,-0.34047348281
2.183606,0.505905778802,-0.603443275839,0.000654443429884,1.04598200063,0.0695936038975,1.2508308759,-0.340644557617
2.193595,0.505577865755,-0.60335189853,0.000370356219185,1.04600447886,0.0695521852938,1.25087134639,-0.340594225905
2.203583,0.505464846939,-0.603495075133,-0.000198943815385,1.04603480773,0.0695043101836,1.25071125816,-0.340423031729
2.213571,0.505814500845,-0.60404183574,-0.000281923477511,1.04604334048,0.0697319421445,1.2499634216,-0.340568606235
2.223559,0.506332336618,-0.604749204688,-0.000350628137888,1.04570791539,0.0698275943629,1.2495391094,-0.340648696181
2.233547,0.506177249263,-0.604926973031,-0.00035046136391,1.04550348454,0.0700625770716,1.24953539545,-0.34097673437
2.243536,0.505500102439,-0.605048683177,-0.000779171693823,1.0455852378,0.0700914555201,1.24949817933,-0.340519480782
2.253524,0.504801924457,-0.605139193772,-0.00107179413914,1.04563625799,0.0700019624553,1.24928904461,-0.340441023431
2.263512,0.505287005079,-0.605331783475,-0.00102689801927,1.04544959714,0.0699237573104,1.24933962076,-0.34090704538
2.273500,0.506158538789,-0.605445691128,-0.00114990252648,1.04527134371,0.0696220065653,1.24931537504,-0.341174584596
2.283488,0.505948845635,-0.605485621903,-0.00140609570601,1.04542646031,0.0695761278489,1.24900623842,-0.340727770731
2.293477,0.505324267874,-0.605576932411,-0.00148435234565,1.04519655995,0.0696713543992,1.24903259823,-0.340529164339
2.303465,0.50517053657,-0.605505762451,-0.00158199115009,1.04480212761,0.0697088516544,1.24891865462,-0.340955851359
2.313453,0.505289601196,-0.605403311804,-0.00184153829713,1.04484506963,0.0697180040011,1.24848002988,-0.340895904236
2.323441,0.505162639578,-0.605593278536,-0.00198057930134,1.04492242117,0.0695939767367,1.24844368906,-0.340454807899
2.333429,0.50482131056,-0.605820311577,-0.00201887446142,1.04488403391,0.0696500924512,1.24846335583,-0.340728277479
2.343418,0.504861237593,-0.606115007183,-0.00233635187377,1.04470270549,0.0699507077022,1.24836193884,-0.340849758699
2.353406,0.50524956575,-0.606536292061,-0.00270828039248,1.04443957331,0.0699033550668,1.24829590023,-0.341190678173
2.363394,0.505710121623,-0.606648953203,-0.00294597050163,1.04465537449,0.0696812219586,1.24826679875,-0.341487413144
2.373382,0.505377688304,-0.606987463923,-0.00348417274391,1.04464968533,0.0696604735437,1.24792330651,-0.34130393983
2.383370,0.504962653536,-0.607500047194,-0.00374598547613,1.04409521791,0.0696131891421,1.24763586922,-0.341465250274
2.393359,0.505245228838,-0.607725488251,-0.00325332628228,1.04389073405,0.0696355834957,1.24790116677,-0.341718015063
2.403347,0.505387227064,-0.607908449772,-0.00319030601935,1.04403027904,0.0695861456768,1.24794583304,-0.34186965165
2.413335,0.505420159317,-0.608040580066,-0.0033579944349,1.04406565459,0.0694594508,1.24779258883,-0.341798066218
2.423323,0.505264427755,-0.608112703414,-0.00333003335286,1.04401744566,0.0693957150613,1.24786996519,-0.341945262955
2.433311,0.505179998681,-0.608633819094,-0.00335956001757,1.04397522455,0.0693807619654,1.24808522528,-0.342289182162
2.443300,0.505833907132,-0.609225044004,-0.00340452298594,1.04410337336,0.0693729624006,1.24812848199,-0.34227397559
2.453288,0.506055925186,-0.609224503779,-0.00337214425218,1.04418320048,0.0694435217244,1.2479077802,-0.341924519158
2.463276,0.505020280661,-0.609407413136,-0.00371068868672,1.04366325112,0.0696930371683,1.24763877111,-0.34150609202
2.473264,0.504923152139,-0.60981554283,-0.00460636470474,1.04327461874,0.0699070016768,1.24738003611,-0.341484037111
2.483253,0.504680852815,-0.610145248035,-0.00508469027441,1.04338063272,0.0699384173775,1.24728542492,-0.341929157971
2.493241,0.504263814969,-0.610538858274,-0.00505013194583,1.04336666025,0.0702240167735,1.2470871604,-0.342402229384
2.503229,0.504254331789,-0.610992461149,-0.00521672803626,1.04326919556,0.0705829932568,1.24686546109,-0.342485695101
2.513217,0.504655378729,-0.61131865821,-0.00532219660871,1.0433705353,0.0705897083582,1.24671504746,-0.341871701429
2.523205,0.504945053665,-0.61150967541,-0.00571640348044,1.04365191326,0.0703216236888,1.24659669602,-0.341940465211
2.533194,0.504843930221,-0.61167466188,-0.00622837016613,1.0440831009,0.0702628276154,1.2464897432,-0.342287805305
2.543182,0.504650273685,-0.61197095743,-0.0062738719011,1.04425479678,0.0703718977568,1.24651473185,-0.342389871489
2.553170,0.504550180888,-0.612433069914,-0.00631060371083,1.04392955455,0.0705223548094,1.24669217271,-0.342396054093
2.563158,0.504402143821,-0.613143744216,-0.0063815989939,1.04367173742,0.070476426717,1.24692308926,-0.3423454873
2.573146,0.504099332249,-0.613923474527,-0.00657039274826,1.0437288101,0.0700926238587,1.24707315845,-0.342432095469
2.583135,0.503868483884,-0.614343446749,-0.00718381932691,1.0435741985,0.0698063599129,1.2471246099,-0.342898218088
2.593123,0.504055056419,-0.614718921738,-0.00719897428354,1.04352072795,0.0700732485869,1.24714036639,-0.343554172627
2.603111,0.50436700943,-0.615483834118,-0.00716117642833,1.04381046817,0.0705936925426,1.24688288781,-0.343402958512
2.613099,0.50426590954,-0.616293774872,-0.00738400515983,1.04339037277,0.0706278616433,1.24658882612,-0.342473237479
2.623087,0.504243983291,-0.617192774914,-0.00740363625987,1.04312418738,0.0705373822347,1.24659448544,-0.342287963732
2.633076,0.504422748999,-0.61796682101,-0.0071998621,1.04297132515,0.0703289266256,1.24641480006,-0.342632028688
2.643064,0.504369263388,-0.618542468799,-0.00747995740205,1.04254597109,0.0703632026884,1.24623949612,-0.343053768107
2.653052,0.503942736811,-0.619048673248,-0.00783878907958,1.04233944865,0.0704140113596,1.24619821588,-0.342985903315
2.663040,0.503875286155,-0.61958548295,-0.0078266649932,1.04275249784,0.0702126080729,1.24611732248,-0.342944785261
2.673028,0.504548841377,-0.620500995376,-0.00787733173032,1.04287668125,0.070227133409,1.24588498312,-0.34317315305
2.683017,0.504961954483,-0.621852573874,-0.00802865297396,1.04273112385,0.0702744772062,1.24570857973,-0.343348377226
2.693005,0.504505748742,-0.623015969881,-0.00834939194491,1.04273373294,0.0702430735105,1.24559869476,-0.343420401423
2.702993,0.50397700762,-0.623861812648,-0.00871041322973,1.04272409869,0.0702750566995,1.24537673131,-0.343561249524
2.712981,0.503996891369,-0.625000951563,-0.0086960200084,1.04257382474,0.0700560707898,1.24511055553,-0.343735513545
2.722969,0.504167151539,-0.626222076129,-0.0088888694033,1.04217228847,0.0699970268856,1.24498942071,-0.343701410167
2.732958,0.503966280551,-0.627486033907,-0.00896392697094,1.04212590535,0.0703211469847,1.24536986783,-0.343666359474
2.742946,0.503620310488,-0.629196501935,-0.00885215689696,1.04211928944,0.0705006437209,1.24572032501,-0.343524225108
2.752934,0.503813292209,-0.630701188134,-0.00880310891293,1.04219809514,0.0703377661711,1.24560974088,-0.342941686158
2.762922,0.504156981862,-0.632389495566,-0.00880160748329,1.04239021907,0.0700540774051,1.24523042776,-0.342663152737
2.772910,0.504408538185,-0.634015932851,-0.00910371174564,1.0423871688,0.0700488827871,1.24493500467,-0.343047200369
2.782899,0.504679780715,-0.635720868653,-0.00952242219295,1.04236091193,0.0704367669826,1.24479473075,-0.343568650955
2.792887,0.50484718569,-0.637786299561,-0.00988396455299,1.04230712665,0.0706884226556,1.24483052038,-0.343493563576
2.802875,0.50473746673,-0.639805439889,-0.0100693989147,1.04240088312,0.0709832539828,1.24500201827,-0.343375016643
2.812863,0.504326445626,-0.641639266109,-0.0101030259764,1.04272749904,0.0711978171029,1.24503527572,-0.343778693032
2.822851,0.503958346818,-0.643586829017,-0.0101600170957,1.04281961445,0.0708759967425,1.24503998185,-0.344140848689
2.832840,0.503931838551,-0.645685497527,-0.0101318981602,1.04258816299,0.0704323374386,1.24561638189,-0.34409812435
2.842828,0.504113061347,-0.647770493458,-0.0100294246237,1.04254306463,0.0704671962527,1.24662100169,-0.34409797843
2.852816,0.504402931674,-0.64994770522,-0.0102712762699,1.04245548702,0.070782078511,1.24704338644,-0.344107501835
2.862804,0.504315877515,-0.65225917207,-0.0104682595232,1.04216872491,0.0710786850548,1.24712019734,-0.344143970675
2.872792,0.504031618288,-0.654748660769,-0.0106128015184,1.04221937498,0.0710882385599,1.24756374108,-0.343955483218
2.882781,0.504333213453,-0.657388745376,-0.010553434319,1.0423790984,0.0706787297522,1.24860899585,-0.343839384276
2.892769,0.504619585236,-0.660183173141,-0.0105944707474,1.0424001666,0.0705591116792,1.24973852098,-0.344093397452
2.902757,0.504432636797,-0.662950079005,-0.0108124179513,1.04238227028,0.0707024189224,1.25106907845,-0.344178817115
2.912745,0.504044609037,-0.665493481165,-0.0111209754176,1.04260000634,0.0705282679142,1.25237615987,-0.344282233642
2.922733,0.503702041286,-0.668125659754,-0.0113115814397,1.04259671742,0.0705812636416,1.25399836598,-0.344433989659
2.932722,0.503901708417,-0.671229721536,-0.0116683178782,1.04212692711,0.0708379731268,1.2557562271,-0.344557041945
2.942710,0.504375508727,-0.67464947541,-0.0119472320725,1.04191602351,0.0709563579896,1.25719757896,-0.344718964038
2.952698,0.504399153502,-0.67788189133,-0.0119590079168,1.04231798868,0.070891379526,1.25864117675,-0.344850234649
2.962686,0.504126725418,-0.680785190254,-0.0121217474675,1.04278702732,0.0708269377045,1.2603177029,-0.344985362061
2.972674,0.503987817132,-0.683613158063,-0.0121087895387,1.04305246582,0.0711153250136,1.26177763144,-0.345221536043
2.982663,0.503945391539,-0.686403848577,-0.0119038554035,1.04318251794,0.0713326325904,1.26266585757,-0.345380330496
2.992651,0.503868282068,-0.689361581575,-0.0121755399021,1.0433299478,0.0715169528263,1.26295407478,-0.345355713576
3.002639,0.503864613194,-0.692726230862,-0.012595221464,1.04348800189,0.0714396924077,1.26345474482,-0.344956613859
3.012627,0.504410324808,-0.696357922252,-0.0125982699752,1.04382374789,0.0714393584278,1.26437086864,-0.34440401525
3.022615,0.504592532744,-0.700032324986,-0.0124472273966,1.0442449104,0.0718507436137,1.26498474743,-0.344603852784
3.032604,0.504167064893,-0.703580905159,-0.0123634488408,1.04461314081,0.0724884107224,1.26523963764,-0.344632219904
3.042592,0.503845303731,-0.707072591867,-0.0126062532045,1.04505471523,0.0729152127629,1.26574767052,-0.344798468667
3.052580,0.503888210707,-0.710212198708,-0.0130005552454,1.0454059418,0.0732751035728,1.26663298979,-0.345140072356
3.062568,0.50412991394,-0.713327179365,-0.0132472948323,1.04561686021,0.0736291194467,1.26805691167,-0.34515835017
3.072557,0.504262128323,-0.716786011409,-0.0132857669566,1.04585769475,0.0740717753589,1.26989677896,-0.344887975055
3.082545,0.504321017188,-0.720436802207,-0.0133142660776,1.04616394203,0.0746853512002,1.27124057544,-0.344659760272
3.092533,0.504635318587,-0.724142173532,-0.0135193281525,1.04647696434,0.0750054149932,1.27192675408,-0.344835015165
3.102521,0.504864676095,-0.727617983883,-0.0137332581607,1.04679045976,0.0747652643283,1.27305125155,-0.345087745276
3.112509,0.504674643585,-0.730956171025,-0.0139204474181,1.04721035268,0.0746532835827,1.27440747563,-0.34445020716
3.122498,0.504551192426,-0.734760676017,-0.014254480826,1.0478206358,0.0750326982184,1.27582846462,-0.343328645542
3.132486,0.504580241085,-0.738851381267,-0.0145592128064,1.04826859339,0.0757200982762,1.27733546336,-0.342402160075
3.142474,0.505099570327,-0.7428447012,-0.0143806495521,1.0486389061,0.0765005196652,1.27895974311,-0.341420788666
3.152462,0.505741949747,-0.746453996779,-0.0141452257456,1.04893207526,0.076888381299,1.2803478269,-0.340719084073
3.162450,0.505794122068,-0.750145592031,-0.0145155185882,1.04928798418,0.0770238969824,1.2818809371,-0.33982067469
3.172439,0.505792781902,-0.754044927973,-0.0147342130388,1.0498468575,0.0773933671806,1.28361585498,-0.33866010348
3.182427,0.506327793705,-0.757833471984,-0.0147771358794,1.05038674542,0.0777985730777,1.28536896014,-0.337721607837
3.192415,0.506819932515,-0.761415912398,-0.0150278764874,1.05079459821,0.0782612401745,1.28707561472,-0.336625791225
3.202403,0.506616286355,-0.765003680154,-0.0152881412967,1.05139023342,0.0788797501161,1.28894812624,-0.335439681883
3.212391,0.506390887016,-0.768613903503,-0.015415988742,1.05216528485,0.0793969032341,1.2910920945,-0.334521744318
3.222380,0.507085385858,-0.772282531025,-0.0155289135258,1.05286829629,0.0795653550538,1.29327682301,-0.333479810489
3.232368,0.507983618631,-0.776473064837,-0.0156993381409,1.05377225145,0.0795468793235,1.29571727828,-0.332452961169
3.242356,0.508546757246,-0.780627075866,-0.0159349081494,1.0544622674,0.0800692064385,1.29833084063,-0.331661937488
3.252344,0.509109104057,-0.784514565387,-0.0159623824953,1.05503675024,0.0806830019169,1.30059304444,-0.331286546829
3.262332,0.509734273388,-0.788191490629,-0.0158406262022,1.0555654301,0.080992763993,1.30244739396,-0.331112251768
3.272321,0.510319078815,-0.791951737659,-0.0158977016502,1.05646800417,0.0813488310736,1.30458629166,-0.330549679119
3.282309,0.511061333597,-0.796082655682,-0.0159723767238,1.05766006441,0.0817743830637,1.30732282975,-0.329950559197
3.292297,0.511387238808,-0.800656239322,-0.0159802413036,1.05864984155,0.0818954176827,1.31024623667,-0.329516354391
3.302285,0.511996544348,-0.804958935534,-0.0161512842558,1.05952700521,0.0819166757986,1.31305561256,-0.329076996573
3.312273,0.513073102399,-0.8087397712,-0.0163156564485,1.06058430447,0.0821107832504,1.31572268078,-0.32846615483
3.322262,0.513866706753,-0.812544559036,-0.016429583492,1.06148354561,0.0821519423445,1.31852775055,-0.327724445973
3.332250,0.514597740906,-0.816472350546,-0.0166215015984,1.06216594827,0.0820610112596,1.32164633443,-0.32732672176
3.342238,0.515858884736,-0.82037573628,-0.0166673098787,1.06301928434,0.0821435698995,1.32485394534,-0.327362184621
3.352226,0.517152403426,-0.824547624758,-0.0164853387817,1.06400991459,0.0820863387109,1.32817093085,-0.327365902643
3.362214,0.517866881808,-0.828704664325,-0.0164880129635,1.06506270849,0.0818115385908,1.3317128368,-0.327400832412
3.372203,0.518347487157,-0.83263049682,-0.016505227183,1.06611945234,0.0816627289141,1.33494952817,-0.327281110323
3.382191,0.519081210363,-0.836676968024,-0.0165030300881,1.0671786934,0.0815898968674,1.33828984503,-0.32728053769
3.392179,0.520152680079,-0.840763491824,-0.0166338258308,1.06774199748,0.0814567117884,1.34193322808,-0.327053641643
3.402167,0.521598390345,-0.844649690679,-0.0170310469469,1.06840665592,0.0814473811928,1.3454348777,-0.327359436626
3.412155,0.522821960284,-0.848387357917,-0.0174317929884,1.06950963052,0.0815636554641,1.34868638534,-0.328099340625
3.422144,0.523608133043,-0.852315037658,-0.0175325742317,1.07051281601,0.0817406517202,1.35212451828,-0.328318278395
3.432132,0.524873719363,-0.85631820926,-0.0178126442324,1.07137494674,0.0819155022311,1.35608924731,-0.32821231248
3.442120,0.526605014628,-0.860344989552,-0.0180227682756,1.07224816155,0.0822032707307,1.36025216879,-0.328281201152
3.452108,0.527882101301,-0.864531099983,-0.0179365743982,1.07338998293,0.0826377286555,1.36415460116,-0.328301034539
3.462096,0.529100254536,-0.86854452227,-0.0178763245746,1.07476872564,0.082989767527,1.36783223181,-0.328164065566
3.472085,0.530877037233,-0.872130547964,-0.0179430077736,1.07591787564,0.0832402697474,1.37156797425,-0.328049225706
3.482073,0.532304813529,-0.875757428885,-0.018118063383,1.07681265739,0.0835974731115,1.37533579041,-0.327883852688
3.492061,0.533570305054,-0.879650965679,-0.0182639546691,1.07765693113,0.0838740545893,1.37889448574,-0.327881236273
3.502049,0.534805990056,-0.884041136186,-0.0182573685648,1.07860905507,0.084118607726,1.38227348086,-0.328005875382
3.512037,0.536104627296,-0.88881133985,-0.0183778898685,1.07973716424,0.0845483069084,1.38577880446,-0.32803816116
3.522026,0.538006492234,-0.892997376056,-0.0185521578652,1.08078917041,0.0852967071242,1.38934015826,-0.327954919956
3.532014,0.540460553921,-0.896751329235,-0.0185232038761,1.08185708717,0.0858109955215,1.3926791792,-0.327988186754
3.542002,0.542761655468,-0.900878097856,-0.0183316676905,1.08295370654,0.0859978155946,1.39572707092,-0.328151504521
3.551990,0.54429287307,-0.905188954137,-0.018326043086,1.08354171725,0.0863479935139,1.39883157237,-0.328364882499
3.561978,0.545580855225,-0.909186883511,-0.0184097042882,1.08412046732,0.0866098254808,1.40229755555,-0.328471477393
3.571967,0.54741268952,-0.912916782399,-0.0185142648579,1.08486769425,0.0865002261667,1.40592687503,-0.328619578698
3.581955,0.549417503484,-0.916569416392,-0.0187832934404,1.08535555665,0.0865297570574,1.40922812756,-0.328824712252
3.591943,0.551338693611,-0.920281788216,-0.0190563823207,1.08576292077,0.0870864653768,1.41227034696,-0.328798192949
3.601931,0.553811370908,-0.924087603209,-0.0190850518195,1.08635753358,0.0875428063817,1.41553335131,-0.328639052879
3.611920,0.556571700417,-0.927837648204,-0.0189583555181,1.08678755836,0.087441008398,1.41863949197,-0.328670204721
3.621908,0.55909328213,-0.931587133581,-0.0186901586608,1.08718837461,0.0876108320923,1.42116489247,-0.328692559258
3.631896,0.561568706717,-0.935550104525,-0.018600265285,1.08765719535,0.0879649119485,1.42381083608,-0.328827263987
3.641884,0.564077877449,-0.939431494094,-0.0189035236198,1.08813030729,0.0881701863139,1.42632430629,-0.329061133388
3.651872,0.566747734456,-0.943067452021,-0.0191621313709,1.08839940862,0.0881870769247,1.42831074788,-0.328937557403
3.661861,0.569651605131,-0.946940543141,-0.0193042556876,1.08834881407,0.088172382739,1.43045258633,-0.328483439824
3.671849,0.572545226605,-0.950866218482,-0.0193800865402,1.08841269883,0.0880338410075,1.43277170092,-0.328474030465
3.681837,0.575643099915,-0.954412733359,-0.0194816846202,1.08865884024,0.0879827441031,1.43496249257,-0.328775179984
3.691825,0.57892613757,-0.95813764635,-0.0196595362075,1.0888632398,0.0879432587721,1.43712614394,-0.328943558893
3.701813,0.582187268295,-0.961987243658,-0.0197310853344,1.08890652653,0.087660053314,1.43925207739,-0.32888423291
3.711802,0.58538274297,-0.965450067405,-0.0198185509165,1.08878668197,0.0874863619228,1.44122761708,-0.328673755046
3.721790,0.588563092028,-0.968725710537,-0.0200734332282,1.08858513033,0.0876996670026,1.44311021813,-0.3287340425
3.731778,0.591818844897,-0.972156262639,-0.0202554674772,1.0883660674,0.0877226164211,1.44499218931,-0.329207149513
3.741766,0.595109316883,-0.975488650711,-0.0203084658301,1.08815941409,0.0872212694379,1.44670326382,-0.329157300377
3.751754,0.598410473376,-0.978613350115,-0.0202109105472,1.08812568758,0.086834281326,1.44809194961,-0.328472951033
3.761743,0.601918515241,-0.981790070014,-0.0202461330352,1.08851601056,0.0869425613004,1.44941139042,-0.328484230879
3.771731,0.605481347277,-0.985083628885,-0.0205225109794,1.08871603098,0.0875986834644,1.45056322214,-0.328888457285
3.781719,0.609147693549,-0.988159217613,-0.0206731097257,1.08849757519,0.0879150244376,1.4516227736,-0.328470111117
3.791707,0.612699189352,-0.991482241691,-0.0207602144294,1.08814579291,0.0876402012078,1.45273539685,-0.328106159597
3.801695,0.616177945569,-0.994840186294,-0.0208316191805,1.0881540969,0.0872137902566,1.45388583752,-0.328256282805
3.811684,0.620115607653,-0.997636903357,-0.0209147343014,1.08836969466,0.0868955757849,1.45479872943,-0.328651888677
3.821672,0.624132656839,-1.00054966499,-0.0209764593411,1.08827129568,0.0870600603836,1.45541367204,-0.328903059299
3.831660,0.6278539369,-1.00369369311,-0.0208748864616,1.08791169266,0.0875415560417,1.4559810837,-0.328754781042
3.841648,0.63156483665,-1.00676806257,-0.0207735775211,1.08769173811,0.0876613045076,1.45675848409,-0.328539565014
3.851636,0.635376948078,-1.00986705297,-0.0209065453173,1.08778623354,0.0874077516812,1.45753009421,-0.328747400451
3.861625,0.6390518899,-1.01287611518,-0.0211452724255,1.08809049473,0.0873376780807,1.45794134587,-0.329126148705
3.871613,0.642707013284,-1.01576289539,-0.0214545500261,1.08836573403,0.087478149331,1.45845615607,-0.329065157779
3.881601,0.646569062768,-1.01843927963,-0.0217355655606,1.0884859572,0.0876114467011,1.45919309411,-0.3290157091
3.891589,0.650489122373,-1.0210978222,-0.0216676072223,1.08851892427,0.0875891817673,1.45942605129,-0.329302861062
3.901577,0.654564105671,-1.02386198277,-0.0214831746434,1.08863425609,0.0875281354958,1.45919178757,-0.329197417927
3.911566,0.658788500384,-1.02651478672,-0.0215094143783,1.0887791613,0.0877123668578,1.4590955429,-0.328693347466
3.921554,0.66314958361,-1.02921391158,-0.0218144496856,1.08893041007,0.0877709664344,1.45936254238,-0.328250153016
3.931542,0.667289739502,-1.03215849606,-0.0219745838889,1.08905773821,0.0875565914582,1.45945236057,-0.327791642949
3.941530,0.670946915335,-1.0349847826,-0.0218361057024,1.0889902928,0.0875150776503,1.45940988807,-0.327144814683
3.951518,0.674640676748,-1.03741837752,-0.0216620083631,1.0888834811,0.0874633505512,1.45962929522,-0.326042892375
3.961507,0.678783032912,-1.03970818083,-0.0216358384676,1.0887612113,0.0871238002208,1.45997655638,-0.324406255438
3.971495,0.683115155251,-1.04205959496,-0.021698082598,1.08856485194,0.086842128535,1.46011208264,-0.322647879948
3.981483,0.68731268608,-1.04429114956,-0.021700205715,1.0885546147,0.0871312023456,1.45999022832,-0.321043368934
3.991471,0.691512649712,-1.04631738226,-0.0217131666231,1.08868591298,0.0878076681666,1.45980805483,-0.319082845989
4.001459,0.695865453967,-1.04837115074,-0.021885074104,1.08860952281,0.0879920418564,1.45981640919,-0.316341860623
4.011448,0.700210123313,-1.05052769042,-0.0219292624399,1.08876923615,0.0878485871274,1.45994079364,-0.313534932795
4.021436,0.704797583866,-1.05267484868,-0.0218514940075,1.08899056663,0.0878317486198,1.45977105012,-0.310659464438
4.031424,0.709455630058,-1.05463442006,-0.0217887928827,1.08907097533,0.0875765167367,1.45963679524,-0.307809860718
4.041412,0.713823814565,-1.05623602332,-0.0219634710046,1.08913591984,0.0872948135089,1.45983893454,-0.305275480014
4.051400,0.717983839079,-1.05771640143,-0.0222828228448,1.08904971446,0.0874371019383,1.4598069544,-0.302575412506
4.061389,0.722428269662,-1.05929066881,-0.0222421838519,1.08896384927,0.0878725577284,1.45958177781,-0.2993900031
4.071377,0.727115477533,-1.06082636996,-0.0220805210199,1.08891879752,0.0879549418691,1.45954088105,-0.296016410057
4.081365,0.731616991142,-1.06229356555,-0.0221538874614,1.08871176122,0.087605933425,1.45954838887,-0.292448276193
4.091353,0.736058950915,-1.06374503078,-0.0223753855898,1.08851191595,0.0872542615566,1.45948771956,-0.288500246237
4.101341,0.740799501101,-1.06499363441,-0.022471712692,1.08854049074,0.0871965812966,1.45942146141,-0.284483930435
4.111330,0.745743303667,-1.06594827844,-0.0223133527392,1.08861974196,0.0873536385393,1.4593531859,-0.280792975163
4.121318,0.750600836936,-1.06688108229,-0.0221379571396,1.08855516365,0.0875204278265,1.45913431459,-0.277083929865
4.131306,0.755233013575,-1.06771172318,-0.0223444161973,1.08841140558,0.0876989595281,1.45862615528,-0.273062307765
4.141294,0.759987986791,-1.06837096867,-0.0229485765525,1.0884008526,0.0877921282704,1.4583360208,-0.26902849853
4.151283,0.765075628098,-1.0691142836,-0.0233355276078,1.08845792331,0.0876465953579,1.45852458725,-0.265133543783
4.161271,0.769929624383,-1.06997486636,-0.0234161695503,1.08833744679,0.0873950487115,1.45890898583,-0.261377603013
4.171259,0.774459361027,-1.07072213079,-0.0237152919954,1.08816714216,0.0874536364983,1.45907471329,-0.257641456751
4.181247,0.778859805193,-1.07110818946,-0.0243533047262,1.08818462543,0.0878750317776,1.45887049965,-0.253797156959
4.191235,0.783092744958,-1.07131918653,-0.0248741041732,1.08812749269,0.0885100298191,1.45889851984,-0.249793030653
4.201224,0.78765934288,-1.07152310189,-0.0250085605248,1.08813947094,0.0891150836933,1.45906367388,-0.245742619662
4.211212,0.792400259663,-1.0716431075,-0.0251674444436,1.08835531659,0.0896440897599,1.45892520689,-0.241960856681
4.221200,0.79679146912,-1.07167443942,-0.025490511437,1.08837314452,0.0900824664491,1.45867916093,-0.238709857105
4.231188,0.80109283108,-1.07156911905,-0.0258663515197,1.08816272205,0.0901822320067,1.45846665463,-0.235708129996
4.241176,0.80566250249,-1.07120992863,-0.026324663646,1.08811678838,0.0900874373394,1.45807382854,-0.232438244025
4.251165,0.810214328371,-1.07076764499,-0.0263915860233,1.08809292696,0.0902880925925,1.45780398495,-0.2290754203
4.261153,0.814659233327,-1.07046323996,-0.0262013609643,1.08811158031,0.090196975137,1.45778058994,-0.226012972563
4.271141,0.819081992994,-1.0702871537,-0.0264367239713,1.08823867552,0.0898110084109,1.45753153651,-0.223047141428
4.281129,0.823474583192,-1.07011167629,-0.0266798205359,1.08830957273,0.0895251262396,1.45712479097,-0.220217209464
4.291117,0.827786766812,-1.06983025251,-0.026778786727,1.08808782259,0.0892085006285,1.45706505025,-0.217549154101
4.301106,0.832142775137,-1.0694890705,-0.0268335595963,1.08787428341,0.0888885014664,1.45720328063,-0.215014440123
4.311094,0.836456400501,-1.06901826818,-0.026877110832,1.08799814338,0.0888589002805,1.45744163447,-0.212425819311
4.321082,0.840795425307,-1.06819546311,-0.0268307602022,1.08801919547,0.0888138996367,1.45772241166,-0.209691047524
4.331070,0.845090340132,-1.06726599113,-0.0268221119333,1.08802112343,0.0886656970564,1.45774408686,-0.207063485402
4.341058,0.849008761648,-1.06648395167,-0.0271128554977,1.08815839438,0.0889016025923,1.45769845166,-0.204517088777
4.351047,0.852786892999,-1.06579268092,-0.0274526141741,1.08817383046,0.0894152669978,1.45780174013,-0.202095243053
4.361035,0.856754819998,-1.06510385628,-0.0274723224301,1.08811870634,0.0896045478613,1.457800184,-0.19976193568
4.371023,0.860606004533,-1.06431871261,-0.0273561004094,1.08825027159,0.0895598356983,1.45754260958,-0.197008380292
4.381011,0.864367770961,-1.0634440889,-0.0272755906573,1.08831729104,0.0897032032326,1.45719339379,-0.194097862774
4.390999,0.868232889129,-1.06274843643,-0.0273004637728,1.08812508383,0.0898394038414,1.45701713159,-0.191580280556
4.400988,0.872081917649,-1.06167989473,-0.0274186952277,1.08784308673,0.0898659032846,1.45704782296,-0.188761460274
4.410976,0.875806679786,-1.06018286717,-0.0277138457042,1.08779101263,0.0898612053796,1.45706562456,-0.185599525974
4.420964,0.879359344642,-1.05894394323,-0.0279223051177,1.08797341322,0.0898947537709,1.45714008171,-0.182687208088
4.430952,0.882733111409,-1.05790566531,-0.0276998339722,1.08795121328,0.0901296036621,1.45723625002,-0.18016602758
4.440940,0.885785074392,-1.05686898674,-0.0275512315444,1.08776511294,0.0904423533679,1.45704037459,-0.177283252086
4.450929,0.889114661431,-1.05590395399,-0.0275975981652,1.08775538161,0.0902745932279,1.45683764406,-0.173717001547
4.460917,0.89269976597,-1.05467394974,-0.0276611664186,1.0876295817,0.089784370699,1.45669608391,-0.170216569604
4.470905,0.896064047342,-1.05320655747,-0.0279350026716,1.08727489532,0.0897220807709,1.45655610222,-0.167093977507
4.480893,0.899178000194,-1.05185909003,-0.0282092704319,1.08696863505,0.0900581389815,1.45649559933,-0.164002104175
4.490881,0.90219302265,-1.05051332278,-0.0280732508384,1.08682041636,0.0902047659497,1.45645594344,-0.160538232859
4.500870,0.905267129816,-1.04891261175,-0.0279122030185,1.08678370696,0.0902529309685,1.45644816263,-0.156547704436
4.510858,0.908544678262,-1.04713734599,-0.0280040423565,1.08668422883,0.0904192605912,1.45644256662,-0.152553189896
4.520846,0.911769815209,-1.04526163402,-0.0279245013017,1.0864318328,0.090621046454,1.45607782778,-0.148762529529
4.530834,0.915118276846,-1.04347095921,-0.0278482893386,1.08630904516,0.0908256196497,1.45562293135,-0.144837634675
4.540822,0.918550073201,-1.04176190874,-0.0280066756255,1.08616354849,0.0906651690827,1.45543688786,-0.140638455861
4.550811,0.921817561392,-1.0402201053,-0.0283056743802,1.08599227906,0.0904900694813,1.45535186091,-0.136181913732
4.560799,0.924846789706,-1.0385678093,-0.0283624578206,1.08602344873,0.0907541366863,1.45497222687,-0.131931638257
4.570787,0.927724894147,-1.03648136354,-0.028227542708,1.08604951718,0.0910644671872,1.45461098749,-0.127864966661
4.580775,0.930451237473,-1.03420567726,-0.0281893499446,1.08574023006,0.0911522174144,1.45438017207,-0.123693163679
4.590763,0.933349570969,-1.03200385105,-0.0281454848421,1.0852182888,0.0913120086878,1.45407025709,-0.119358454791
4.600752,0.936431176105,-1.02994869253,-0.028099090028,1.08496704243,0.0914194269849,1.45367234079,-0.114941182094
4.610740,0.939498115142,-1.02787559889,-0.0282633514941,1.08509007711,0.0912063826936,1.4532090046,-0.110637658474
4.620728,0.942594019352,-1.02560994722,-0.0286301352116,1.08525396306,0.0909065610773,1.45270082483,-0.106429887462
4.630716,0.94547494625,-1.02331386502,-0.0288537315439,1.08536567848,0.0908057877706,1.45232532304,-0.101905091261
4.640704,0.948146960488,-1.02094826113,-0.028622822894,1.08529581504,0.0909292645386,1.45205038297,-0.0970450116702
4.650693,0.95121974807,-1.01836185943,-0.028331901187,1.08490980192,0.0910492670206,1.45168016865,-0.0923008778501
4.660681,0.954434023604,-1.01570956788,-0.0282166035337,1.08428909335,0.0909641223447,1.45130982254,-0.0877979011478
4.670669,0.957340711894,-1.01308943591,-0.0283516725526,1.08369941816,0.0909565892151,1.4509978858,-0.0833814085508
4.680657,0.960369761599,-1.01052699059,-0.0286873353208,1.08326430326,0.091175423485,1.4505610588,-0.0789393937075
4.690646,0.963164388824,-1.0078426008,-0.028966903296,1.08278145219,0.0914180290972,1.45009234092,-0.0743774990976
4.700634,0.965330744857,-1.00501001813,-0.0291808089861,1.08233668425,0.0914795970425,1.44978232681,-0.0694460346275
4.710622,0.967923396527,-1.00227368252,-0.0292973955797,1.08194937174,0.0914697829553,1.44918987305,-0.0642281666968
4.720610,0.971050344359,-0.999459983251,-0.0292631482372,1.08141592946,0.0913000220198,1.44836040162,-0.0589852255176
4.730598,0.974076676239,-0.99654190099,-0.0292067588071,1.08077861081,0.0909603807471,1.44759821724,-0.0536219654551
4.740587,0.976905437933,-0.993710767628,-0.0292887181161,1.08026568327,0.0907216582541,1.44685257177,-0.0479407143213
4.750575,0.979555494091,-0.990889085153,-0.0294471187012,1.07973894017,0.0906838525646,1.44609018971,-0.0421924781215
4.760563,0.981909772012,-0.988105849509,-0.0294997244763,1.07879469191,0.0906925129162,1.44517701505,-0.0364981364235
4.770551,0.984311390896,-0.985352040835,-0.0294991741315,1.07776689176,0.0907144853737,1.44384651151,-0.0303864175646
4.780539,0.987093413565,-0.982361829861,-0.029425632579,1.07720625882,0.0908013257811,1.44247954496,-0.0241565307899
4.790528,0.989704731688,-0.979129788244,-0.0294872638578,1.07674164473,0.0907306022614,1.44102781703,-0.0179206766509
4.800516,0.992232095739,-0.976044893632,-0.0298666232,1.07577810059,0.0907050725248,1.4393346639,-0.0114572005806
4.810504,0.994655175036,-0.973148157525,-0.0301624687248,1.07486235182,0.0909014172437,1.43772667199,-0.00487178383823
4.820492,0.996927197166,-0.970224678826,-0.0299550238202,1.07413542493,0.0909374383648,1.43607565463,0.00192023084859
4.830480,0.999401063199,-0.967310971075,-0.0296788461801,1.07327385026,0.0907600315963,1.43455363698,0.00895581560305
4.840469,1.00176500481,-0.964388454862,-0.0298718386528,1.07202459953,0.0907493163339,1.43335882571,0.0162269601894
4.850457,1.00395705917,-0.961246920276,-0.0301900958453,1.07051763435,0.090753164664,1.43225347087,0.0236747830464
4.860445,1.00616862342,-0.958098416233,-0.0303261207208,1.06924190701,0.0905247599017,1.43120742475,0.0311446054363
4.870433,1.00846010342,-0.955171881799,-0.0305035634466,1.0680331073,0.09023361365,1.43028696611,0.0386439832808
4.880421,1.01102337162,-0.952064510164,-0.0306070012532,1.06640858227,0.0900790867591,1.42943829005,0.0460747620982
4.890410,1.0135685582,-0.948580843376,-0.0304806429423,1.06499153019,0.0900192514025,1.42872566347,0.0531048789856
4.900398,1.01579560952,-0.945186691667,-0.0306532713032,1.06377021409,0.0897990154396,1.42760646875,0.0602107799147
4.910386,1.0181596729,-0.942313139906,-0.030645919072,1.06228767863,0.0893931778151,1.42607552334,0.0675898647051
4.920374,1.02049265078,-0.939981458534,-0.030583417118,1.06081228285,0.0891744145321,1.4244291578,0.0749568423955
4.930362,1.02274729171,-0.937584116787,-0.031013706349,1.05950547034,0.0893178447178,1.42283417627,0.0824008674648
4.940351,1.02492056214,-0.934757580179,-0.0314078822006,1.05821715202,0.0893314008256,1.42142431735,0.0895182721581
4.950339,1.02701725966,-0.93155557997,-0.0313974322934,1.05675892485,0.0890462757905,1.42024209084,0.0958123230317
4.960327,1.02921464748,-0.928320960243,-0.031263090685,1.05513828681,0.0888832519247,1.41886361999,0.101954213128
4.970315,1.03141001367,-0.925560536193,-0.0312082448709,1.05360515855,0.088867889832,1.41741117118,0.108466874909
4.980303,1.033581738,-0.923227995916,-0.031371054042,1.05209733116,0.0887919035535,1.41618243518,0.114812931938
4.990292,1.0357192528,-0.920706831247,-0.0316201189354,1.05061426993,0.0886277169951,1.41489602421,0.120638345198
5.000280,1.03762893526,-0.917866977311,-0.0317894592453,1.04932426381,0.0885450467623,1.41335937278,0.126292707168
5.010268,1.03941353092,-0.9151709707,-0.0320717895824,1.04794495505,0.088640939739,1.41196025388,0.131925598561
5.020256,1.04133303321,-0.912473710719,-0.032268862309,1.04617978674,0.0886750447515,1.41082606191,0.137504529432
5.030244,1.04325248346,-0.909578092404,-0.0321809610003,1.04431982956,0.0886549572846,1.4096279624,0.143162417812
5.040233,1.04515875488,-0.906851138877,-0.0321899530404,1.04272796759,0.0886144074642,1.40815683553,0.148370752168
5.050221,1.04699257192,-0.904216970789,-0.032246280757,1.04118357377,0.0883902253187,1.40668999164,0.152978494212
5.060209,1.0489649355,-0.901600891177,-0.0324890434117,1.03956355996,0.0882909402596,1.40561324863,0.157519994493
5.070197,1.05105885063,-0.899171209367,-0.0326653817764,1.03807050679,0.0885129576153,1.40469115739,0.162202360846
5.080185,1.05292255339,-0.896775690119,-0.0326880599356,1.03653291549,0.088845998598,1.40378971361,0.166949201605
5.090174,1.05432846455,-0.894041406882,-0.0328075985475,1.0349830283,0.0889275021786,1.40295846827,0.171448867012
5.100162,1.05555498827,-0.891136042454,-0.0329298160255,1.0331476064,0.0886772553552,1.40221912033,0.175692678402
5.110150,1.05724901781,-0.888381175175,-0.0329682957851,1.03087348294,0.0883251735113,1.40149917915,0.179912608821
5.120138,1.05919196201,-0.885856931871,-0.0330551937882,1.02870424677,0.0880355869964,1.40098624649,0.184037682732
5.130126,1.06067695767,-0.883668971297,-0.0332416070363,1.02698701859,0.087868710071,1.40080238485,0.187984014794
5.140115,1.06222943264,-0.881714178838,-0.0334568328565,1.02544593284,0.0878297965101,1.40049320528,0.191964715536
5.150103,1.06436377983,-0.879375354542,-0.0336516068149,1.0238365598,0.0876944632535,1.40014432817,0.195841078321
5.160091,1.06639951932,-0.876928625283,-0.0337761460961,1.02195548089,0.0876622151101,1.40011451229,0.199498563309
5.170079,1.06789550415,-0.874685751273,-0.0336842851001,1.02022287229,0.0876352504538,1.40020368846,0.203021065077
5.180067,1.06896666343,-0.872222226132,-0.0338891185777,1.01834452416,0.0875330459087,1.40035130668,0.206688394475
5.190056,1.07015440712,-0.869695461248,-0.0347094203137,1.0162995721,0.0874942401865,1.40033226448,0.210558603369
5.200044,1.07168626536,-0.867358548144,-0.0353653121497,1.0144784853,0.0877678999791,1.40061701606,0.213978820226
5.210032,1.07332169608,-0.865161385212,-0.0354524735447,1.01316436159,0.0878457969713,1.40103758869,0.217150293787
5.220020,1.0749985546,-0.863060037717,-0.0353242464049,1.01198737845,0.0875819231643,1.40093481758,0.220301869858
5.230008,1.076582706,-0.860969036463,-0.0354776477474,1.01061107513,0.0876862962519,1.40072527093,0.22344143435
5.239997,1.07832139649,-0.859105442597,-0.0361162448997,1.0093433827,0.0880017840245,1.40069481105,0.226280857387
5.249985,1.08018633487,-0.857439414425,-0.0368004421888,1.0085359323,0.0880283215666,1.40065871076,0.228616104508
5.259973,1.08165210689,-0.855399273346,-0.0371331779098,1.0077862378,0.0879354768849,1.40052392316,0.230851735148
5.269961,1.08306141341,-0.853261170636,-0.0376064001457,1.00677428899,0.0876312413081,1.40014395358,0.232887200779
5.279950,1.08455205814,-0.85158935942,-0.038508789269,1.00596986014,0.0873157533791,1.40010959554,0.234009724627
5.289938,1.08584096548,-0.849531867618,-0.0391732534047,1.00502088544,0.087219730297,1.40045441635,0.23466094275
5.299926,1.08706716806,-0.847324425758,-0.0395974027083,1.00419530856,0.0871392244573,1.40052021073,0.235571922698
5.309914,1.08839042563,-0.845723877355,-0.0401134405761,1.00349944588,0.0871602603473,1.40017172348,0.236858386797
5.319902,1.08971423833,-0.844205649242,-0.0406621018748,1.00276424148,0.0872498506784,1.39984146758,0.238314419201
5.329891,1.09120508198,-0.842427184464,-0.0412366946167,1.00207525231,0.0871152334759,1.39986407579,0.239678470342
5.339879,1.09295795798,-0.840788435561,-0.0418773407001,1.00145375809,0.0869561420459,1.40001105475,0.240754077996
5.349867,1.09438976524,-0.839124657805,-0.0426123080972,1.00115877126,0.0867800129227,1.40010078692,0.241613706857
5.359855,1.09566021858,-0.83738837966,-0.0432731933814,1.00107441949,0.0868020510185,1.4001546163,0.242153691012
5.369843,1.09724603834,-0.835710255379,-0.0437720643351,1.00096293484,0.0870053423048,1.40023299313,0.242589255669
5.379832,1.09885186281,-0.834151170092,-0.0441312875652,1.00083451553,0.0869433058197,1.40020762719,0.243227189866
5.389820,1.10016448765,-0.83272384317,-0.0444579646001,1.00059303049,0.0866946794652,1.39999217991,0.243808018752
5.399808,1.10151361975,-0.831193143298,-0.045078077477,1.00047405747,0.0864877163015,1.39983673395,0.244103593011
5.409796,1.10296596366,-0.829743051452,-0.0456695661816,1.0009195839,0.0859561894738,1.39963187682,0.244198556547
5.419784,1.10441354582,-0.82824492554,-0.0461614209104,1.00131299885,0.085240072622,1.39957875095,0.24456358688
5.429773,1.1057838447,-0.826759633808,-0.0470002920966,1.0013032985,0.0849146075116,1.39945966681,0.24516513443
5.439761,1.10698723464,-0.825280567183,-0.0478486296154,1.00112591295,0.084511299509,1.39949586872,0.245572366625
5.449749,1.10853599671,-0.823676418676,-0.0482589302309,1.0013623799,0.0842055213879,1.39966938542,0.245771081168
5.459737,1.11007743049,-0.822115603534,-0.0486622110272,1.00121611149,0.0842113234142,1.3998216938,0.245800463665
5.469725,1.11138559927,-0.820279172759,-0.0493796730702,1.0008659632,0.084303660484,1.39998025462,0.245776617012
5.479714,1.11254199228,-0.818331814304,-0.0501325902492,1.00075650856,0.084230161569,1.39999054666,0.246042325854
5.489702,1.11378664248,-0.816565552458,-0.0506510820942,1.00075578249,0.084121784889,1.3998141893,0.246865732199
5.499690,1.11536503927,-0.814823173386,-0.0512538471168,1.00086357244,0.0841132455545,1.39966869313,0.247885191391
5.509678,1.1169365694,-0.813050743875,-0.0523208225404,1.00108109954,0.0841593550345,1.39959239606,0.248753146019
5.519666,1.11802624496,-0.811325409932,-0.0535115428235,1.00112704252,0.0843080969703,1.39938931989,0.24984537338
5.529655,1.11899143442,-0.809611188152,-0.0543719003027,1.00098813433,0.084466895249,1.39910312501,0.251229193042
5.539643,1.12033013264,-0.808071955489,-0.0548909848692,1.00109405128,0.0844946132893,1.39900121036,0.252825693793
5.549631,1.12198125187,-0.80630156081,-0.0554338956395,1.00106140857,0.0844696804952,1.39901419014,0.254810552585
5.559619,1.1235809427,-0.804370525357,-0.0563520562174,1.00075300869,0.08433481778,1.39893548603,0.256271800154
5.569607,1.12490459525,-0.802690304367,-0.0573067347042,1.0004427307,0.0840928401444,1.39869596768,0.257608368939
5.579596,1.12595658092,-0.801104526804,-0.0580143587188,1.00066797398,0.0840960454363,1.39804417791,0.259097751858
5.589584,1.12715646187,-0.7995168531,-0.0585680920515,1.00084328435,0.0843124879648,1.39765891934,0.260765514373
5.599572,1.12874292231,-0.797628711882,-0.0592854893138,1.00066622958,0.0842102313249,1.39767176129,0.262580832202
5.609560,1.13010316636,-0.795510487037,-0.0601782996961,1.00070075495,0.0842377270262,1.39727347286,0.264424847592
5.619548,1.13127737541,-0.793794255988,-0.0609656376353,1.00096706552,0.0842752622438,1.39673180906,0.266123445452
5.629537,1.13254772107,-0.792429049089,-0.0615461630119,1.00105809477,0.0839270476681,1.39629895415,0.267796302601
5.639525,1.13359714327,-0.790679038881,-0.062127696476,1.00091959496,0.0839174942567,1.39531050989,0.269680187863
5.649513,1.13453168189,-0.788425575835,-0.0628053932681,1.00083071977,0.0845187332164,1.39387604648,0.271584929514
5.659501,1.13575457614,-0.78626577865,-0.0632999986379,1.00105870498,0.0846934406911,1.39266021166,0.273413361707
5.669489,1.1371967049,-0.784592627724,-0.0634956122742,1.00126405156,0.0844915704086,1.39156208685,0.275416624801
5.679478,1.13850637309,-0.782795936685,-0.0637619941657,1.00115474706,0.084510006592,1.39011968385,0.277507374404
5.689466,1.13942952294,-0.781157195616,-0.0643612958749,1.00098962753,0.0844675221454,1.38886035876,0.279361919664
5.699454,1.14010656975,-0.779477813532,-0.0647501355406,1.00082056459,0.0845609281968,1.38787993866,0.281106950587
5.709442,1.14058795048,-0.777412731874,-0.0648541577329,1.00082615519,0.084280290045,1.38677503172,0.282860041308
5.719430,1.14129826451,-0.775590478788,-0.0650456794287,1.00093120021,0.0838944450789,1.38541974181,0.284693810157
5.729419,1.14223503906,-0.773932066513,-0.0655880717917,1.00091553917,0.0841274646279,1.38398218577,0.286687288095
5.739407,1.14339746168,-0.772241361684,-0.0664903180366,1.00085412768,0.0843772924267,1.38253687187,0.288643408147
5.749395,1.14460362815,-0.770540899147,-0.0674802556321,1.00075400898,0.0842350458624,1.38103328855,0.290255495869
5.759383,1.14543258701,-0.768708083478,-0.0679885845548,1.00075053785,0.0840472054394,1.37933896995,0.291754953813
5.769371,1.14603351016,-0.766928180232,-0.0680313704486,1.00079750522,0.0838828768852,1.37740974091,0.293819396846
5.779360,1.14687709973,-0.765324877243,-0.0683224137226,1.00044764398,0.0837853492024,1.37545435882,0.29632198416
5.789348,1.14783806596,-0.763451623109,-0.0688166665434,1.00032928298,0.0839741818121,1.37360554167,0.298362399953
5.799336,1.14867943639,-0.761636450703,-0.0697085523089,1.00047568483,0.0840654550314,1.37165818223,0.300320900362
5.809324,1.14952425059,-0.759766955945,-0.0701618188042,1.00041231937,0.0838265736858,1.36955215587,0.302474543848
5.819313,1.15039053205,-0.757818432622,-0.0702297298396,1.00044387273,0.0838004715784,1.3673998603,0.304668402207
5.829301,1.15082996192,-0.755921810078,-0.0704606048267,1.0005522148,0.0838982876947,1.36523757289,0.306722093358
5.839289,1.15146274025,-0.754152336934,-0.0708289076141,1.00060149199,0.0838693872469,1.3629907358,0.308690168573
5.849277,1.15223299909,-0.75268149723,-0.0711869895179,1.0007156788,0.0838899290265,1.36049497134,0.310486994952
5.859265,1.15285338923,-0.751194486713,-0.0714183050165,1.00049303789,0.0838871478418,1.35789091659,0.312575519812
5.869254,1.15336804084,-0.749557511956,-0.0715032068023,1.00010943288,0.0840043814326,1.35555806583,0.314782896889
5.879242,1.15387171765,-0.747721724361,-0.071668158102,1.00006623375,0.0842308893369,1.35344641843,0.31688363819
5.889230,1.15439271617,-0.745725974414,-0.0718916660219,1.00036190352,0.0841863210001,1.35113159969,0.318962229522
5.899218,1.15492251494,-0.743944218899,-0.0721049354226,1.00067788885,0.0838595272994,1.34864395938,0.320816906539
5.909206,1.155591988,-0.742369815723,-0.0726022330632,1.00068307784,0.0835635470271,1.34631832555,0.322511281145
5.919195,1.15633351854,-0.740775857248,-0.0729700392743,1.00055035242,0.0835497702633,1.34400066047,0.324126268713
5.929183,1.15721995488,-0.739197391562,-0.0731715146224,1.00033008153,0.0838835927205,1.34179335494,0.325759931893
5.939171,1.15800822634,-0.737530345436,-0.0731031742657,1.0000938349,0.0840688303097,1.3395195443,0.326960822205
5.949159,1.15825567444,-0.735961574249,-0.0728577897139,0.999901887978,0.0838266120805,1.33710234616,0.328303095532
5.959147,1.15843766622,-0.73447625238,-0.0727799741663,0.999927405668,0.0836704256675,1.334793292,0.329692863063
5.969136,1.15903458706,-0.732627435457,-0.0730052055071,0.999564042861,0.0835947505467,1.33282624782,0.330701166557
5.979124,1.15981581312,-0.730668776324,-0.0730972980933,0.999096089956,0.0834854780187,1.33089256802,0.33156888454
5.989112,1.16023971274,-0.728919317246,-0.0732485620129,0.999182957084,0.0835484145723,1.32880426159,0.332412607369
5.999100,1.16030331331,-0.727230401558,-0.0735376093152,0.999682606275,0.0836137918491,1.32670965004,0.333149759891
6.009088,1.16042864659,-0.725718387238,-0.0736444944388,1.00012615902,0.0836072312418,1.32440242587,0.333650726243
6.019077,1.16066354046,-0.724403768122,-0.0735158392781,1.00034357861,0.0838303291006,1.32206800885,0.334160861794
6.029065,1.16093763143,-0.722878756431,-0.0733599939499,1.00050252322,0.0840865064761,1.32038976795,0.335139309998
6.039053,1.16146591805,-0.721338632409,-0.0733207285329,1.00067301085,0.0840479464721,1.31885462689,0.335949143856
6.049041,1.16176393592,-0.720012699338,-0.0732027441635,1.00067819879,0.0842090733972,1.31704390002,0.336273107278
6.059029,1.16204209493,-0.718615376082,-0.0730335481849,1.00056094326,0.0840941164075,1.3150800247,0.336751138336
6.069018,1.16227945749,-0.716752732952,-0.0730048831312,1.00034602609,0.0839495755348,1.31350366061,0.336984126768
6.079006,1.16282779394,-0.714615478167,-0.0730972619112,1.00008880599,0.0838597147004,1.31215785024,0.337110376035
6.088994,1.16314722802,-0.712644921904,-0.0732093192283,0.999696864739,0.0839774998572,1.31084065597,0.336992047171
6.098982,1.16310637657,-0.710932005506,-0.0731174795821,0.99937832022,0.0841356903099,1.30938828553,0.336659747418
6.108970,1.16323007979,-0.70962446375,-0.0730334568627,0.999154277487,0.0842488565197,1.30805444842,0.336606399666
6.118959,1.16337305454,-0.708202501331,-0.0730887943176,0.999333571272,0.0841944416738,1.30685477093,0.33661841048
6.128947,1.16327410415,-0.70647388334,-0.0731063248369,0.999681183804,0.084179279469,1.30571301788,0.336479743397
6.138935,1.16347328566,-0.70480906467,-0.0728734872482,0.999643615497,0.0844341646419,1.30445907711,0.33641718646
6.148923,1.16425384231,-0.703352619001,-0.0726519248089,0.999390625079,0.0845592709896,1.3030936393,0.336377924099
6.158911,1.16463532881,-0.701967234856,-0.0727267115835,0.999372869443,0.084254278565,1.30204962137,0.336164569212
6.168900,1.16435271562,-0.70038655281,-0.0727223280705,0.999605074038,0.0839495961557,1.30124525549,0.336004797503
6.178888,1.16467810013,-0.698806016985,-0.0731420579909,0.999593047693,0.0838824570047,1.30048498881,0.335941506239
6.188876,1.16544095827,-0.697095813053,-0.0734411809111,0.99942557785,0.0841103536207,1.29937584554,0.336139598836
6.198864,1.16571171198,-0.695382717716,-0.0735935482468,0.999667645518,0.0842498262392,1.29840117754,0.336264099727
6.208852,1.16589473664,-0.693887381872,-0.0736770666639,0.9999397439,0.08413171547,1.29786667672,0.336207218705
6.218841,1.16577421708,-0.692634931698,-0.0734304437161,0.999807657982,0.0840497900625,1.29672043069,0.336292778366
6.228829,1.16554773745,-0.69110486486,-0.0731113434779,0.999886258115,0.0840589860544,1.29564056959,0.336417418211
6.238817,1.16560647976,-0.689547327285,-0.0731968319847,1.00016161396,0.0841857826901,1.2948527497,0.336448648957
6.248805,1.16576428591,-0.687848371442,-0.0731494195996,1.00022429435,0.0844714806269,1.29396783219,0.336310488922
6.258793,1.16601448625,-0.685979849743,-0.0728129224175,1.00002158849,0.0845785992458,1.29311787949,0.33634880091
6.268782,1.16641080541,-0.684293686288,-0.0727824885432,0.999757978676,0.0845410229833,1.29231195895,0.336548546375
6.278770,1.16662192429,-0.682793386883,-0.0730065894623,0.999656854832,0.0848834630895,1.29134235518,0.336373162588
6.288758,1.16665929511,-0.681274413706,-0.0731240108919,0.999564887955,0.0855322799801,1.29030878563,0.336062732793
6.298746,1.16700265223,-0.679545041963,-0.0733340244107,0.999312934424,0.0860676517261,1.28928347559,0.335985179165
6.308734,1.16714887976,-0.678092078745,-0.0732345591515,0.99924514789,0.0863433820539,1.28815507967,0.336179285271
6.318723,1.16687742936,-0.676731513553,-0.0731757466568,0.999245942819,0.0864654996391,1.2873875586,0.336189460054
6.328711,1.16688332332,-0.675133545164,-0.0730998667305,0.999695388914,0.0864979638125,1.28615805093,0.335947140613
6.338699,1.1673763437,-0.673031129511,-0.0729934600898,0.999973538256,0.0864284191311,1.28498347457,0.335963161983
6.348687,1.16808067457,-0.671132802261,-0.0730380648332,0.999953056292,0.086683822973,1.28343044996,0.336023440955
6.358676,1.16827240789,-0.66928998457,-0.0730159668847,0.999614399856,0.0865856236154,1.28181477963,0.335998070514
6.368664,1.16857681383,-0.667542062938,-0.0730351064692,0.9995862424,0.0863143200235,1.28038687332,0.335976579489
6.378652,1.16875884749,-0.666011751951,-0.0729925549487,0.999644265517,0.0861358264258,1.27900996237,0.336005187327
6.388640,1.16828952533,-0.66421617224,-0.0729163145844,0.999522179289,0.0860859716863,1.27765672765,0.336137258095
6.398628,1.1678105006,-0.662289945917,-0.0730588526297,0.999468830135,0.0863335523748,1.27615780156,0.336193768197
6.408617,1.16774512684,-0.660922759569,-0.0731739259353,0.999295805141,0.0864671416583,1.27466511482,0.335994665503
6.418605,1.16780582671,-0.659647929203,-0.0730104188225,0.99895773192,0.0860606437831,1.27344942335,0.335964559416
6.428593,1.16813992923,-0.657706444412,-0.0730263071736,0.998644647489,0.0857122065933,1.27200345575,0.336158440019
6.438581,1.16860172751,-0.655447437951,-0.0734860049393,0.998569299571,0.085874728149,1.27057197439,0.33581322328
6.448569,1.16876315797,-0.653290959667,-0.0735348878642,0.998892198471,0.0863203363091,1.26877695022,0.335701442822
6.458558,1.16905967925,-0.651266509806,-0.0732610698041,0.999232806247,0.086457552269,1.26671491488,0.335979833926
6.468546,1.16919943145,-0.64938364544,-0.0730137886835,0.999131935159,0.0861514827213,1.26465818262,0.33604086633
6.478534,1.16918369556,-0.647709354531,-0.0730662673906,0.998984561635,0.0859911172774,1.26271322803,0.33589118896
6.488522,1.16917622454,-0.646533794601,-0.0733827432126,0.999201928389,0.0862351234868,1.26066767013,0.335892131117
6.498510,1.16927826027,-0.644990106395,-0.0734378939886,0.999360112101,0.0867745214809,1.25842325356,0.335809841718
6.508499,1.16964112591,-0.642862886495,-0.0732792766948,0.999532687243,0.0867950681626,1.25600305986,0.335762876398
6.518487,1.16994841343,-0.640635131424,-0.0731201581489,0.999695452557,0.0864807744487,1.25381832289,0.336005709456
6.528475,1.16971381908,-0.638611860565,-0.0730360173117,0.999706774299,0.0865950923796,1.25214277932,0.336191662711
6.538463,1.16935675642,-0.637041725831,-0.0732992893284,0.999728066766,0.0864214856039,1.25048610349,0.336195463751
6.548451,1.16954385795,-0.635365563764,-0.0736701183098,0.999170255984,0.0858869108005,1.24839722421,0.336442208649
6.558440,1.16948698337,-0.633177764305,-0.0737402524985,0.998642100023,0.0860427943768,1.24592566607,0.336580868189
6.568428,1.16903423258,-0.631141753306,-0.0737461559391,0.99918000012,0.0861485731637,1.24362684015,0.336811510582
6.578416,1.16871651115,-0.629313191221,-0.0737386108833,0.999632107442,0.0859048117897,1.24158255459,0.337718730368
6.588404,1.16865283001,-0.627480624331,-0.0736585920742,0.999569163669,0.0855670729161,1.23906301013,0.3388952294
6.598392,1.16877459107,-0.625597505564,-0.0734705459089,0.999405183826,0.0853779998555,1.23700074554,0.339996759734
6.608381,1.16903671129,-0.623879625274,-0.0733783447769,0.999144777186,0.0855967907058,1.23515672894,0.341488861871
6.618369,1.16915689196,-0.622162317237,-0.073325671579,0.998855907758,0.0858913507621,1.23302916141,0.343308797535
6.628357,1.16968865043,-0.620690616241,-0.07321148843,0.998788788667,0.0856176490729,1.23002405135,0.345203632575
6.638345,1.17004704538,-0.619317157476,-0.0732926996441,0.999036655838,0.0853644969944,1.22687608245,0.347029028173
6.648333,1.16986940891,-0.617620584912,-0.0735891314264,0.999491999736,0.0857913200542,1.22425171108,0.348927791615
6.658322,1.16970466613,-0.615917645495,-0.0737152920798,0.999745992727,0.08625816613,1.22150528293,0.350898376989
6.668310,1.169373406,-0.614562723866,-0.0735457854881,0.999431034712,0.0862046201395,1.21880940905,0.35268016906
6.678298,1.16948455592,-0.613073687828,-0.0734706456731,0.999124076248,0.086100576099,1.21656436658,0.35473546539
6.688286,1.16987148878,-0.611216940429,-0.07358418644,0.999393244224,0.0860046630787,1.21416559088,0.356706317207
6.698274,1.17016945736,-0.609497424412,-0.0733260281168,0.999458894611,0.0855987150381,1.21145954213,0.358387379962
6.708263,1.17000692201,-0.60786084432,-0.073521856792,0.99927369523,0.0854561199471,1.20885101131,0.359706829656
6.718251,1.16978154085,-0.606127110827,-0.0732724879379,0.998885297644,0.0856886995697,1.20636249342,0.360483668293
6.728239,1.1696885502,-0.604559731037,-0.0733859023333,0.998716541376,0.0856605077725,1.20334087075,0.360533335757
6.738227,1.16937971377,-0.602848874763,-0.0733583118054,0.998770257704,0.085500277072,1.20071310338,0.360481944451
6.748215,1.16958439979,-0.601501691141,-0.0733394302842,0.998849100079,0.0853094135541,1.19845325632,0.360693751462
6.758204,1.16984446394,-0.599945858942,-0.0735511930204,0.998719572003,0.0851262627265,1.19592919539,0.360881898994
6.768192,1.16966033545,-0.598231906101,-0.0738083167796,0.998689595534,0.0848275886486,1.19338666723,0.360772521606
6.778180,1.16975710262,-0.597124450747,-0.0738611954268,0.998747548599,0.0842131434349,1.19111224511,0.360753246241
6.788168,1.17017344168,-0.596149634639,-0.0737227580396,0.998771276448,0.0836225361208,1.18865884345,0.361016749167
6.798156,1.17040577042,-0.594732540444,-0.0739802488731,0.999293007495,0.0832565597358,1.18577721071,0.360884394331
6.808145,1.1707541112,-0.593081141387,-0.0740387475419,0.999376969762,0.0825946683968,1.18347437438,0.360594265931
6.818133,1.17038924829,-0.591698850506,-0.0736880669173,0.998992134335,0.0819140786407,1.18190296266,0.360532571571
6.828121,1.17004459996,-0.590280826519,-0.073354007557,0.99901426515,0.0814105233362,1.18041744781,0.360663582813
6.838109,1.17038898383,-0.589170870048,-0.0734224634274,0.998970287761,0.0811820897007,1.17857413075,0.360475047028
6.848097,1.17038552834,-0.588170537505,-0.0735202045501,0.998629939501,0.0809107643751,1.17624165246,0.360511496321
6.858086,1.1697959604,-0.586818487095,-0.073639060773,0.998220451694,0.0806223555399,1.17444685066,0.360708041041
6.868074,1.16965405013,-0.585523808549,-0.0738661823013,0.998379766666,0.0805249809723,1.17280529827,0.361019371851
6.878062,1.17013659199,-0.584435777959,-0.0737072767339,0.998934206629,0.0805707324654,1.17133834639,0.361057855331
6.888050,1.17043251135,-0.583639947318,-0.0737978601949,0.998993961203,0.0807015097753,1.16994582075,0.361005861992
6.898038,1.1704725941,-0.582623549363,-0.0740563014555,0.99872905871,0.080761965748,1.16814634752,0.361183831451
6.908027,1.17021436405,-0.581423200462,-0.0739694172661,0.998701578783,0.0808148325391,1.16617254992,0.361081609656
6.918015,1.16966281593,-0.580608083224,-0.0740429464738,0.998726234471,0.08077074028,1.16463855489,0.360726025476
6.928003,1.16981875257,-0.579306329279,-0.0740030725014,0.998872687067,0.0803730928908,1.16356105584,0.360982320227
6.937991,1.17018887396,-0.578132263062,-0.0737685596143,0.999163580166,0.0805122756588,1.16222535291,0.361269412774
6.947980,1.17070247737,-0.577613116788,-0.0738963310045,0.999280156442,0.0807659438355,1.16089913475,0.36128021992
6.957968,1.17051096276,-0.576512999236,-0.074050785023,0.99905870085,0.0811450255847,1.15963222795,0.360929561176
6.967956,1.16987036251,-0.57528146917,-0.0742329927968,0.998874182888,0.0811835539916,1.15844594413,0.360774654802
6.977944,1.16985557441,-0.574362216279,-0.0741915086349,0.998982408094,0.0808511887245,1.15793185171,0.360765440213
6.987932,1.16984685423,-0.573538036461,-0.0739266580816,0.999013527253,0.0804155012921,1.15732537753,0.360821527597
6.997921,1.16983971618,-0.572979855928,-0.0742039669107,0.998765986831,0.0803469842633,1.15582804664,0.361154161009
7.007909,1.17013947685,-0.572440949733,-0.0746646938063,0.998470974845,0.0803739609836,1.15474982208,0.361655076475
7.017897,1.17023667658,-0.571347582478,-0.0745319632596,0.998443755004,0.0805422179344,1.15428003106,0.361514659419
7.027885,1.17010004476,-0.570022644817,-0.0743407826038,0.998798046888,0.0807158495873,1.1536593773,0.360952649082
7.037873,1.17013097541,-0.569059343742,-0.0743223164168,0.998900545328,0.080720824898,1.15312119194,0.360867988974
7.047862,1.17032014197,-0.568559629871,-0.0738835437263,0.998510971181,0.0808874249615,1.15290328608,0.361019808618
7.057850,1.17038420583,-0.568406635983,-0.0737730799258,0.998588687098,0.0809098434846,1.15245855619,0.361008926574
7.067838,1.17016206426,-0.567703659278,-0.0739387307218,0.998843982486,0.080909971379,1.15190391452,0.360914560592
7.077826,1.1704284635,-0.566843110327,-0.0739759163262,0.999394808827,0.0808967611789,1.15143991783,0.360891915096
7.087814,1.17036141224,-0.566248006562,-0.0738804131649,0.999317703879,0.0808082751596,1.1510973708,0.361124531449
7.097803,1.17046581534,-0.565808629169,-0.0736165041987,0.999275710485,0.0806095734019,1.15126315437,0.361059385121
7.107791,1.17036282907,-0.564962132984,-0.0734141958905,0.999037963776,0.0805223925033,1.15173741138,0.360958436794
7.117779,1.17055277341,-0.564322239719,-0.073681870732,0.998600630409,0.0805225659101,1.15222092326,0.360941532176
7.127767,1.17075942201,-0.563879694753,-0.0743111950599,0.998613886636,0.0805256193943,1.15180765761,0.360886290351
7.137755,1.17067057952,-0.563144330231,-0.0744371211612,0.998866753742,0.0805678622838,1.1513264184,0.360825760876
7.147744,1.17029694144,-0.562355087637,-0.0740283986195,0.998890853283,0.0806972934177,1.15130782196,0.361128060446
7.157732,1.16988221824,-0.561803471582,-0.0738246696351,0.998894268438,0.0807341871029,1.15138371434,0.361426320774
7.167720,1.16997213473,-0.56128832217,-0.0738813736755,0.999004053987,0.080690537741,1.15167600799,0.361262259715
7.177708,1.17043548299,-0.56065447727,-0.0739859314554,0.998806863004,0.0807351959484,1.15205201791,0.361121642481
7.187696,1.17052069725,-0.560233522916,-0.0744476986822,0.998631964481,0.0805774269986,1.15200864062,0.361013653369
7.197685,1.17015195448,-0.560166629486,-0.0745104940036,0.998862008812,0.080618927454,1.15191453953,0.361084362288
7.207673,1.16981286706,-0.560045790051,-0.0741533073789,0.998858761325,0.0806403795056,1.15198013014,0.361078175006
7.217661,1.1700342948,-0.559523485818,-0.0739343337732,0.998993869893,0.0803787738099,1.15184699319,0.361170102562
7.227649,1.17042915341,-0.558571350076,-0.0736788926474,0.99906506187,0.0803582357684,1.15170878276,0.360841863609
7.237637,1.1703542077,-0.55784150753,-0.0735109879726,0.999005550003,0.0803078102726,1.1515230557,0.360839255979
7.247626,1.17014281436,-0.557101189304,-0.0738511989214,0.99880315959,0.0804001449674,1.15148294779,0.360637112857
7.257614,1.17031017156,-0.556436236854,-0.074143744747,0.998633568063,0.0804740203396,1.15167807206,0.360397504479
7.267602,1.17036696197,-0.555732953217,-0.0738856346522,0.998377490979,0.0803826405269,1.15177859173,0.360412124649
7.277590,1.17062895225,-0.555029007825,-0.0739343601577,0.998007035881,0.0805267203037,1.15156851339,0.360530462968
7.287578,1.17084104252,-0.554365643133,-0.0743405631039,0.998134001983,0.0807498981103,1.15111513409,0.36056440462
7.297567,1.17051572401,-0.553642691348,-0.0741679108998,0.99871321347,0.0808085060832,1.15074468492,0.360524674301
7.307555,1.1707483926,-0.553139853806,-0.0740102059777,0.998583120271,0.0808417069535,1.1506963714,0.360688353915
7.317543,1.17085463018,-0.552587576174,-0.074245106874,0.997924108457,0.0805542680438,1.15057735773,0.360719632235
7.327531,1.17068793764,-0.552094177656,-0.0741160613344,0.997791986525,0.0810005039895,1.15027154866,0.3607986184
7.337519,1.17063700651,-0.551464022707,-0.0740045855832,0.998070523527,0.081262874452,1.14993472777,0.360899271796
7.347508,1.17073295989,-0.550847573031,-0.074024077843,0.998146205492,0.0809347271529,1.14966612823,0.36074753226
7.357496,1.17111033718,-0.550366998392,-0.0744205826604,0.998342361564,0.0809601923828,1.14951052116,0.360599922276
7.367484,1.17165262665,-0.549876343518,-0.0743144539647,0.998193368944,0.0807475155335,1.14915272859,0.360490611641
7.377472,1.1714242981,-0.549576224353,-0.0741924170722,0.998317387888,0.0805322205757,1.14839780059,0.360724797927
7.387460,1.17128110841,-0.549081555566,-0.0744740612607,0.998950087716,0.0805215254445,1.1476336674,0.360811705177
7.397449,1.1714610371,-0.548194886703,-0.0743755191251,0.999199184109,0.0804430353521,1.14658489722,0.360810400251
7.407437,1.17123483606,-0.547277052395,-0.0739605281064,0.999010900537,0.0800359746209,1.14567844212,0.360758132884
7.417425,1.17113997729,-0.546831684885,-0.0739081812541,0.998631541966,0.0793069909171,1.145590458,0.360494937372
7.427413,1.17155121674,-0.546702369122,-0.0741004913458,0.997860483649,0.0789666627643,1.14580911528,0.360520968167
7.437401,1.1715907067,-0.546222629424,-0.0742456449445,0.99719951596,0.0792852651378,1.14606619848,0.360754200597
7.447390,1.1715467191,-0.545962975568,-0.074464737384,0.996996701509,0.0792106976425,1.14638545396,0.360519924203
7.457378,1.17100043327,-0.545861428105,-0.0746097515081,0.996793019528,0.0788574546388,1.1463562503,0.360446115583
7.467366,1.17107249638,-0.545828572545,-0.074807379826,0.996752008921,0.0787059272166,1.14633968726,0.360700536344
7.477354,1.17093626475,-0.546041721028,-0.0748100062157,0.996891444839,0.0791631061099,1.14602110014,0.360620343923
7.487343,1.17064402874,-0.545885574911,-0.0745985515627,0.997234833508,0.0789548749019,1.14591144545,0.360403453422
7.497331,1.17058657006,-0.545907799187,-0.0744043510941,0.997189302924,0.0788094431989,1.14607307037,0.359988707298
7.507319,1.17078102522,-0.546084002326,-0.07405344135,0.996961423681,0.0787706745547,1.14594776616,0.359804257126
7.517307,1.17094135872,-0.5463203075,-0.0739455953174,0.997086691218,0.0788673941745,1.14557075489,0.360049056538
7.527295,1.17108036927,-0.546521857943,-0.073944086191,0.996990492701,0.0791412171639,1.14508897225,0.360524791033
7.537284,1.17108344473,-0.54614496785,-0.074008505223,0.997096422509,0.0791595634435,1.14479065074,0.360849139064
7.547272,1.17095854657,-0.545724804137,-0.0744769503925,0.997501011671,0.0789980454903,1.1449103025,0.360828888365
7.557260,1.17113714385,-0.545925529142,-0.0749978330759,0.997299607162,0.0789955326822,1.14514712607,0.360600608217
7.567248,1.17120275072,-0.545798556326,-0.0751070860005,0.99731242339,0.0791125488569,1.14539923547,0.360418462623
7.577236,1.17074426025,-0.545873581617,-0.0747402397785,0.996954569938,0.0793181255694,1.14570196047,0.360740425198
7.587225,1.17071694579,-0.546003477671,-0.0743639160972,0.996677783779,0.079337850292,1.1455092271,0.36074720115
7.597213,1.17064154085,-0.545883928164,-0.0743657176663,0.996979425792,0.0790893957637,1.14524773185,0.360589666873
7.607201,1.17070866169,-0.545883717818,-0.0742399225722,0.997259180906,0.0784153331294,1.14519554477,0.360523674451
7.617189,1.17070833921,-0.546045972801,-0.0741501810356,0.997556463751,0.0780479056355,1.14535401,0.360148153581
7.627177,1.17109407615,-0.545919923238,-0.0741574676155,0.99731611758,0.0783986702792,1.14579686005,0.360349336791
7.637166,1.1716722064,-0.545663541681,-0.0742349459119,0.996927754673,0.0788676808426,1.14541481429,0.360343403293
7.647154,1.1717291697,-0.545719562088,-0.0744942351191,0.996963530494,0.0791582560092,1.1450462042,0.360296374574
7.657142,1.17139514435,-0.545876520717,-0.0743304121968,0.997104265475,0.0791500443813,1.14503054409,0.360558099162
7.667130,1.17106022406,-0.545903274199,-0.0740071437722,0.997093252106,0.0789472451268,1.14498671426,0.360578953873
7.677118,1.17089298249,-0.54589990792,-0.0741429914777,0.996975962482,0.0786764921166,1.14490834779,0.360385636814
7.687107,1.17111109962,-0.545833530868,-0.0741660239079,0.996910153661,0.078396575356,1.14468372753,0.360249638755
7.697095,1.17151107516,-0.545976664227,-0.0741918711822,0.997205710126,0.0785673732459,1.14506275265,0.36014676815
7.707083,1.17148359515,-0.546568142415,-0.0743740223812,0.997452601372,0.0787161182143,1.14544586947,0.36029991993
7.717071,1.17127071728,-0.546653816716,-0.0746270064114,0.997488593859,0.0790038260139,1.14550008145,0.360275534005
7.727059,1.17117888288,-0.546445836598,-0.0744296063196,0.997331326875,0.0792049454243,1.14562400908,0.360184210505
7.737048,1.17099671962,-0.546256658869,-0.0745369828732,0.996858036924,0.0790751106941,1.14511999509,0.360269819015
7.747036,1.17047856242,-0.545904735966,-0.0748402052775,0.996506342551,0.0789320273724,1.14473125325,0.359719966143
7.757024,1.17067344037,-0.545905286055,-0.0749104634027,0.996602947653,0.0787715467718,1.14507373195,0.359605540413
7.767012,1.17141568937,-0.546073027762,-0.0747232804972,0.99675955352,0.0788745104159,1.14544327829,0.359527462574
7.777000,1.17149064621,-0.546237952704,-0.0746136622092,0.996914074361,0.07912332513,1.14521694953,0.359637746131
7.786989,1.17120036923,-0.54624548627,-0.0747156336945,0.996961048355,0.0789657768363,1.14478190559,0.360064044025
7.796977,1.17112521102,-0.546099044511,-0.0745965207784,0.99709465944,0.0786329960832,1.14471285524,0.360153638862
7.806965,1.17085796388,-0.546109703391,-0.0742182942001,0.997442410875,0.0786133026054,1.14477722188,0.360189342769
7.816953,1.17046586108,-0.54622798884,-0.0740937140741,0.997357039879,0.0787194004003,1.14471757282,0.36024350484
7.826941,1.17061294845,-0.546353195231,-0.0741889090161,0.997077155316,0.0788325540939,1.14489759302,0.359885310634
7.836930,1.17092797929,-0.546291315843,-0.0746092205166,0.997175776459,0.0787672956829,1.14486050081,0.360268133331
7.846918,1.1707593656,-0.546450369544,-0.0745173922122,0.997710039003,0.0789825835283,1.14474475705,0.360573691809
7.856906,1.17060695234,-0.546459456131,-0.074719370926,0.997304911085,0.0790673353718,1.14495850202,0.360506174315
7.866894,1.17088567773,-0.546216274833,-0.0746405308121,0.996887118718,0.0786406900395,1.1452650978,0.360142377208
7.876882,1.17095970662,-0.546043696399,-0.0744580883774,0.996957428701,0.0787503652698,1.14540942534,0.360177939315
7.886871,1.17117727195,-0.546476485061,-0.0748829483499,0.996979965151,0.0789432457064,1.14550630308,0.360373031775
7.896859,1.17111493308,-0.54649348129,-0.0749236354476,0.997387143066,0.0788262260332,1.14510643981,0.359900915229
7.906847,1.17115139389,-0.546233613205,-0.0748263577147,0.997588623806,0.079027856869,1.14488226511,0.359373086534
7.916835,1.17124800857,-0.546222478349,-0.0749234613188,0.997165175563,0.0793195474922,1.14515503967,0.359623557117
7.926823,1.170828136,-0.546234530326,-0.0746733763816,0.996950433803,0.0791901892351,1.14524927228,0.360001204964
7.936812,1.17056344798,-0.546272308851,-0.0744197618506,0.997249311009,0.0788930486507,1.14531672299,0.359855698145
7.946800,1.17093102843,-0.546510116536,-0.0746889768104,0.997586669,0.0788961771166,1.14561727305,0.359816803706
7.956788,1.1712071486,-0.546948963157,-0.0748504986275,0.997720386307,0.0793960487552,1.14556652951,0.359708293445
7.966776,1.17112687681,-0.547059656139,-0.0748725663581,0.997470672995,0.0796954984807,1.14564145924,0.359489950343
7.976764,1.17147420689,-0.547129375582,-0.0752974874293,0.997266995316,0.0796748103164,1.14542476052,0.359423237058
7.986753,1.17115304463,-0.547151457907,-0.0754731504599,0.997347158022,0.0794072755913,1.14520484474,0.359426836165
7.996741,1.17059698668,-0.546521541713,-0.0749331629939,0.997326508604,0.0791992985032,1.14532912975,0.359520340723
8.006729,1.17062490599,-0.545833352131,-0.0746112407035,0.99759753821,0.079435607858,1.1454415499,0.359899218403
8.016717,1.17087435226,-0.545911652699,-0.0745813441701,0.997565115031,0.0792694672625,1.14544666964,0.359962513075
8.026706,1.17063997608,-0.54658002952,-0.0744551591713,0.997121984211,0.079063329001,1.14545536933,0.360016526636
8.036694,1.17041484897,-0.546883593993,-0.0746450306031,0.997125539087,0.0793151629328,1.14553405442,0.36013009363
8.046682,1.17085034736,-0.54674064335,-0.0749540586112,0.997285735569,0.0792114594741,1.14598032016,0.359962602271
8.056670,1.1713935753,-0.546611056507,-0.0748652363721,0.997131365904,0.078821683053,1.1463613125,0.359633656949
8.066658,1.17135173725,-0.546538368052,-0.0747737620612,0.997110779815,0.0789643717205,1.14585864039,0.359436337044
8.076647,1.17134469653,-0.546746105381,-0.0748558479793,0.997118935166,0.0789974616754,1.1452113753,0.359718783922
8.086635,1.17163455608,-0.546881566975,-0.0746761644242,0.997223876255,0.0790882345013,1.14528337847,0.360175869284
8.096623,1.17142666258,-0.5470093227,-0.0746327816213,0.997512349983,0.0792190528682,1.14547046347,0.359977501154
8.106611,1.17108027104,-0.546730443287,-0.0746971199097,0.997648632377,0.0790754262648,1.14503137246,0.3600459164
8.116599,1.17089283251,-0.546286346939,-0.0748018335864,0.99730641661,0.0790425122352,1.14495351985,0.360002620381
8.126588,1.17113633613,-0.546274605563,-0.0745618409112,0.997155338449,0.0791232045407,1.14493178146,0.359530373742
8.136576,1.1710388906,-0.546252740467,-0.07472608228,0.997330686502,0.0786402094234,1.14524244648,0.359127510988
8.146564,1.17135581651,-0.546509349598,-0.0747767182628,0.997254576277,0.0784977169628,1.14543475444,0.359199836997
8.156552,1.17150326126,-0.546636363324,-0.0746968198807,0.997119288611,0.0787827170463,1.14510861981,0.359385389989
8.166540,1.17089108794,-0.54662729711,-0.0749376353262,0.997130352477,0.0788275296862,1.14496334943,0.3597245413
8.176529,1.17051527489,-0.546481463209,-0.0747385995045,0.997247444065,0.0789656830198,1.14513250097,0.360071203378
8.186517,1.1707736844,-0.546013075133,-0.074388562423,0.997187491631,0.0793220368916,1.14527531424,0.360101820113
8.196505,1.17088820899,-0.545990944921,-0.0748293723595,0.996910207536,0.0792493347476,1.14539881291,0.360089552312
8.206493,1.17069289328,-0.546318885403,-0.074795221759,0.99716883348,0.0790305348546,1.14551252597,0.359967035546
8.216481,1.17065640258,-0.54637767796,-0.0749649230488,0.997242661568,0.079002245451,1.14593862823,0.359569862133
8.226470,1.17073341037,-0.546836838783,-0.0748718371594,0.996861577463,0.0791474257258,1.14552260331,0.359233232767
8.236458,1.17095488887,-0.547070768007,-0.0745649016137,0.996726935421,0.0793859565505,1.1450802247,0.359520964258
8.246446,1.17113946665,-0.546736907208,-0.0747181967509,0.996827427098,0.0789684208557,1.14528911887,0.359689903034
8.256434,1.17148745011,-0.546580087002,-0.0744957612147,0.997179427037,0.0789141543783,1.14528664348,0.359686051829
8.266422,1.17132453657,-0.546795136332,-0.0742677833806,0.997054034654,0.0792078710569,1.14523276661,0.359683375709
8.276411,1.17118509913,-0.546882118721,-0.0743196092883,0.997216728534,0.0791175317055,1.14555061168,0.359706343453
8.286399,1.17082002691,-0.546602718502,-0.0747033425371,0.997612303183,0.0788393994073,1.14533204546,0.359883670304
8.296387,1.17060415174,-0.546768354823,-0.0751797540969,0.997310428633,0.0789530095772,1.14504089752,0.360063076312
8.306375,1.17051582278,-0.54729454162,-0.0752471630151,0.996804511293,0.0790134041778,1.14530127703,0.36020517859
8.316363,1.17022482663,-0.547349047331,-0.0750579816688,0.997003570883,0.0786594897794,1.14527783421,0.360264922878
8.326352,1.17080868587,-0.5472457262,-0.0749432197392,0.997432140203,0.0787120427635,1.14499213486,0.359968466819
8.336340,1.17131096431,-0.54702376247,-0.0750126092634,0.997382743358,0.0787446983604,1.14535957194,0.35989907445
8.346328,1.17138839835,-0.546903663197,-0.0754554831448,0.997082471676,0.0785159504258,1.14576323209,0.360028463375
8.356316,1.17124475175,-0.546761068037,-0.0751246219936,0.996950851396,0.0787663467132,1.14565888171,0.359406021956
8.366304,1.17092243142,-0.54684969072,-0.0748143652721,0.997306255035,0.0787630300248,1.14547297148,0.35891004063
8.376293,1.17107838611,-0.546734982422,-0.0748935381867,0.997397846374,0.0789358703495,1.14518701853,0.358829679363
8.386281,1.17089455111,-0.546701471526,-0.0747855153718,0.997035743574,0.0792593446583,1.14565773571,0.359695945132
8.396269,1.170862109,-0.547097644351,-0.0746415883166,0.997212429204,0.0794053294022,1.14628109488,0.359748157299
8.406257,1.17101375744,-0.547158012393,-0.0745151147398,0.997455183489,0.0795545281251,1.14669914805,0.359911095158
8.416245,1.17119494653,-0.546849407293,-0.0748537703204,0.99731085523,0.0793361836703,1.1461340846,0.360169229681
8.426234,1.17134855774,-0.546687924187,-0.0750543033494,0.997253073455,0.0788618436796,1.14530505984,0.359999501404
8.436222,1.17121095654,-0.546808137322,-0.0748428141839,0.997027550563,0.0787820336499,1.1452624025,0.359721651969
8.446210,1.17089383069,-0.546906372384,-0.0747730808709,0.996693079228,0.0789766204866,1.1456184168,0.359549167623
8.456198,1.17084766372,-0.546814303846,-0.0744583939674,0.997371674411,0.0791041608078,1.14607619051,0.359940316898
8.466186,1.17097738256,-0.54682616072,-0.0745358317839,0.997821547227,0.0792377348561,1.14581766194,0.35999815892
8.476175,1.17040555196,-0.546520480958,-0.0746081422519,0.99721147839,0.0791443208655,1.14586874901,0.359909840018
8.486163,1.17035197888,-0.546751138712,-0.075205018088,0.996798746817,0.0792992263665,1.1457753857,0.359619210604
8.496151,1.17089556366,-0.547167545111,-0.0753401076082,0.996777427589,0.0793224128577,1.14575840081,0.359370902604
8.506139,1.17139618861,-0.546930627113,-0.074987589635,0.997079124655,0.079064940306,1.14532952225,0.359490578179
8.516127,1.17094672148,-0.546711514047,-0.0751678710466,0.997621908718,0.0787910904517,1.14564137244,0.359627728516
8.526116,1.17045610095,-0.546717300215,-0.0752085243217,0.997824070098,0.0790612308682,1.14597218489,0.359833426046
8.536104,1.17106210087,-0.546723472058,-0.0750554092154,0.997450335852,0.079170794535,1.14564416356,0.359973439564
8.546092,1.17163076806,-0.546745430572,-0.0748914077302,0.997144831179,0.0791840659479,1.14563948706,0.359994171271
8.556080,1.1710888412,-0.546917059341,-0.0748679594498,0.997260500394,0.079207780917,1.14567679894,0.360120616015
8.566069,1.17057362894,-0.547237387593,-0.0750310340507,0.997312405886,0.0791642641858,1.1454482923,0.360051277965
8.576057,1.17092360775,-0.547249132532,-0.0748245428685,0.997002936092,0.0793566582696,1.14550986727,0.359754198009
8.586045,1.17117070752,-0.546925824181,-0.0744796826166,0.996751226453,0.0793796061963,1.14541255398,0.359819861551
8.596033,1.17134981286,-0.546906331331,-0.0747256442484,0.996718882584,0.0792868432038,1.14551756461,0.359537768787
8.606021,1.17070408525,-0.54659152377,-0.0750028723099,0.996865893819,0.0789867599152,1.14541976926,0.359335334899
8.616010,1.17039687827,-0.546746342699,-0.0750108687497,0.997128412547,0.0787604107183,1.14545065927,0.359549682814
8.625998,1.17070384603,-0.547057151013,-0.0748402747249,0.996783683497,0.0789948741683,1.14509605502,0.35980406538
8.635986,1.17072408905,-0.54712738668,-0.0749579368534,0.997100757899,0.0794989119563,1.14489805403,0.359683148608
8.645974,1.17086867384,-0.546917130348,-0.0750511899487,0.997260073688,0.0795408673978,1.14497214256,0.359540857313
8.655962,1.17136664875,-0.546813099283,-0.0748264674217,0.997337343617,0.0795971532531,1.1455502329,0.359393236326
8.665951,1.17130829275,-0.54700004192,-0.0745090048289,0.997447537038,0.0795360750945,1.14560647271,0.359755079548
8.675939,1.1711615377,-0.547170744287,-0.0745156690381,0.997133594727,0.079185685685,1.14516343536,0.35974965497
8.685927,1.17129853595,-0.547179966071,-0.074836613362,0.996922243193,0.0787075158134,1.14527012744,0.359392916502
8.695915,1.17107352425,-0.547054638794,-0.0750525672379,0.99720619989,0.078543803048,1.14589557267,0.359662337146
8.705903,1.17096092494,-0.546840829375,-0.0749674845681,0.997232593092,0.0789379798738,1.14594581444,0.359795162291
8.715892,1.17149161559,-0.546916823437,-0.0748355435517,0.996994221884,0.078895466279,1.14527737667,0.359687300797
8.725880,1.17112779768,-0.547149956738,-0.074939918092,0.997202526547,0.0787511970793,1.14540774743,0.359787262399
8.735868,1.17045836372,-0.54714072715,-0.0747704180928,0.996933683121,0.0789215965685,1.14521231205,0.359544440942
8.745856,1.17046147079,-0.546977270356,-0.0746982300592,0.997011037843,0.07899541202,1.14545923778,0.359357406583
8.755844,1.17059452342,-0.547070198703,-0.074743327723,0.997102053968,0.0789949697259,1.14541879419,0.359623179154
8.765833,1.17081320667,-0.546961251119,-0.074963912794,0.997162446809,0.0789654478272,1.1453143408,0.359455354266
8.775821,1.1709332591,-0.54682484522,-0.0750662603468,0.997552775894,0.0788300012045,1.14533669086,0.359620649504
8.785809,1.17093374427,-0.546676836718,-0.0748834640919,0.997436606272,0.0794700203113,1.14555864119,0.359684303522
8.795797,1.17094600446,-0.547062267357,-0.0749127303102,0.997335923929,0.0797298779375,1.14588477819,0.359553426416
8.805785,1.1711083029,-0.547419470553,-0.0750854314444,0.997620001631,0.0795913762373,1.14589592548,0.359704356644
8.815774,1.17128434535,-0.547408351463,-0.0752454335908,0.99740712913,0.0797453701242,1.14557771322,0.359893268903
8.825762,1.17106075233,-0.547360436896,-0.0754519174725,0.997043725542,0.0796440134279,1.14535060107,0.359903404793
8.835750,1.17081375073,-0.547142929848,-0.0753716345687,0.997322018976,0.079521130267,1.14532848344,0.359691185562
